5,40,14,0,1
5,41,14,0,1
5,42,14,0,1
5,43,14,0,1
5,44,14,0,1
5,45,14,0,1
5,46,14,0,1
5,47,14,0,1
5,48,14,0,1
5,49,14,0,1
5,40,15,0,1
5,41,15,0,1
5,42,15,0,1
5,43,15,0,1
5,44,15,0,1
5,45,15,0,1
5,46,15,0,1
5,47,15,0,1
5,48,15,0,1
5,49,15,0,1
5,53,14,0,1
5,54,14,0,1
5,55,14,0,1
5,56,14,0,1
5,57,14,0,1
5,58,14,0,1
5,59,14,0,1
5,60,14,0,1
5,61,14,0,1
5,62,14,0,1
5,63,14,0,1
5,53,15,0,1
5,54,15,0,1
5,55,15,0,1
5,56,15,0,1
5,57,15,0,1
5,58,15,0,1
5,59,15,0,1
5,60,15,0,1
5,61,15,0,1
5,62,15,0,1
5,63,15,0,1
5,64,12,0,1
5,67,12,0,1
5,70,12,0,1
5,71,14,0,1
5,72,14,0,1
5,73,14,0,1
5,74,14,0,1
5,75,14,0,1
5,76,14,0,1
5,77,14,0,1
5,78,14,0,1
5,79,14,0,1
5,80,14,0,1
5,81,14,0,1
5,82,14,0,1
5,83,14,0,1
5,84,14,0,1
5,85,14,0,1
5,86,14,0,1
5,87,14,0,1
5,88,14,0,1
5,89,14,0,1
5,71,15,0,1
5,72,15,0,1
5,73,15,0,1
5,74,15,0,1
5,75,15,0,1
5,76,15,0,1
5,77,15,0,1
5,78,15,0,1
5,79,15,0,1
5,80,15,0,1
5,81,15,0,1
5,82,15,0,1
5,83,15,0,1
5,84,15,0,1
5,85,15,0,1
5,86,15,0,1
5,87,15,0,1
5,88,15,0,1
5,89,15,0,1
0,45,5,1,3
0,60,4,1,3
0,80,6,1,3