5,90,14,0,1
5,91,14,0,1
5,92,14,0,1
5,93,14,0,1
5,94,14,0,1
5,90,15,0,1
5,91,15,0,1
5,92,15,0,1
5,93,15,0,1
5,94,15,0,1
5,96,12,0,1
5,99,12,0,1
5,102,12,0,1
5,104,11,0,1
5,107,10,0,1
5,108,14,0,1
5,109,14,0,1
5,110,14,0,1
5,108,15,0,1
5,109,15,0,1
5,110,15,0,1
5,112,12,0,1
5,115,11,0,1
5,116,14,0,1
5,117,14,0,1
5,116,15,0,1
5,117,15,0,1
5,119,12,0,1
5,122,11,0,1
5,125,12,0,1
5,126,14,0,1
5,127,14,0,1
5,128,14,0,1
5,129,14,0,1
5,130,14,0,1
5,131,14,0,1
5,132,14,0,1
5,133,14,0,1
5,134,14,0,1
5,135,14,0,1
5,136,14,0,1
5,137,14,0,1
5,126,15,0,1
5,127,15,0,1
5,128,15,0,1
5,129,15,0,1
5,130,15,0,1
5,131,15,0,1
5,132,15,0,1
5,133,15,0,1
5,134,15,0,1
5,135,15,0,1
5,136,15,0,1
5,137,15,0,1
5,139,12,0,1
5,142,10,0,1
5,143,12,0,1
5,144,12,0,1
5,145,12,0,1
5,146,14,0,1
5,147,14,0,1
5,148,14,0,1
5,149,14,0,1
5,150,14,0,1
5,151,14,0,1
5,152,14,0,1
5,153,14,0,1
5,154,14,0,1
5,155,14,0,1
5,156,14,0,1
5,157,14,0,1
5,158,14,0,1
5,159,14,0,1
5,146,15,0,1
5,147,15,0,1
5,148,15,0,1
5,149,15,0,1
5,150,15,0,1
5,151,15,0,1
5,152,15,0,1
5,153,15,0,1
5,154,15,0,1
5,155,15,0,1
5,156,15,0,1
5,157,15,0,1
5,158,15,0,1
5,159,15,0,1
0,100,4,1,3
0,120,3,1,3
0,140,5,1,3
