left edge flash-0,16,15,0,1
horizontal flash-0,17,15,0,1
horizontal flash-0,18,15,0,1
right edge flash-0,19,15,0,1
square flash-1,20,15,0,1
left edge flash-2,21,15,0,1
horizontal flash-2,22,15,0,1
right edge flash-2,23,15,0,1
left edge flash-0,24,15,0,1
right edge flash-0,25,15,0,1
left edge flash-1,26,15,0,1
horizontal flash-1,27,15,0,1
right edge flash-1,28,15,0,1
square flash-2,29,15,0,1
square flash-0,30,15,0,1
left edge flash-1,31,15,0,1
right edge flash-1,33,15,0,1
horizontal flash-1,32,15,0,1
left edge flash-0,34,15,0,1
right edge flash-0,35,15,0,1
left edge flash-2,36,15,0,1
horizontal flash-2,37,15,0,1
right edge flash-2,38,15,0,1
square flash-1,16,17,0,1
square flash-2,17,17,0,1
left edge flash-0,18,17,0,1
right edge flash-0,19,17,0,1
square flash-0,39,15,0,1
left edge flash-1,40,15,0,1
right edge flash-1,41,15,0,1
left edge flash-1,20,17,0,1
right edge flash-1,21,17,0,1
square flash-2,21,18,0,1
top edge flash-0,21,19,0,1
bottom edge flash-2,16,14,0,1
top edge flash-2,16,13,0,1
square flash-1,16,12,0,1
bottom edge flash-0,16,11,0,1
vertical flash-0,16,10,0,1
top edge flash-0,16,9,0,1
bottom edge flash-2,16,8,0,1
top edge flash-2,16,7,0,1
square flash-0,16,6,0,1
left edge flash-1,17,6,0,1
horizontal flash-1,18,6,0,1
right edge flash-1,19,6,0,1
left edge flash-2,20,6,0,1
right edge flash-2,21,6,0,1
right edge flash-0,23,6,0,1
left edge flash-0,22,6,0,1
square flash-1,24,6,0,1
left edge flash-2,25,6,0,1
horizontal flash-2,26,6,0,1
horizontal flash-2,27,6,0,1
right edge flash-2,28,6,0,1
square flash-0,29,6,0,1
left edge flash-1,30,6,0,1
right edge flash-1,31,6,0,1
square flash-2,32,6,0,1
left edge flash-0,32,7,0,1
right edge flash-0,33,7,0,1
left edge flash-2,34,7,0,1
horizontal flash-2,35,7,0,1
right edge flash-2,36,7,0,1
square flash-0,37,7,0,1
bottom edge flash-1,37,6,0,1
square flash-1,32,8,0,1
top edge flash-2,32,9,0,1
bottom edge flash-2,32,10,0,1
square flash-0,32,11,0,1
left edge flash-1,32,12,0,1
horizontal flash-1,33,12,0,1
right edge flash-1,34,12,0,1
square flash-1,33,9,0,1
left edge flash-0,34,9,0,1
right edge flash-0,35,9,0,1
left edge flash-2,36,9,0,1
right edge flash-2,38,9,0,1
horizontal flash-2,37,9,0,1
square flash-2,35,12,0,1
left edge flash-0,36,12,0,1
horizontal flash-0,37,12,0,1
right edge flash-0,38,12,0,1
square flash-1,39,12,0,1
square flash-1,40,12,0,1
bottom edge flash-0,41,12,0,1
top edge flash-0,41,11,0,1
square flash-2,22,17,0,1
left edge flash-0,23,17,0,1
right edge flash-0,25,17,0,1
horizontal flash-0,24,17,0,1
square flash-1,26,17,0,1
top edge flash-2,27,17,0,1
bottom edge flash-2,27,18,0,1
top edge flash-1,27,19,0,1
left edge flash-0,28,17,0,1
right edge flash-0,29,17,0,1
square flash-1,30,17,0,1
square flash-2,31,17,0,1
left edge flash-0,32,17,0,1
right edge flash-0,33,17,0,1
square flash-1,34,17,0,1
top edge flash-2,35,17,0,1
bottom edge flash-2,35,18,0,1
top edge flash-1,35,19,0,1
square flash-2,16,16,0,1
left edge flash-0,36,17,0,1
horizontal flash-0,37,17,0,1
horizontal flash-0,38,17,0,1
right edge flash-0,39,17,0,1
square flash-1,40,17,0,1
square flash-2,41,17,0,1
square flash-2,42,15,0,1
left edge flash-1,42,17,0,1
right edge flash-1,43,17,0,1
square flash-2,43,18,0,1
top edge flash-0,43,19,0,1
left edge flash-0,43,15,0,1
right edge flash-0,45,15,0,1
horizontal flash-0,44,15,0,1
left edge flash-1,42,12,0,1
horizontal flash-1,43,12,0,1
right edge flash-1,44,12,0,1
left edge flash-1,38,7,0,1
horizontal flash-1,39,7,0,1
right edge flash-1,40,7,0,1
square flash-2,41,7,0,1
left edge flash-0,42,7,0,1
horizontal flash-0,43,7,0,1
horizontal flash-0,44,7,0,1
horizontal flash-0,45,7,0,1
square flash-2,45,12,0,1
square flash-1,46,12,0,1
bottom edge flash-0,47,12,0,1
right edge flash-1,47,9,0,1
left edge flash-1,46,9,0,1
right edge flash-0,45,9,0,1
left edge flash-0,44,9,0,1
square flash-1,43,9,0,1
square flash-0,42,9,0,1
right edge flash-1,41,9,0,1
left edge flash-1,40,9,0,1
square flash-0,39,9,0,1
square flash-2,41,10,0,1
square flash-1,46,15,0,1
square flash-2,47,15,0,1
left edge flash-0,48,15,0,1
horizontal flash-0,49,15,0,1
horizontal flash-0,50,15,0,1
right edge flash-0,51,15,0,1
left edge flash-2,44,17,0,1
horizontal flash-2,45,17,0,1
horizontal flash-2,46,17,0,1
right edge flash-2,47,17,0,1
left edge flash-0,48,17,0,1
right edge flash-0,49,17,0,1
square flash-1,50,17,0,1
top edge flash-1,50,18,0,1
vertical flash-1,50,19,0,1
vertical flash-1,50,20,0,1
vertical flash-1,50,21,0,1
vertical flash-1,50,22,0,1
vertical flash-0,43,20,0,1
vertical flash-0,43,21,0,1
vertical flash-0,43,22,0,1
vertical flash-1,35,20,0,1
vertical flash-1,35,21,0,1
vertical flash-1,35,22,0,1
vertical flash-1,27,20,0,1
vertical flash-1,27,21,0,1
vertical flash-1,27,22,0,1
vertical flash-0,21,20,0,1
vertical flash-0,21,21,0,1
vertical flash-0,21,22,0,1
square flash-0,52,17,0,1
square flash-2,52,16,0,1
square flash-1,52,15,0,1
left edge flash-1,52,18,0,1
horizontal flash-1,53,18,0,1
right edge flash-1,54,18,0,1
square flash-2,55,18,0,1
left edge flash-0,56,18,0,1
horizontal flash-0,57,18,0,1
horizontal flash-0,58,18,0,1
right edge flash-0,59,18,0,1
top edge flash-2,58,19,0,1
vertical flash-2,58,20,0,1
vertical flash-2,58,21,0,1
vertical flash-1,37,3,0,1
vertical flash-1,37,4,0,1
vertical flash-1,37,5,0,1
vertical flash-1,37,2,0,1
square flash-2,48,9,0,1
left edge flash-0,49,9,0,1
horizontal flash-0,50,9,0,1
right edge flash-0,51,9,0,1
square flash-1,52,9,0,1
left edge flash-2,53,9,0,1
horizontal flash-2,54,9,0,1
right edge flash-2,55,9,0,1
left edge flash-0,56,9,0,1
right edge flash-0,57,9,0,1
square flash-1,58,9,0,1
left edge flash-2,59,9,0,1
horizontal flash-2,60,9,0,1
horizontal flash-2,61,9,0,1
right edge flash-2,62,9,0,1
right edge flash-0,46,7,0,1
bottom edge flash-2,45,6,0,1
vertical flash-2,45,2,0,1
vertical flash-2,45,3,0,1
vertical flash-2,45,4,0,1
vertical flash-2,45,5,0,1
square flash-1,47,7,0,1
left edge flash-2,48,7,0,1
right edge flash-2,49,7,0,1
left edge flash-1,50,7,0,1
horizontal flash-1,51,7,0,1
right edge flash-1,52,7,0,1
square flash-2,53,7,0,1
left edge flash-0,54,7,0,1
horizontal flash-0,55,7,0,1
right edge flash-0,56,7,0,1
square flash-1,57,7,0,1
left edge flash-2,58,7,0,1
horizontal flash-2,59,7,0,1
right edge flash-2,60,7,0,1
square flash-0,61,7,0,1
left edge flash-1,62,7,0,1
right edge flash-1,63,7,0,1
square flash-2,63,6,0,1
square flash-2,63,8,0,1
square flash-0,63,9,0,1
left edge flash-1,50,12,0,1
horizontal flash-1,51,12,0,1
right edge flash-1,52,12,0,1
square flash-2,53,12,0,1
square flash-2,54,12,0,1
left edge flash-0,55,12,0,1
horizontal flash-0,56,12,0,1
right edge flash-0,57,12,0,1
right edge flash-1,59,12,0,1
left edge flash-1,58,12,0,1
square flash-2,60,12,0,1
left edge flash-0,61,12,0,1
horizontal flash-0,62,12,0,1
horizontal flash-0,63,12,0,1
right edge flash-0,64,12,0,1
square flash-1,60,18,0,1
left edge flash-2,61,18,0,1
horizontal flash-2,62,18,0,1
horizontal flash-2,63,18,0,1
right edge flash-2,64,18,0,1
square flash-0,65,18,0,1
square flash-1,66,18,0,1
top edge flash-1,65,19,0,1
vertical flash-1,65,20,0,1
vertical flash-1,65,21,0,1
bottom edge flash-1,65,22,0,1
left edge flash-2,67,18,0,1
horizontal flash-2,68,18,0,1
horizontal flash-2,69,18,0,1
right edge flash-2,70,18,0,1
square flash-0,71,18,0,1
left edge flash-1,72,18,0,1
right edge flash-1,73,18,0,1
square flash-2,74,18,0,1
square flash-0,75,18,0,1
top edge flash-1,75,19,0,1
vertical flash-1,75,20,0,1
vertical flash-1,75,21,0,1
vertical flash-1,75,23,0,1
bottom edge flash-1,75,24,0,1
vertical flash-1,75,22,0,1
left edge flash-2,76,18,0,1
right edge flash-2,77,18,0,1
square flash-0,78,18,0,1
left edge flash-1,79,18,0,1
horizontal flash-1,80,18,0,1
right edge flash-1,81,18,0,1
left edge flash-0,82,18,0,1
horizontal flash-0,83,18,0,1
right edge flash-0,84,18,0,1
left edge flash-0,64,6,0,1
horizontal flash-0,65,6,0,1
right edge flash-0,66,6,0,1
square flash-1,67,6,0,1
left edge flash-2,68,6,0,1
right edge flash-2,69,6,0,1
square flash-0,70,6,0,1
left edge flash-1,71,6,0,1
horizontal flash-1,72,6,0,1
horizontal flash-1,73,6,0,1
right edge flash-1,74,6,0,1
square flash-2,75,6,0,1
left edge flash-0,76,6,0,1
horizontal flash-0,77,6,0,1
horizontal flash-0,78,6,0,1
right edge flash-0,79,6,0,1
left edge flash-1,80,6,0,1
horizontal flash-1,81,6,0,1
right edge flash-1,82,6,0,1
square flash-2,83,6,0,1
left edge flash-0,84,6,0,1
horizontal flash-0,85,6,0,1
right edge flash-0,86,6,0,1
top edge flash-1,85,7,0,1
bottom edge flash-1,85,8,0,1
top edge flash-0,85,9,0,1
vertical flash-0,85,10,0,1
vertical flash-0,85,11,0,1
bottom edge flash-0,85,12,0,1
square flash-1,65,12,0,1
left edge flash-2,66,12,0,1
horizontal flash-2,67,12,0,1
right edge flash-2,68,12,0,1
square flash-0,69,12,0,1
square flash-2,70,12,0,1
left edge flash-0,66,9,0,1
right edge flash-0,67,9,0,1
square flash-1,68,9,0,1
left edge flash-2,69,9,0,1
horizontal flash-2,70,9,0,1
right edge flash-2,71,9,0,1
left edge flash-1,72,9,0,1
right edge flash-1,73,9,0,1
square flash-1,74,9,0,1
square flash-2,73,10,0,1
top edge flash-0,73,11,0,1
bottom edge flash-0,73,12,0,1
left edge flash-2,74,12,0,1
right edge flash-2,75,12,0,1
square flash-0,76,12,0,1
left edge flash-1,77,12,0,1
right edge flash-1,78,12,0,1
square flash-2,79,12,0,1
left edge flash-0,80,12,0,1
right edge flash-0,81,12,0,1
left edge flash-2,75,9,0,1
horizontal flash-2,76,9,0,1
right edge flash-2,77,9,0,1
left edge flash-0,78,9,0,1
right edge flash-0,79,9,0,1
square flash-1,80,9,0,1
square flash-2,81,9,0,1
square flash-0,82,9,0,1
top edge flash-1,82,10,0,1
vertical flash-1,82,11,0,1
bottom edge flash-1,82,12,0,1
square flash-2,55,15,0,1
left edge flash-1,56,15,0,1
horizontal flash-1,57,15,0,1
right edge flash-1,58,15,0,1
square flash-2,59,15,0,1
left edge flash-0,60,15,0,1
right edge flash-0,61,15,0,1
square flash-1,62,15,0,1
square flash-0,67,15,0,1
left edge flash-1,68,15,0,1
right edge flash-1,69,15,0,1
left edge flash-0,70,15,0,1
horizontal flash-0,71,15,0,1
horizontal flash-0,72,15,0,1
horizontal flash-0,73,15,0,1
right edge flash-0,74,15,0,1
square flash-1,76,15,0,1
square flash-1,75,15,0,1
left edge flash-2,77,15,0,1
horizontal flash-2,78,15,0,1
horizontal flash-2,79,15,0,1
right edge flash-2,80,15,0,1
square flash-0,81,15,0,1
square flash-1,82,15,0,1
left edge flash-2,83,15,0,1
horizontal flash-2,84,15,0,1
right edge flash-2,85,15,0,1
square flash-1,85,18,0,1
left edge flash-2,86,18,0,1
right edge flash-2,87,18,0,1
square flash-0,88,18,0,1
left edge flash-1,89,18,0,1
horizontal flash-1,90,18,0,1
right edge flash-1,91,18,0,1
square flash-2,92,18,0,1
left edge flash-0,93,18,0,1
horizontal flash-0,94,18,0,1
right edge flash-0,95,18,0,1
top edge flash-1,93,19,0,1
vertical flash-1,93,20,0,1
vertical flash-1,93,21,0,1
vertical flash-1,93,22,0,1
vertical flash-1,93,23,0,1
bottom edge flash-1,93,24,0,1
top edge flash-2,96,17,0,1
bottom edge flash-2,96,18,0,1
square flash-1,96,16,0,1
left edge flash-0,96,15,0,1
right edge flash-0,97,15,0,1
square flash-1,98,15,0,1
top edge flash-2,99,15,0,1
bottom edge flash-2,99,16,0,1
top edge flash-1,99,17,0,1
vertical flash-1,99,18,0,1
vertical flash-1,99,19,0,1
vertical flash-1,99,20,0,1
vertical flash-1,99,21,0,1
vertical flash-1,99,22,0,1
vertical flash-1,99,23,0,1
bottom edge flash-1,99,24,0,1
left edge flash-1,92,15,0,1
horizontal flash-1,93,15,0,1
horizontal flash-1,94,15,0,1
right edge flash-1,95,15,0,1
square flash-0,91,15,0,1
right edge flash-2,90,15,0,1
left edge flash-2,88,15,0,1
horizontal flash-2,89,15,0,1
square flash-1,88,9,0,1
left edge flash-2,89,9,0,1
horizontal flash-2,90,9,0,1
right edge flash-2,91,9,0,1
square flash-0,92,9,0,1
left edge flash-1,93,9,0,1
right edge flash-1,94,9,0,1
square flash-2,95,9,0,1
left edge flash-0,97,9,0,1
horizontal flash-0,98,9,0,1
horizontal flash-0,99,9,0,1
right edge flash-0,100,9,0,1
square flash-1,101,9,0,1
left edge flash-2,102,9,0,1
right edge flash-2,103,9,0,1
top edge flash-0,104,9,0,1
vertical flash-0,104,10,0,1
bottom edge flash-0,104,11,0,1
square flash-1,104,12,0,1
left edge flash-0,104,13,0,1
right edge flash-0,105,13,0,1
square flash-1,106,13,0,1
square flash-1,104,14,0,1
left edge flash-2,104,15,0,1
right edge flash-2,105,15,0,1
left edge flash-1,106,15,0,1
horizontal flash-1,107,15,0,1
right edge flash-1,108,15,0,1
square flash-2,107,13,0,1
left edge flash-0,108,13,0,1
right edge flash-0,109,13,0,1
square flash-2,109,15,0,1
left edge flash-0,110,15,0,1
right edge flash-0,111,15,0,1
square flash-2,111,14,0,1
left edge flash-1,110,13,0,1
right edge flash-1,111,13,0,1
square flash-0,107,10,0,1
square flash-2,107,9,0,1
left edge flash-1,108,10,0,1
right edge flash-1,109,10,0,1
top edge flash-1,107,7,0,1
bottom edge flash-1,107,8,0,1
square flash-2,107,6,0,1
left edge flash-1,103,6,0,1
horizontal flash-1,104,6,0,1
horizontal flash-1,105,6,0,1
right edge flash-1,106,6,0,1
square flash-0,102,6,0,1
left edge flash-2,100,6,0,1
right edge flash-2,101,6,0,1
square flash-0,99,6,0,1
horizontal flash-2,97,6,0,1
right edge flash-2,98,6,0,1
left edge flash-2,95,6,0,1
horizontal flash-2,96,6,0,1
square flash-1,94,6,0,1
horizontal flash-0,91,6,0,1
horizontal flash-0,92,6,0,1
right edge flash-0,93,6,0,1
left edge flash-0,90,6,0,1
left edge flash-2,88,6,0,1
right edge flash-2,89,6,0,1
square flash-1,87,6,0,1
top edge flash-0,110,9,0,1
bottom edge flash-0,110,10,0,1
top edge flash-2,110,7,0,1
bottom edge flash-2,110,8,0,1
square flash-0,110,6,0,1
left edge flash-1,111,6,0,1
horizontal flash-1,112,6,0,1
horizontal flash-1,113,6,0,1
right edge flash-1,114,6,0,1
square flash-2,115,6,0,1
right edge flash-2,116,6,0,1
left edge flash-0,117,6,0,1
right edge flash-0,118,6,0,1
square flash-1,119,6,0,1
left edge flash-2,120,6,0,1
right edge flash-2,121,6,0,1
left edge flash-0,122,6,0,1
horizontal flash-0,123,6,0,1
right edge flash-0,124,6,0,1
square flash-1,125,6,0,1
left edge flash-2,126,6,0,1
right edge flash-2,127,6,0,1
top edge flash-1,127,7,0,1
bottom edge flash-1,127,8,0,1
top edge flash-0,127,9,0,1
bottom edge flash-0,127,10,0,1
square flash-1,127,11,0,1
square flash-2,127,12,0,1
top edge flash-0,127,13,0,1
vertical flash-0,127,14,0,1
bottom edge flash-0,127,15,0,1
square flash-1,127,16,0,1
top edge flash-2,127,17,0,1
vertical flash-2,127,18,0,1
bottom edge flash-2,127,19,0,1
square flash-0,127,20,0,1
top edge flash-1,127,21,0,1
vertical flash-1,127,22,0,1
bottom edge flash-1,127,23,0,1
square flash-2,127,24,0,1
top edge flash-0,127,25,0,1
vertical flash-0,127,26,0,1
vertical flash-0,127,27,0,1
bottom edge flash-0,127,28,0,1
top edge flash-1,114,12,0,1
vertical flash-1,114,13,0,1
bottom edge flash-1,114,14,0,1
square flash-2,114,15,0,1
left edge flash-0,115,15,0,1
horizontal flash-0,116,15,0,1
right edge flash-0,117,15,0,1
square flash-1,118,15,0,1
square flash-0,121,15,0,1
square flash-1,121,16,0,1
top edge flash-0,121,17,0,1
bottom edge flash-0,121,18,0,1
square flash-1,121,19,0,1
square flash-1,120,18,0,1
left edge flash-2,118,18,0,1
right edge flash-2,119,18,0,1
square flash-0,117,18,0,1
left edge flash-2,113,18,0,1
horizontal flash-2,114,18,0,1
horizontal flash-2,115,18,0,1
right edge flash-2,116,18,0,1
square flash-1,112,18,0,1
left edge flash-1,111,18,0,1
horizontal flash-0,109,18,0,1
right edge flash-0,110,18,0,1
left edge flash-0,107,18,0,1
horizontal flash-0,108,18,0,1
top edge flash-1,109,19,0,1
vertical flash-1,109,20,0,1
vertical flash-1,109,21,0,1
vertical flash-1,109,22,0,1
vertical flash-1,109,23,0,1
bottom edge flash-1,109,24,0,1
square flash-2,106,18,0,1
left edge flash-1,103,18,0,1
horizontal flash-1,104,18,0,1
right edge flash-1,105,18,0,1
top edge flash-2,104,19,0,1
vertical flash-2,104,20,0,1
vertical flash-2,104,21,0,1
vertical flash-2,104,22,0,1
vertical flash-2,104,23,0,1
bottom edge flash-2,104,24,0,1
square flash-0,102,18,0,1
top edge flash-2,101,15,0,1
vertical flash-2,101,16,0,1
vertical flash-2,101,17,0,1
bottom edge flash-2,101,18,0,1
top edge flash-1,101,13,0,1
bottom edge flash-1,101,14,0,1
left edge flash-0,99,12,0,1
horizontal flash-0,100,12,0,1
right edge flash-0,101,12,0,1
square flash-2,98,12,0,1
left edge flash-1,95,12,0,1
horizontal flash-1,96,12,0,1
right edge flash-1,97,12,0,1
square flash-0,94,12,0,1
top edge flash-2,94,13,0,1
bottom edge flash-2,94,14,0,1
square flash-0,114,11,0,1
top edge flash-2,114,9,0,1
bottom edge flash-2,114,10,0,1
square flash-1,115,9,0,1
left edge flash-2,116,9,0,1
horizontal flash-2,117,9,0,1
horizontal flash-2,118,9,0,1
right edge flash-2,119,9,0,1
square flash-0,120,9,0,1
left edge flash-1,121,9,0,1
horizontal flash-1,122,9,0,1
right edge flash-1,123,9,0,1
square flash-2,124,9,0,1
top edge flash-0,124,10,0,1
vertical flash-0,124,11,0,1
vertical flash-0,124,12,0,1
bottom edge flash-0,124,13,0,1
square flash-1,124,14,0,1
top edge flash-2,124,15,0,1
bottom edge flash-2,124,16,0,1
top edge flash-1,124,17,0,1
vertical flash-1,124,18,0,1
vertical flash-1,124,19,0,1
vertical flash-1,124,20,0,1
bottom edge flash-1,124,21,0,1
square flash-2,124,22,0,1
top edge flash-0,121,21,0,1
bottom edge flash-0,121,22,0,1
square flash-1,120,22,0,1
left edge flash-0,118,22,0,1
right edge flash-0,119,22,0,1
square flash-2,117,22,0,1
right edge flash-1,116,22,0,1
left edge flash-1,114,22,0,1
horizontal flash-1,115,22,0,1
left edge flash-0,110,22,0,1
horizontal flash-0,111,22,0,1
horizontal flash-0,112,22,0,1
right edge flash-0,113,22,0,1
top edge flash-0,124,23,0,1
vertical flash-0,124,24,0,1
bottom edge flash-0,124,25,0,1
square flash-1,124,26,0,1
square flash-2,124,27,0,1
left edge flash-2,63,15,0,1
horizontal flash-2,64,15,0,1
horizontal flash-2,65,15,0,1
right edge flash-2,66,15,0,1
square flash-2,96,9,0,1
0,18,8,3,1
0,18,9,3,1
0,18,10,3,1
0,18,11,3,1
0,18,12,3,1
0,18,13,3,1
0,18,14,3,1
0,20,8,3,1
0,20,9,3,1
0,20,10,3,1
0,20,11,3,1
0,20,12,3,1
0,20,13,3,1
0,20,14,3,1
0,22,8,3,1
0,22,9,3,1
0,22,10,3,1
0,22,11,3,1
0,22,12,3,1
0,22,13,3,1
0,22,14,3,1
0,24,8,3,1
0,24,9,3,1
0,24,10,3,1
0,24,11,3,1
0,24,12,3,1
0,24,13,3,1
0,24,14,3,1
0,26,8,3,1
0,26,9,3,1
0,26,10,3,1
0,26,11,3,1
0,26,12,3,1
0,26,13,3,1
0,26,14,3,1
0,28,8,3,1
0,28,9,3,1
0,28,10,3,1
0,28,11,3,1
0,28,12,3,1
0,28,13,3,1
0,28,14,3,1
0,30,8,3,1
0,30,9,3,1
0,30,10,3,1
0,30,11,3,1
0,30,12,3,1
0,30,13,3,1
0,30,14,3,1
0,17,7,0,1
0,18,7,0,1
0,19,7,0,1
0,20,7,0,1
0,21,7,0,1
0,22,7,0,1
0,23,7,0,1
0,24,7,0,1
0,25,7,0,1
0,26,7,0,1
0,27,7,0,1
0,28,7,0,1
0,29,7,0,1
0,30,7,0,1
0,31,7,0,1
0,32,14,3,1
0,17,8,4,1
0,17,9,4,1
0,17,10,4,1
0,17,11,4,1
0,17,12,4,1
0,17,13,4,1
0,17,14,4,1
0,19,8,4,1
0,19,9,4,1
0,19,10,4,1
0,19,11,4,1
0,19,12,4,1
0,19,13,4,1
0,19,14,4,1
0,21,8,4,1
0,21,9,4,1
0,21,10,4,1
0,21,11,4,1
0,21,12,4,1
0,21,13,4,1
0,21,14,4,1
0,23,8,4,1
0,23,9,4,1
0,23,10,4,1
0,23,11,4,1
0,23,12,4,1
0,23,13,4,1
0,23,14,4,1
0,25,8,4,1
0,25,9,4,1
0,25,10,4,1
0,25,11,4,1
0,25,12,4,1
0,25,13,4,1
0,25,14,4,1
0,27,8,4,1
0,27,9,4,1
0,27,10,4,1
0,27,11,4,1
0,27,12,4,1
0,27,13,4,1
0,27,14,4,1
0,29,8,4,1
0,29,9,4,1
0,29,10,4,1
0,29,11,4,1
0,29,12,4,1
0,29,13,4,1
0,29,14,4,1
0,31,8,4,1
0,31,9,4,1
0,31,10,4,1
0,31,11,4,1
0,31,12,4,1
0,31,13,4,1
0,31,14,4,1
0,33,14,4,1
0,35,14,4,1
0,37,14,4,1
0,39,14,4,1
0,41,14,4,1
0,43,14,4,1
0,45,14,4,1
0,47,14,4,1
0,32,13,0,1
0,33,13,0,1
0,34,13,0,1
0,35,13,0,1
0,36,13,0,1
0,37,13,0,1
0,38,13,0,1
0,39,13,0,1
0,40,13,0,1
0,41,13,0,1
0,42,13,0,1
0,43,13,0,1
0,44,13,0,1
0,45,13,0,1
0,46,13,0,1
0,47,13,0,1
0,34,14,3,1
0,36,14,3,1
0,38,14,3,1
0,40,14,3,1
0,42,14,3,1
0,44,14,3,1
0,46,14,3,1
0,33,8,0,1
0,34,8,0,1
0,35,8,0,1
0,36,8,0,1
0,37,8,0,1
0,38,8,0,1
0,39,8,0,1
0,40,8,0,1
0,41,8,0,1
0,42,8,0,1
0,43,8,0,1
0,44,8,0,1
0,45,8,0,1
0,46,8,0,1
0,47,8,0,1
0,48,8,0,1
0,49,8,0,1
0,50,8,0,1
0,51,8,0,1
0,53,8,0,1
0,54,8,0,1
0,55,8,0,1
0,56,8,0,1
0,57,8,0,1
0,58,8,0,1
0,59,8,0,1
0,60,8,0,1
0,61,8,0,1
0,62,8,0,1
0,52,8,2,1
0,53,2,6,1
0,53,3,6,1
0,53,4,6,1
0,53,5,6,1
0,53,6,6,1
0,33,11,4,1
0,34,11,4,1
0,36,11,4,1
0,37,11,4,1
0,38,11,4,1
0,39,11,4,1
0,40,11,4,1
0,33,10,0,1
0,34,10,0,1
0,36,10,0,1
0,37,10,0,1
0,38,10,0,1
0,39,10,0,1
0,40,10,0,1
0,35,11,6,1
0,35,10,2,1
0,45,10,2,1
square flash-2,47,10,0,1
top edge flash-0,47,11,0,1
0,45,11,6,1
0,46,10,0,1
0,46,11,4,1
0,42,11,4,1
0,43,11,4,1
0,44,11,4,1
0,42,10,0,1
0,43,10,0,1
0,44,10,0,1
0,17,16,0,1
0,18,16,0,1
0,19,16,0,1
0,20,16,0,1
0,21,16,0,1
0,22,16,0,1
0,23,16,0,1
0,24,16,0,1
0,26,16,0,1
0,27,16,0,1
0,29,16,0,1
0,30,16,0,1
0,31,16,0,1
0,32,16,0,1
0,33,16,0,1
0,34,16,0,1
0,35,16,0,1
0,36,16,0,1
0,37,16,0,1
0,38,16,0,1
0,39,16,0,1
0,40,16,0,1
0,41,16,0,1
0,42,16,0,1
0,43,16,0,1
0,44,16,0,1
0,45,16,0,1
0,46,16,0,1
0,47,16,0,1
0,48,16,0,1
0,49,16,0,1
0,50,16,0,1
0,51,16,0,1
0,28,16,2,1
0,25,16,2,1
0,29,18,2,1
0,29,19,6,1
0,29,20,6,1
0,29,21,6,1
0,29,22,6,1
0,33,19,6,1
0,33,20,6,1
0,33,21,6,1
0,33,22,6,1
0,33,18,2,1
0,30,18,0,1
0,31,18,0,1
0,32,18,0,1
0,28,18,0,1
0,34,18,0,1
0,30,19,4,1
0,30,20,4,1
0,30,21,4,1
0,30,22,4,1
0,31,19,4,1
0,31,20,4,1
0,31,21,4,1
0,31,22,4,1
0,32,19,4,1
0,32,20,4,1
0,32,21,4,1
0,32,22,4,1
0,28,19,4,1
0,28,20,4,1
0,28,21,4,1
0,28,22,4,1
0,34,19,4,1
0,34,20,4,1
0,34,21,4,1
0,34,22,4,1
0,22,19,4,1
0,22,20,4,1
0,22,21,4,1
0,22,22,4,1
0,23,19,4,1
0,23,20,4,1
0,23,21,4,1
0,23,22,4,1
0,24,19,4,1
0,24,20,4,1
0,24,21,4,1
0,24,22,4,1
0,25,19,4,1
0,25,20,4,1
0,25,21,4,1
0,25,22,4,1
0,26,19,4,1
0,26,20,4,1
0,26,21,4,1
0,26,22,4,1
0,22,18,0,1
0,23,18,0,1
0,24,18,0,1
0,25,18,0,1
0,26,18,0,1
0,16,18,0,1
0,17,18,0,1
0,18,18,0,1
0,20,18,0,1
0,19,18,2,1
0,19,19,6,1
0,19,20,6,1
0,19,21,6,1
0,19,22,6,1
0,20,19,4,1
0,20,20,4,1
0,20,21,4,1
0,20,22,4,1
0,16,19,4,1
0,16,20,4,1
0,16,21,4,1
0,16,22,4,1
0,17,19,4,1
0,17,20,4,1
0,17,21,4,1
0,17,22,4,1
0,18,19,4,1
0,18,20,4,1
0,18,21,4,1
0,18,22,4,1
0,5,6,4,1
0,5,7,4,1
0,5,8,4,1
0,5,9,4,1
0,5,10,4,1
0,5,11,4,1
0,5,12,4,1
0,5,13,4,1
0,5,14,4,1
0,5,15,4,1
0,5,16,4,1
0,5,17,4,1
0,5,18,4,1
0,5,19,4,1
0,5,20,4,1
0,5,21,4,1
0,5,22,4,1
0,6,6,4,1
0,6,7,4,1
0,6,8,4,1
0,6,9,4,1
0,6,10,4,1
0,6,11,4,1
0,6,12,4,1
0,6,13,4,1
0,6,14,4,1
0,6,15,4,1
0,6,16,4,1
0,6,17,4,1
0,6,18,4,1
0,6,19,4,1
0,6,20,4,1
0,6,21,4,1
0,6,22,4,1
0,7,6,4,1
0,7,7,4,1
0,7,8,4,1
0,7,9,4,1
0,7,10,4,1
0,7,11,4,1
0,7,12,4,1
0,7,13,4,1
0,7,14,4,1
0,7,15,4,1
0,7,16,4,1
0,7,17,4,1
0,7,18,4,1
0,7,19,4,1
0,7,20,4,1
0,7,21,4,1
0,7,22,4,1
0,8,6,4,1
0,8,7,4,1
0,8,8,4,1
0,8,9,4,1
0,8,10,4,1
0,8,11,4,1
0,8,12,4,1
0,8,13,4,1
0,8,14,4,1
0,8,15,4,1
0,8,16,4,1
0,8,17,4,1
0,8,18,4,1
0,8,19,4,1
0,8,20,4,1
0,8,21,4,1
0,8,22,4,1
0,9,6,4,1
0,9,7,4,1
0,9,8,4,1
0,9,9,4,1
0,9,10,4,1
0,9,11,4,1
0,9,12,4,1
0,9,13,4,1
0,9,14,4,1
0,9,15,4,1
0,9,16,4,1
0,9,17,4,1
0,9,18,4,1
0,9,19,4,1
0,9,20,4,1
0,9,21,4,1
0,9,22,4,1
0,10,6,4,1
0,10,7,4,1
0,10,8,4,1
0,10,9,4,1
0,10,10,4,1
0,10,11,4,1
0,10,12,4,1
0,10,13,4,1
0,10,14,4,1
0,10,15,4,1
0,10,16,4,1
0,10,17,4,1
0,10,18,4,1
0,10,19,4,1
0,10,20,4,1
0,10,21,4,1
0,10,22,4,1
0,11,6,4,1
0,11,7,4,1
0,11,8,4,1
0,11,9,4,1
0,11,10,4,1
0,11,11,4,1
0,11,12,4,1
0,11,13,4,1
0,11,14,4,1
0,11,15,4,1
0,11,16,4,1
0,11,17,4,1
0,11,18,4,1
0,11,19,4,1
0,11,20,4,1
0,11,21,4,1
0,11,22,4,1
0,12,6,4,1
0,12,7,4,1
0,12,8,4,1
0,12,9,4,1
0,12,10,4,1
0,12,11,4,1
0,12,12,4,1
0,12,13,4,1
0,12,14,4,1
0,12,15,4,1
0,12,16,4,1
0,12,17,4,1
0,12,18,4,1
0,12,19,4,1
0,12,20,4,1
0,12,21,4,1
0,12,22,4,1
0,13,6,4,1
0,13,7,4,1
0,13,8,4,1
0,13,9,4,1
0,13,10,4,1
0,13,11,4,1
0,13,12,4,1
0,13,13,4,1
0,13,14,4,1
0,13,15,4,1
0,13,16,4,1
0,13,17,4,1
0,13,18,4,1
0,13,19,4,1
0,13,20,4,1
0,13,21,4,1
0,13,22,4,1
0,14,6,4,1
0,14,7,4,1
0,14,8,4,1
0,14,9,4,1
0,14,10,4,1
0,14,11,4,1
0,14,12,4,1
0,14,13,4,1
0,14,14,4,1
0,14,15,4,1
0,14,16,4,1
0,14,17,4,1
0,14,18,4,1
0,14,19,4,1
0,14,20,4,1
0,14,21,4,1
0,14,22,4,1
0,15,6,4,1
0,15,7,4,1
0,15,8,4,1
0,15,9,4,1
0,15,10,4,1
0,15,11,4,1
0,15,12,4,1
0,15,13,4,1
0,15,14,4,1
0,15,15,4,1
0,15,16,4,1
0,15,17,4,1
0,15,18,4,1
0,15,19,4,1
0,15,20,4,1
0,15,21,4,1
0,15,22,4,1
0,20,5,6,1
0,20,2,6,1
0,20,3,6,1
0,20,4,6,1
0,21,2,6,1
0,21,3,6,1
0,21,4,6,1
0,21,5,6,1
0,5,1,4,1
0,5,2,4,1
0,5,3,4,1
0,5,4,4,1
0,5,5,4,1
0,6,1,4,1
0,6,2,4,1
0,6,3,4,1
0,6,4,4,1
0,6,5,4,1
0,7,1,4,1
0,7,2,4,1
0,7,3,4,1
0,7,4,4,1
0,7,5,4,1
0,8,1,4,1
0,8,2,4,1
0,8,3,4,1
0,8,4,4,1
0,8,5,4,1
0,9,1,4,1
0,9,2,4,1
0,9,3,4,1
0,9,4,4,1
0,9,5,4,1
0,10,1,4,1
0,10,2,4,1
0,10,3,4,1
0,10,4,4,1
0,10,5,4,1
0,11,1,4,1
0,11,2,4,1
0,11,3,4,1
0,11,4,4,1
0,11,5,4,1
0,12,1,4,1
0,12,2,4,1
0,12,3,4,1
0,12,4,4,1
0,12,5,4,1
0,13,1,4,1
0,13,2,4,1
0,13,3,4,1
0,13,4,4,1
0,13,5,4,1
0,14,1,4,1
0,14,2,4,1
0,14,3,4,1
0,14,4,4,1
0,14,5,4,1
0,15,1,4,1
0,15,2,4,1
0,15,3,4,1
0,15,4,4,1
0,15,5,4,1
0,16,1,4,1
0,16,2,4,1
0,16,3,4,1
0,16,4,4,1
0,16,5,4,1
0,17,1,4,1
0,17,2,4,1
0,17,3,4,1
0,17,4,4,1
0,17,5,4,1
0,18,1,4,1
0,18,2,4,1
0,18,3,4,1
0,18,4,4,1
0,18,5,4,1
0,19,1,4,1
0,19,2,4,1
0,19,3,4,1
0,19,4,4,1
0,19,5,4,1
0,22,2,4,1
0,22,3,4,1
0,22,4,4,1
0,22,5,4,1
0,23,2,4,1
0,23,3,4,1
0,23,4,4,1
0,23,5,4,1
0,24,2,4,1
0,24,3,4,1
0,24,4,4,1
0,24,5,4,1
0,25,2,4,1
0,25,3,4,1
0,25,4,4,1
0,25,5,4,1
0,26,2,4,1
0,26,3,4,1
0,26,4,4,1
0,26,5,4,1
0,27,2,4,1
0,27,3,4,1
0,27,4,4,1
0,27,5,4,1
0,28,2,4,1
0,28,3,4,1
0,28,4,4,1
0,28,5,4,1
0,29,2,4,1
0,29,3,4,1
0,29,4,4,1
0,29,5,4,1
0,30,2,4,1
0,30,3,4,1
0,30,4,4,1
0,30,5,4,1
0,31,2,4,1
0,31,3,4,1
0,31,4,4,1
0,31,5,4,1
0,32,2,4,1
0,32,3,4,1
0,32,4,4,1
0,32,5,4,1
0,33,2,4,1
0,33,3,4,1
0,33,4,4,1
0,33,5,4,1
0,34,2,4,1
0,34,3,4,1
0,34,4,4,1
0,34,5,4,1
0,36,2,4,1
0,36,3,4,1
0,36,4,4,1
0,36,5,4,1
0,35,2,6,1
0,35,3,6,1
0,35,4,6,1
0,35,5,6,1
0,35,6,6,1
0,33,6,4,1
0,34,6,4,1
0,36,6,4,1
0,43,2,6,1
0,43,3,6,1
0,43,4,6,1
0,43,5,6,1
0,43,6,6,1
0,38,2,4,1
0,38,3,4,1
0,38,4,4,1
0,38,5,4,1
0,38,6,4,1
0,39,2,4,1
0,39,3,4,1
0,39,4,4,1
0,39,5,4,1
0,39,6,4,1
0,40,2,4,1
0,40,3,4,1
0,40,4,4,1
0,40,5,4,1
0,40,6,4,1
0,41,2,4,1
0,41,3,4,1
0,41,4,4,1
0,41,5,4,1
0,41,6,4,1
0,42,2,4,1
0,42,3,4,1
0,42,4,4,1
0,42,5,4,1
0,42,6,4,1
0,44,2,4,1
0,44,3,4,1
0,44,4,4,1
0,44,5,4,1
0,44,6,4,1
0,46,2,6,1
0,46,3,6,1
0,46,4,6,1
0,46,5,6,1
0,46,6,6,1
0,47,2,4,1
0,47,3,4,1
0,47,4,4,1
0,47,5,4,1
0,47,6,4,1
0,48,2,4,1
0,48,3,4,1
0,48,4,4,1
0,48,5,4,1
0,48,6,4,1
0,49,2,4,1
0,49,3,4,1
0,49,4,4,1
0,49,5,4,1
0,49,6,4,1
top edge flash-0,51,2,0,1
vertical flash-0,51,3,0,1
vertical flash-0,51,4,0,1
vertical flash-0,51,5,0,1
bottom edge flash-0,51,6,0,1
0,54,2,4,1
0,54,3,4,1
0,54,4,4,1
0,54,5,4,1
0,54,6,4,1
0,50,2,4,1
0,50,3,4,1
0,50,4,4,1
0,50,5,4,1
0,50,6,4,1
0,52,2,4,1
0,52,3,4,1
0,52,4,4,1
0,52,5,4,1
0,52,6,4,1
0,55,2,6,1
0,55,3,6,1
0,55,4,6,1
0,55,5,6,1
0,55,6,6,1
0,56,2,6,1
0,56,3,6,1
0,56,4,6,1
0,56,5,6,1
0,56,6,6,1
0,57,2,4,1
0,57,3,4,1
0,57,4,4,1
0,57,5,4,1
0,58,2,4,1
0,58,3,4,1
0,58,4,4,1
0,58,5,4,1
0,59,2,4,1
0,59,3,4,1
0,59,4,4,1
0,59,5,4,1
0,60,2,4,1
0,60,3,4,1
0,60,4,4,1
0,60,5,4,1
0,61,2,4,1
0,61,3,4,1
0,61,4,4,1
0,61,5,4,1
0,62,2,4,1
0,62,3,4,1
0,62,4,4,1
0,62,5,4,1
0,63,2,4,1
0,63,3,4,1
0,63,4,4,1
0,63,5,4,1
0,64,2,4,1
0,64,3,4,1
0,64,4,4,1
0,64,5,4,1
0,65,2,4,1
0,65,3,4,1
0,65,4,4,1
0,65,5,4,1
0,66,2,4,1
0,66,3,4,1
0,66,4,4,1
0,66,5,4,1
0,67,2,4,1
0,67,3,4,1
0,67,4,4,1
0,67,5,4,1
0,68,2,4,1
0,68,3,4,1
0,68,4,4,1
0,68,5,4,1
0,69,2,4,1
0,69,3,4,1
0,69,4,4,1
0,69,5,4,1
0,70,2,4,1
0,70,3,4,1
0,70,4,4,1
0,70,5,4,1
0,71,2,4,1
0,71,3,4,1
0,71,4,4,1
0,71,5,4,1
0,72,2,4,1
0,72,3,4,1
0,72,4,4,1
0,72,5,4,1
0,73,2,4,1
0,73,3,4,1
0,73,4,4,1
0,73,5,4,1
0,74,2,4,1
0,74,3,4,1
0,74,4,4,1
0,74,5,4,1
0,76,2,4,1
0,76,3,4,1
0,76,4,4,1
0,76,5,4,1
0,77,2,4,1
0,77,3,4,1
0,77,4,4,1
0,77,5,4,1
0,78,2,4,1
0,78,3,4,1
0,78,4,4,1
0,78,5,4,1
0,79,2,4,1
0,79,3,4,1
0,79,4,4,1
0,79,5,4,1
0,80,2,4,1
0,80,3,4,1
0,80,4,4,1
0,80,5,4,1
0,81,2,4,1
0,81,3,4,1
0,81,4,4,1
0,81,5,4,1
0,82,2,4,1
0,82,3,4,1
0,82,4,4,1
0,82,5,4,1
0,57,6,4,1
0,58,6,4,1
0,59,6,4,1
0,60,6,4,1
0,61,6,4,1
0,62,6,4,1
0,84,2,4,1
0,84,3,4,1
0,84,4,4,1
0,84,5,4,1
0,85,2,4,1
0,85,3,4,1
0,85,4,4,1
0,85,5,4,1
0,86,2,4,1
0,86,3,4,1
0,86,4,4,1
0,86,5,4,1
0,87,2,4,1
0,87,3,4,1
0,87,4,4,1
0,87,5,4,1
0,90,2,4,1
0,90,3,4,1
0,90,4,4,1
0,90,5,4,1
0,91,2,4,1
0,91,3,4,1
0,91,4,4,1
0,91,5,4,1
0,92,2,4,1
0,92,3,4,1
0,92,4,4,1
0,92,5,4,1
0,93,2,4,1
0,93,3,4,1
0,93,4,4,1
0,93,5,4,1
0,94,2,4,1
0,94,3,4,1
0,94,4,4,1
0,94,5,4,1
0,95,2,4,1
0,95,3,4,1
0,95,4,4,1
0,95,5,4,1
0,96,2,4,1
0,96,3,4,1
0,96,4,4,1
0,96,5,4,1
0,97,2,4,1
0,97,3,4,1
0,97,4,4,1
0,97,5,4,1
0,98,2,4,1
0,98,3,4,1
0,98,4,4,1
0,98,5,4,1
0,99,2,4,1
0,99,3,4,1
0,99,4,4,1
0,99,5,4,1
0,102,2,4,1
0,102,3,4,1
0,102,4,4,1
0,102,5,4,1
0,103,2,4,1
0,103,3,4,1
0,103,4,4,1
0,103,5,4,1
0,104,2,4,1
0,104,3,4,1
0,104,4,4,1
0,104,5,4,1
0,105,2,4,1
0,105,3,4,1
0,105,4,4,1
0,105,5,4,1
0,106,2,4,1
0,106,3,4,1
0,106,4,4,1
0,106,5,4,1
0,108,2,4,1
0,108,3,4,1
0,108,4,4,1
0,108,5,4,1
0,109,2,4,1
0,109,3,4,1
0,109,4,4,1
0,109,5,4,1
0,110,2,4,1
0,110,3,4,1
0,110,4,4,1
0,110,5,4,1
0,111,2,4,1
0,111,3,4,1
0,111,4,4,1
0,111,5,4,1
0,112,2,4,1
0,112,3,4,1
0,112,4,4,1
0,112,5,4,1
0,113,2,4,1
0,113,3,4,1
0,113,4,4,1
0,113,5,4,1
0,114,2,4,1
0,114,3,4,1
0,114,4,4,1
0,114,5,4,1
0,115,2,4,1
0,115,3,4,1
0,115,4,4,1
0,115,5,4,1
0,116,2,4,1
0,116,3,4,1
0,116,4,4,1
0,116,5,4,1
0,117,2,4,1
0,117,3,4,1
0,117,4,4,1
0,117,5,4,1
0,118,2,4,1
0,118,3,4,1
0,118,4,4,1
0,118,5,4,1
0,119,2,4,1
0,119,3,4,1
0,119,4,4,1
0,119,5,4,1
0,122,2,4,1
0,122,3,4,1
0,122,4,4,1
0,122,5,4,1
0,123,2,4,1
0,123,3,4,1
0,123,4,4,1
0,123,5,4,1
0,124,2,4,1
0,124,3,4,1
0,124,4,4,1
0,124,5,4,1
0,125,2,4,1
0,125,3,4,1
0,125,4,4,1
0,125,5,4,1
0,128,2,4,1
0,128,3,4,1
0,128,4,4,1
0,128,5,4,1
0,129,2,4,1
0,129,3,4,1
0,129,4,4,1
0,129,5,4,1
0,130,2,4,1
0,130,3,4,1
0,130,4,4,1
0,130,5,4,1
0,131,2,4,1
0,131,3,4,1
0,131,4,4,1
0,131,5,4,1
0,132,2,4,1
0,132,3,4,1
0,132,4,4,1
0,132,5,4,1
0,133,2,4,1
0,133,3,4,1
0,133,4,4,1
0,133,5,4,1
0,134,2,4,1
0,134,3,4,1
0,134,4,4,1
0,134,5,4,1
0,135,2,4,1
0,135,3,4,1
0,135,4,4,1
0,135,5,4,1
0,136,2,4,1
0,136,3,4,1
0,136,4,4,1
0,136,5,4,1
0,108,6,4,1
0,108,7,4,1
0,108,8,4,1
0,108,9,4,1
0,109,6,4,1
0,109,7,4,1
0,109,8,4,1
0,109,9,4,1
0,128,6,4,1
0,128,7,4,1
0,128,8,4,1
0,128,9,4,1
0,128,10,4,1
0,128,11,4,1
0,128,12,4,1
0,128,13,4,1
0,128,14,4,1
0,128,15,4,1
0,128,16,4,1
0,128,17,4,1
0,128,18,4,1
0,128,19,4,1
0,128,20,4,1
0,128,21,4,1
0,128,22,4,1
0,128,23,4,1
0,128,24,4,1
0,128,25,4,1
0,128,26,4,1
0,128,27,4,1
0,128,28,4,1
0,129,6,4,1
0,129,7,4,1
0,129,8,4,1
0,129,9,4,1
0,129,10,4,1
0,129,11,4,1
0,129,12,4,1
0,129,13,4,1
0,129,14,4,1
0,129,15,4,1
0,129,16,4,1
0,129,17,4,1
0,129,18,4,1
0,129,19,4,1
0,129,20,4,1
0,129,21,4,1
0,129,22,4,1
0,129,23,4,1
0,129,24,4,1
0,129,25,4,1
0,129,26,4,1
0,129,27,4,1
0,129,28,4,1
0,130,6,4,1
0,130,7,4,1
0,130,8,4,1
0,130,9,4,1
0,130,10,4,1
0,130,11,4,1
0,130,12,4,1
0,130,13,4,1
0,130,14,4,1
0,130,15,4,1
0,130,16,4,1
0,130,17,4,1
0,130,18,4,1
0,130,19,4,1
0,130,20,4,1
0,130,21,4,1
0,130,22,4,1
0,130,23,4,1
0,130,24,4,1
0,130,25,4,1
0,130,26,4,1
0,130,27,4,1
0,130,28,4,1
0,131,6,4,1
0,131,7,4,1
0,131,8,4,1
0,131,9,4,1
0,131,10,4,1
0,131,11,4,1
0,131,12,4,1
0,131,13,4,1
0,131,14,4,1
0,131,15,4,1
0,131,16,4,1
0,131,17,4,1
0,131,18,4,1
0,131,19,4,1
0,131,20,4,1
0,131,21,4,1
0,131,22,4,1
0,131,23,4,1
0,131,24,4,1
0,131,25,4,1
0,131,26,4,1
0,131,27,4,1
0,131,28,4,1
0,132,6,4,1
0,132,7,4,1
0,132,8,4,1
0,132,9,4,1
0,132,10,4,1
0,132,11,4,1
0,132,12,4,1
0,132,13,4,1
0,132,14,4,1
0,132,15,4,1
0,132,16,4,1
0,132,17,4,1
0,132,18,4,1
0,132,19,4,1
0,132,20,4,1
0,132,21,4,1
0,132,22,4,1
0,132,23,4,1
0,132,24,4,1
0,132,25,4,1
0,132,26,4,1
0,132,27,4,1
0,132,28,4,1
0,133,6,4,1
0,133,7,4,1
0,133,8,4,1
0,133,9,4,1
0,133,10,4,1
0,133,11,4,1
0,133,12,4,1
0,133,13,4,1
0,133,14,4,1
0,133,15,4,1
0,133,16,4,1
0,133,17,4,1
0,133,18,4,1
0,133,19,4,1
0,133,20,4,1
0,133,21,4,1
0,133,22,4,1
0,133,23,4,1
0,133,24,4,1
0,133,25,4,1
0,133,26,4,1
0,133,27,4,1
0,133,28,4,1
0,134,6,4,1
0,134,7,4,1
0,134,8,4,1
0,134,9,4,1
0,134,10,4,1
0,134,11,4,1
0,134,12,4,1
0,134,13,4,1
0,134,14,4,1
0,134,15,4,1
0,134,16,4,1
0,134,17,4,1
0,134,18,4,1
0,134,19,4,1
0,134,20,4,1
0,134,21,4,1
0,134,22,4,1
0,134,23,4,1
0,134,24,4,1
0,134,25,4,1
0,134,26,4,1
0,134,27,4,1
0,134,28,4,1
0,135,6,4,1
0,135,7,4,1
0,135,8,4,1
0,135,9,4,1
0,135,10,4,1
0,135,11,4,1
0,135,12,4,1
0,135,13,4,1
0,135,14,4,1
0,135,15,4,1
0,135,16,4,1
0,135,17,4,1
0,135,18,4,1
0,135,19,4,1
0,135,20,4,1
0,135,21,4,1
0,135,22,4,1
0,135,23,4,1
0,135,24,4,1
0,135,25,4,1
0,135,26,4,1
0,135,27,4,1
0,135,28,4,1
0,136,6,4,1
0,136,7,4,1
0,136,8,4,1
0,136,9,4,1
0,136,10,4,1
0,136,11,4,1
0,136,12,4,1
0,136,13,4,1
0,136,14,4,1
0,136,15,4,1
0,136,16,4,1
0,136,17,4,1
0,136,18,4,1
0,136,19,4,1
0,136,20,4,1
0,136,21,4,1
0,136,22,4,1
0,136,23,4,1
0,136,24,4,1
0,136,25,4,1
0,136,26,4,1
0,136,27,4,1
0,136,28,4,1
0,137,2,4,1
0,137,3,4,1
0,137,4,4,1
0,137,5,4,1
0,137,6,4,1
0,137,7,4,1
0,137,8,4,1
0,137,9,4,1
0,137,10,4,1
0,137,11,4,1
0,137,12,4,1
0,137,13,4,1
0,137,14,4,1
0,137,15,4,1
0,137,16,4,1
0,137,17,4,1
0,137,18,4,1
0,137,19,4,1
0,137,20,4,1
0,137,21,4,1
0,137,22,4,1
0,137,23,4,1
0,137,24,4,1
0,137,25,4,1
0,137,26,4,1
0,137,27,4,1
0,137,28,4,1
0,138,2,4,1
0,138,3,4,1
0,138,4,4,1
0,138,5,4,1
0,138,6,4,1
0,138,7,4,1
0,138,8,4,1
0,138,9,4,1
0,138,10,4,1
0,138,11,4,1
0,138,12,4,1
0,138,13,4,1
0,138,14,4,1
0,138,15,4,1
0,138,16,4,1
0,138,17,4,1
0,138,18,4,1
0,138,19,4,1
0,138,20,4,1
0,138,21,4,1
0,138,22,4,1
0,138,23,4,1
0,138,24,4,1
0,138,25,4,1
0,138,26,4,1
0,138,27,4,1
0,138,28,4,1
0,75,2,4,1
0,75,3,4,1
0,75,4,4,1
0,75,5,4,1
0,83,2,6,1
0,83,3,6,1
0,83,4,6,1
0,83,5,6,1
0,88,2,6,1
0,88,3,6,1
0,88,4,6,1
0,88,5,6,1
0,89,2,6,1
0,89,3,6,1
0,89,4,6,1
0,89,5,6,1
0,100,2,6,1
0,100,3,6,1
0,100,4,6,1
0,100,5,6,1
0,101,2,6,1
0,101,3,6,1
0,101,4,6,1
0,101,5,6,1
0,107,2,6,1
0,107,3,6,1
0,107,4,6,1
0,107,5,6,1
0,126,2,6,1
0,126,3,6,1
0,126,4,6,1
0,126,5,6,1
0,127,2,6,1
0,127,3,6,1
0,127,4,6,1
0,127,5,6,1
0,120,2,6,1
0,120,3,6,1
0,120,4,6,1
0,120,5,6,1
0,121,2,6,1
0,121,3,6,1
0,121,4,6,1
0,121,5,6,1
0,64,7,0,1
0,65,7,0,1
0,66,7,0,1
0,67,7,0,1
0,68,7,0,1
0,69,7,0,1
0,70,7,0,1
0,71,7,0,1
0,72,7,0,1
0,73,7,0,1
0,74,7,0,1
0,75,7,0,1
0,76,7,0,1
0,77,7,0,1
0,78,7,0,1
0,79,7,0,1
0,80,7,0,1
0,81,7,0,1
0,82,7,0,1
0,83,7,0,1
0,84,7,0,1
0,86,7,0,1
0,87,7,0,1
0,88,7,0,1
0,89,7,0,1
0,90,7,0,1
0,91,7,0,1
0,92,7,0,1
0,93,7,0,1
0,94,7,0,1
0,95,7,0,1
0,96,7,0,1
0,97,7,0,1
0,98,7,0,1
0,99,7,0,1
0,100,7,0,1
0,101,7,0,1
0,102,7,0,1
0,103,7,0,1
0,104,7,0,1
0,105,7,0,1
0,106,7,0,1
0,111,7,0,1
0,112,7,0,1
0,113,7,0,1
0,114,7,0,1
0,115,7,0,1
0,116,7,0,1
0,117,7,0,1
0,118,7,0,1
0,119,7,0,1
0,120,7,0,1
0,121,7,0,1
0,122,7,0,1
0,123,7,0,1
0,124,7,0,1
0,125,7,0,1
0,126,7,0,1
0,86,8,4,1
0,87,8,4,1
0,88,8,4,1
0,89,8,4,1
0,90,8,4,1
0,91,8,4,1
0,92,8,4,1
0,93,8,4,1
0,94,8,4,1
0,95,8,4,1
0,96,8,4,1
0,97,8,4,1
0,98,8,4,1
0,99,8,4,1
0,100,8,4,1
0,101,8,4,1
0,102,8,4,1
0,103,8,4,1
0,104,8,4,1
0,105,8,4,1
0,106,8,4,1
0,86,9,4,1
0,86,10,4,1
0,86,11,4,1
0,86,12,4,1
0,86,13,4,1
0,86,15,4,1
0,86,16,4,1
0,86,17,4,1
0,87,9,4,1
0,87,10,4,1
0,87,11,4,1
0,87,12,4,1
0,87,13,4,1
0,87,14,4,1
0,87,15,4,1
0,87,16,4,1
0,87,17,4,1
0,88,17,4,1
0,89,17,4,1
0,90,17,4,1
0,91,17,4,1
0,92,17,4,1
0,93,17,4,1
0,94,17,4,1
0,95,17,4,1
0,88,16,0,1
0,89,16,0,1
0,90,16,0,1
0,91,16,0,1
0,92,16,0,1
0,93,16,0,1
0,94,16,0,1
0,95,16,0,1
0,88,10,0,1
0,89,10,0,1
0,90,10,0,1
0,91,10,0,1
0,92,10,0,1
0,93,10,0,1
0,94,10,0,1
0,95,10,0,1
0,96,10,0,1
0,97,10,0,1
0,98,10,0,1
0,99,10,0,1
0,100,10,0,1
0,101,10,0,1
0,102,10,0,1
0,103,10,0,1
0,104,16,0,1
0,105,16,0,1
0,106,16,0,1
0,107,16,0,1
0,108,16,0,1
0,109,16,0,1
0,110,16,0,1
0,111,16,0,1
0,107,11,0,1
0,108,11,0,1
0,109,11,0,1
0,110,11,0,1
0,114,16,0,1
0,115,16,0,1
0,116,16,0,1
0,117,16,0,1
0,118,16,0,1
0,115,10,0,1
0,116,10,0,1
0,117,10,0,1
0,118,10,0,1
0,119,10,0,1
0,120,10,0,1
0,121,10,0,1
0,122,10,0,1
0,123,10,0,1
0,111,19,0,1
0,112,19,0,1
0,113,19,0,1
0,114,19,0,1
0,115,19,0,1
0,116,19,0,1
0,118,19,0,1
0,119,19,0,1
0,120,19,0,1
0,100,19,4,1
0,100,20,4,1
0,100,21,4,1
0,100,22,4,1
0,100,23,4,1
0,100,24,4,1
0,101,20,4,1
0,101,21,4,1
0,101,22,4,1
0,101,23,4,1
0,101,24,4,1
0,103,20,4,1
0,103,21,4,1
0,103,22,4,1
0,103,23,4,1
0,103,24,4,1
0,100,14,4,1
0,100,15,4,1
0,100,16,4,1
0,100,17,4,1
0,100,18,4,1
0,99,14,6,1
0,99,13,2,1
0,97,13,2,1
0,97,14,6,1
0,95,14,4,1
0,96,14,4,1
0,98,14,4,1
0,98,13,0,1
0,95,13,0,1
0,96,13,0,1
0,100,13,0,1
0,101,19,0,1
0,103,19,0,1
0,102,20,6,1
0,102,21,6,1
0,102,22,6,1
0,102,23,6,1
0,102,24,6,1
0,102,19,2,1
0,102,11,4,1
0,102,12,4,1
0,102,13,4,1
0,102,14,4,1
0,102,15,4,1
0,102,16,4,1
0,102,17,4,1
0,103,11,4,1
0,103,12,4,1
0,103,13,4,1
0,103,14,4,1
0,103,15,4,1
0,103,16,4,1
0,103,17,4,1
0,104,17,4,1
0,105,17,4,1
0,106,17,4,1
0,107,17,4,1
0,108,17,4,1
0,109,17,4,1
0,110,17,4,1
0,111,17,4,1
0,112,17,4,1
0,113,17,4,1
0,114,17,4,1
0,115,17,4,1
0,116,17,4,1
0,117,17,4,1
0,118,17,4,1
0,112,8,4,1
0,112,9,4,1
0,112,10,4,1
0,112,11,4,1
0,112,12,4,1
0,112,13,4,1
0,112,14,4,1
0,112,15,4,1
0,112,16,4,1
0,113,8,4,1
0,113,9,4,1
0,113,10,4,1
0,113,11,4,1
0,113,12,4,1
0,113,13,4,1
0,113,14,4,1
0,113,15,4,1
0,113,16,4,1
0,111,8,4,1
0,111,9,4,1
0,111,10,4,1
0,111,11,4,1
0,111,12,4,1
0,105,12,4,1
0,106,12,4,1
0,107,12,4,1
0,108,12,4,1
0,109,12,4,1
0,110,12,4,1
0,105,9,4,1
0,105,10,4,1
0,105,11,4,1
0,106,9,4,1
0,106,10,4,1
0,106,11,4,1
0,114,8,4,1
0,115,8,4,1
0,116,8,4,1
0,117,8,4,1
0,118,8,4,1
0,119,8,4,1
0,120,8,4,1
0,121,8,4,1
0,122,8,4,1
0,123,8,4,1
0,124,8,4,1
0,125,8,4,1
0,126,8,4,1
0,125,9,4,1
0,125,10,4,1
0,125,11,4,1
0,125,12,4,1
0,125,13,4,1
0,125,14,4,1
0,125,15,4,1
0,125,16,4,1
0,125,17,4,1
0,125,18,4,1
0,125,19,4,1
0,125,20,4,1
0,125,21,4,1
0,125,22,4,1
0,125,23,4,1
0,125,24,4,1
0,126,9,4,1
0,126,10,4,1
0,126,11,4,1
0,126,12,4,1
0,126,13,4,1
0,126,14,4,1
0,126,15,4,1
0,126,16,4,1
0,126,17,4,1
0,126,18,4,1
0,126,19,4,1
0,126,20,4,1
0,126,21,4,1
0,126,22,4,1
0,126,23,4,1
0,126,24,4,1
0,125,25,4,1
0,126,25,4,1
0,115,11,4,1
0,115,12,4,1
0,115,13,4,1
0,115,14,4,1
0,116,11,4,1
0,116,12,4,1
0,116,13,4,1
0,116,14,4,1
0,117,11,4,1
0,117,12,4,1
0,117,13,4,1
0,117,14,4,1
0,118,11,4,1
0,118,12,4,1
0,118,13,4,1
0,118,14,4,1
0,119,11,4,1
0,119,12,4,1
0,119,13,4,1
0,119,14,4,1
0,120,11,4,1
0,120,12,4,1
0,120,13,4,1
0,120,14,4,1
0,121,11,4,1
0,121,12,4,1
0,121,13,4,1
0,121,14,4,1
0,122,11,4,1
0,122,12,4,1
0,122,13,4,1
0,122,14,4,1
0,123,11,4,1
0,123,12,4,1
0,123,13,4,1
0,123,14,4,1
0,119,15,4,1
0,119,16,4,1
0,119,17,4,1
0,120,15,4,1
0,120,16,4,1
0,120,17,4,1
0,122,15,4,1
0,122,16,4,1
0,122,17,4,1
0,122,18,4,1
0,122,19,4,1
0,122,20,4,1
0,122,21,4,1
0,122,22,4,1
0,122,23,4,1
0,122,24,4,1
0,122,25,4,1
0,122,26,4,1
0,122,27,4,1
0,123,15,4,1
0,123,16,4,1
0,123,17,4,1
0,123,18,4,1
0,123,19,4,1
0,123,20,4,1
0,123,21,4,1
0,123,22,4,1
0,123,23,4,1
0,123,24,4,1
0,123,25,4,1
0,123,26,4,1
0,123,27,4,1
0,111,20,4,1
0,111,21,4,1
0,112,20,4,1
0,112,21,4,1
0,113,20,4,1
0,113,21,4,1
0,114,20,4,1
0,114,21,4,1
0,115,20,4,1
0,115,21,4,1
0,116,20,4,1
0,116,21,4,1
0,118,20,4,1
0,118,21,4,1
0,119,20,4,1
0,119,21,4,1
0,120,20,4,1
0,120,21,4,1
0,121,20,4,1
0,110,23,4,1
0,110,24,4,1
0,111,23,4,1
0,111,24,4,1
0,113,23,4,1
0,113,24,4,1
0,114,23,4,1
0,114,24,4,1
0,115,23,4,1
0,115,24,4,1
0,116,23,4,1
0,116,24,4,1
0,117,23,4,1
0,117,24,4,1
0,118,23,4,1
0,118,24,4,1
0,119,23,4,1
0,119,24,4,1
0,120,23,4,1
0,120,24,4,1
0,121,23,4,1
0,121,24,4,1
0,105,14,0,1
0,106,14,0,1
0,107,14,0,1
0,108,14,0,1
0,109,14,0,1
0,110,14,0,1
0,88,11,4,1
0,88,12,4,1
0,88,13,4,1
0,88,14,4,1
0,89,11,4,1
0,89,12,4,1
0,89,13,4,1
0,89,14,4,1
0,90,11,4,1
0,90,12,4,1
0,90,13,4,1
0,90,14,4,1
0,91,11,4,1
0,91,12,4,1
0,91,13,4,1
0,91,14,4,1
0,92,11,4,1
0,92,12,4,1
0,92,13,4,1
0,92,14,4,1
0,93,11,4,1
0,93,12,4,1
0,93,13,4,1
0,93,14,4,1
0,94,11,4,1
0,95,11,4,1
0,96,11,4,1
0,97,11,4,1
0,98,11,4,1
0,99,11,4,1
0,100,11,4,1
0,101,11,4,1
0,105,20,4,1
0,105,21,4,1
0,105,22,4,1
0,105,23,4,1
0,105,24,4,1
0,106,20,4,1
0,106,21,4,1
0,106,22,4,1
0,106,23,4,1
0,106,24,4,1
0,108,20,4,1
0,108,21,4,1
0,108,22,4,1
0,108,23,4,1
0,108,24,4,1
0,105,19,0,1
0,106,19,0,1
0,108,19,0,1
0,117,19,2,1
0,117,20,6,1
0,117,21,6,1
0,110,20,6,1
0,110,21,6,1
0,110,19,2,1
0,107,19,2,1
0,107,20,6,1
0,107,21,6,1
0,107,22,6,1
0,107,23,6,1
0,107,24,6,1
0,97,17,4,1
0,97,18,4,1
0,97,19,4,1
0,97,20,4,1
0,97,21,4,1
0,97,22,4,1
0,97,23,4,1
0,97,24,4,1
0,98,17,4,1
0,98,18,4,1
0,98,19,4,1
0,98,20,4,1
0,98,21,4,1
0,98,22,4,1
0,98,23,4,1
0,98,24,4,1
0,94,20,4,1
0,94,21,4,1
0,94,22,4,1
0,94,23,4,1
0,94,24,4,1
0,95,20,4,1
0,95,21,4,1
0,95,22,4,1
0,95,23,4,1
0,95,24,4,1
0,96,20,4,1
0,96,21,4,1
0,96,22,4,1
0,96,23,4,1
0,96,24,4,1
0,94,19,0,1
0,95,19,0,1
0,96,19,0,1
0,97,16,0,1
0,98,16,0,1
0,76,19,0,1
0,77,19,0,1
0,78,19,0,1
0,79,19,0,1
0,80,19,0,1
0,81,19,0,1
0,83,19,0,1
0,85,19,0,1
0,87,19,0,1
0,88,19,0,1
0,91,19,0,1
0,92,19,0,1
0,76,20,4,1
0,76,21,4,1
0,76,22,4,1
0,76,23,4,1
0,76,24,4,1
0,77,20,4,1
0,77,21,4,1
0,77,22,4,1
0,77,23,4,1
0,77,24,4,1
0,78,20,4,1
0,78,21,4,1
0,78,22,4,1
0,78,23,4,1
0,78,24,4,1
0,79,20,4,1
0,79,21,4,1
0,79,22,4,1
0,79,23,4,1
0,79,24,4,1
0,80,20,4,1
0,80,21,4,1
0,80,22,4,1
0,80,23,4,1
0,80,24,4,1
0,81,20,4,1
0,81,21,4,1
0,81,22,4,1
0,81,23,4,1
0,81,24,4,1
0,83,20,4,1
0,83,21,4,1
0,83,22,4,1
0,83,23,4,1
0,83,24,4,1
0,85,20,4,1
0,85,21,4,1
0,85,22,4,1
0,85,23,4,1
0,85,24,4,1
0,87,20,4,1
0,87,21,4,1
0,87,22,4,1
0,87,23,4,1
0,87,24,4,1
0,88,20,4,1
0,88,21,4,1
0,88,22,4,1
0,88,23,4,1
0,88,24,4,1
0,91,20,4,1
0,91,21,4,1
0,91,22,4,1
0,91,23,4,1
0,91,24,4,1
0,92,20,4,1
0,92,21,4,1
0,92,22,4,1
0,92,23,4,1
0,92,24,4,1
top edge flash-2,84,19,0,1
vertical flash-2,84,20,0,1
vertical flash-2,84,21,0,1
vertical flash-2,84,22,0,1
vertical flash-2,84,23,0,1
bottom edge flash-2,84,24,0,1
0,86,19,2,1
0,89,19,2,1
0,90,19,2,1
0,86,20,6,1
0,86,21,6,1
0,86,22,6,1
0,86,23,6,1
0,86,24,6,1
0,89,20,6,1
0,89,21,6,1
0,89,22,6,1
0,89,23,6,1
0,89,24,6,1
0,90,20,6,1
0,90,21,6,1
0,90,22,6,1
0,90,23,6,1
0,90,24,6,1
0,82,20,6,1
0,82,21,6,1
0,82,22,6,1
0,82,23,6,1
0,82,24,6,1
0,82,19,2,1
0,73,19,2,1
0,73,20,6,1
0,73,21,6,1
0,73,22,6,1
0,73,23,6,1
0,73,24,6,1
0,66,19,4,1
0,66,20,4,1
0,66,21,4,1
0,66,22,4,1
0,66,23,4,1
0,66,24,4,1
0,67,19,4,1
0,67,20,4,1
0,67,21,4,1
0,67,22,4,1
0,67,23,4,1
0,67,24,4,1
0,68,19,4,1
0,68,20,4,1
0,68,21,4,1
0,68,22,4,1
0,68,23,4,1
0,68,24,4,1
0,69,19,4,1
0,69,20,4,1
0,69,21,4,1
0,69,22,4,1
0,69,23,4,1
0,69,24,4,1
0,70,19,4,1
0,70,20,4,1
0,70,21,4,1
0,70,22,4,1
0,70,23,4,1
0,70,24,4,1
0,71,19,4,1
0,71,20,4,1
0,71,21,4,1
0,71,22,4,1
0,71,23,4,1
0,71,24,4,1
0,72,19,4,1
0,72,20,4,1
0,72,21,4,1
0,72,22,4,1
0,72,23,4,1
0,72,24,4,1
0,74,19,4,1
0,74,20,4,1
0,74,21,4,1
0,74,22,4,1
0,74,23,4,1
0,74,24,4,1
0,59,20,4,1
0,59,21,4,1
0,59,22,4,1
0,59,23,4,1
0,59,24,4,1
0,60,20,4,1
0,60,21,4,1
0,60,22,4,1
0,60,23,4,1
0,60,24,4,1
0,62,20,4,1
0,62,21,4,1
0,62,22,4,1
0,62,23,4,1
0,62,24,4,1
0,64,20,4,1
0,64,21,4,1
0,64,22,4,1
0,64,23,4,1
0,64,24,4,1
0,59,19,0,1
0,60,19,0,1
0,62,19,0,1
0,64,19,0,1
0,63,19,2,1
0,63,20,6,1
0,63,21,6,1
0,63,22,6,1
0,63,23,6,1
0,63,24,6,1
0,61,20,6,1
0,61,21,6,1
0,61,22,6,1
0,61,23,6,1
0,61,24,6,1
0,61,19,2,1
0,54,19,2,1
0,54,20,6,1
0,54,21,6,1
0,54,22,6,1
0,51,17,4,1
0,51,18,4,1
0,51,19,4,1
0,51,20,4,1
0,51,21,4,1
0,51,22,4,1
0,52,19,4,1
0,52,20,4,1
0,52,21,4,1
0,52,22,4,1
0,53,19,4,1
0,53,20,4,1
0,53,21,4,1
0,53,22,4,1
0,55,19,4,1
0,55,20,4,1
0,55,21,4,1
0,55,22,4,1
0,56,19,4,1
0,56,20,4,1
0,56,21,4,1
0,56,22,4,1
0,57,19,4,1
0,57,20,4,1
0,57,21,4,1
0,57,22,4,1
bottom edge flash-2,58,22,0,1
0,44,19,4,1
0,44,20,4,1
0,44,21,4,1
0,44,22,4,1
0,45,19,4,1
0,45,20,4,1
0,45,21,4,1
0,45,22,4,1
0,46,19,4,1
0,46,20,4,1
0,46,21,4,1
0,46,22,4,1
0,47,19,4,1
0,47,20,4,1
0,47,21,4,1
0,47,22,4,1
0,48,19,4,1
0,48,20,4,1
0,48,21,4,1
0,48,22,4,1
0,44,18,0,1
0,45,18,0,1
0,46,18,0,1
0,47,18,0,1
0,48,18,0,1
0,49,18,2,1
0,49,19,6,1
0,49,20,6,1
0,49,21,6,1
0,49,22,6,1
0,42,19,6,1
0,42,20,6,1
0,42,21,6,1
0,42,22,6,1
0,42,18,2,1
0,36,18,4,1
0,36,19,4,1
0,36,20,4,1
0,36,21,4,1
0,36,22,4,1
0,37,18,4,1
0,37,19,4,1
0,37,20,4,1
0,37,21,4,1
0,37,22,4,1
0,38,18,4,1
0,38,19,4,1
0,38,20,4,1
0,38,21,4,1
0,38,22,4,1
0,39,18,4,1
0,39,19,4,1
0,39,20,4,1
0,39,21,4,1
0,39,22,4,1
0,40,18,4,1
0,40,19,4,1
0,40,20,4,1
0,40,21,4,1
0,40,22,4,1
0,41,18,4,1
0,41,19,4,1
0,41,20,4,1
0,41,21,4,1
0,41,22,4,1
0,48,10,0,1
0,49,10,0,1
0,50,10,0,1
0,51,10,0,1
0,52,10,0,1
0,53,10,0,1
0,54,10,0,1
0,55,10,0,1
0,56,10,0,1
0,57,10,0,1
0,58,10,0,1
0,59,10,0,1
0,60,10,0,1
0,61,10,0,1
0,62,10,0,1
0,63,10,0,1
0,66,10,0,1
0,67,10,0,1
0,68,10,0,1
0,69,10,0,1
0,70,10,0,1
0,71,10,0,1
0,72,10,0,1
0,50,13,0,1
0,51,13,0,1
0,52,13,0,1
0,53,13,0,1
0,54,13,0,1
0,55,13,0,1
0,56,13,0,1
0,57,13,0,1
0,58,13,0,1
0,59,13,0,1
0,60,13,0,1
0,61,13,0,1
0,62,13,0,1
0,63,13,0,1
0,64,13,0,1
0,65,13,0,1
0,66,13,0,1
0,67,13,0,1
0,68,13,0,1
0,69,13,0,1
0,70,13,0,1
0,55,16,0,1
0,56,16,0,1
0,57,16,0,1
0,58,16,0,1
0,59,16,0,1
0,60,16,0,1
0,61,16,0,1
0,62,16,0,1
0,63,16,0,1
0,64,16,0,1
0,65,16,0,1
0,66,16,0,1
0,67,16,0,1
0,68,16,0,1
0,69,16,0,1
0,70,16,0,1
0,71,16,0,1
0,72,16,0,1
0,73,16,0,1
0,74,16,0,1
0,75,16,0,1
0,76,16,0,1
0,77,16,0,1
0,78,16,0,1
0,79,16,0,1
0,80,16,0,1
0,81,16,0,1
0,82,16,0,1
0,83,16,0,1
0,84,16,0,1
0,85,16,0,1
0,73,13,0,1
0,74,13,0,1
0,75,13,0,1
0,76,13,0,1
0,77,13,0,1
0,78,13,0,1
0,79,13,0,1
0,80,13,0,1
0,81,13,0,1
0,82,13,0,1
0,85,13,0,1
0,74,10,0,1
0,75,10,0,1
0,76,10,0,1
0,77,10,0,1
0,78,10,0,1
0,79,10,0,1
0,80,10,0,1
0,81,10,0,1
0,74,11,4,1
0,75,11,4,1
0,76,11,4,1
0,77,11,4,1
0,78,11,4,1
0,79,11,4,1
0,80,11,4,1
0,81,11,4,1
0,66,11,4,1
0,67,11,4,1
0,68,11,4,1
0,69,11,4,1
0,70,11,4,1
0,71,11,4,1
0,72,11,4,1
0,71,12,4,1
0,71,13,4,1
0,71,14,4,1
0,72,12,4,1
0,72,13,4,1
0,72,14,4,1
0,73,14,4,1
0,74,14,4,1
0,75,14,4,1
0,76,14,4,1
0,77,14,4,1
0,78,14,4,1
0,79,14,4,1
0,80,14,4,1
0,81,14,4,1
0,82,14,4,1
0,83,14,4,1
0,84,14,4,1
0,85,14,4,1
0,86,14,4,1
0,83,8,4,1
0,83,9,4,1
0,83,10,4,1
0,83,11,4,1
0,83,12,4,1
0,83,13,4,1
0,84,8,4,1
0,84,9,4,1
0,84,10,4,1
0,84,11,4,1
0,84,12,4,1
0,84,13,4,1
0,64,8,4,1
0,65,8,4,1
0,66,8,4,1
0,67,8,4,1
0,68,8,4,1
0,69,8,4,1
0,70,8,4,1
0,71,8,4,1
0,72,8,4,1
0,73,8,4,1
0,74,8,4,1
0,75,8,4,1
0,76,8,4,1
0,77,8,4,1
0,78,8,4,1
0,79,8,4,1
0,80,8,4,1
0,81,8,4,1
0,82,8,4,1
0,64,9,4,1
0,64,10,4,1
0,64,11,4,1
0,65,9,4,1
0,65,10,4,1
0,65,11,4,1
0,48,11,4,1
0,49,11,4,1
0,50,11,4,1
0,51,11,4,1
0,52,11,4,1
0,53,11,4,1
0,54,11,4,1
0,55,11,4,1
0,56,11,4,1
0,57,11,4,1
0,58,11,4,1
0,59,11,4,1
0,60,11,4,1
0,61,11,4,1
0,62,11,4,1
0,63,11,4,1
0,48,12,4,1
0,48,13,4,1
0,48,14,4,1
0,49,12,4,1
0,49,13,4,1
0,49,14,4,1
0,51,14,4,1
0,52,14,4,1
0,53,14,4,1
0,54,14,4,1
0,55,14,4,1
0,56,14,4,1
0,57,14,4,1
0,58,14,4,1
0,59,14,4,1
0,60,14,4,1
0,61,14,4,1
0,62,14,4,1
0,63,14,4,1
0,64,14,4,1
0,65,14,4,1
0,66,14,4,1
0,67,14,4,1
0,68,14,4,1
0,69,14,4,1
0,70,14,4,1
0,50,14,4,1
0,53,15,4,1
0,53,16,4,1
0,53,17,4,1
0,54,15,4,1
0,54,16,4,1
0,54,17,4,1
0,55,17,4,1
0,56,17,4,1
0,57,17,4,1
0,58,17,4,1
0,59,17,4,1
0,60,17,4,1
0,61,17,4,1
0,62,17,4,1
0,63,17,4,1
0,64,17,4,1
0,65,17,4,1
0,66,17,4,1
0,67,17,4,1
0,68,17,4,1
0,69,17,4,1
0,70,17,4,1
0,71,17,4,1
0,72,17,4,1
0,73,17,4,1
0,74,17,4,1
0,75,17,4,1
0,76,17,4,1
0,77,17,4,1
0,78,17,4,1
0,79,17,4,1
0,80,17,4,1
0,81,17,4,1
0,82,17,4,1
0,83,17,4,1
0,84,17,4,1
0,85,17,4,1
top edge flash-2,112,23,0,1
bottom edge flash-2,112,24,0,1
