square flash-1,115,118,0,1
top edge flash-0,115,115,0,1
vertical flash-0,115,116,0,1
bottom edge flash-0,115,117,0,1
top edge flash-1,112,115,0,1
vertical flash-1,112,116,0,1
vertical flash-1,112,117,0,1
bottom edge flash-1,112,118,0,1
square flash-2,112,119,0,1
top edge flash-2,115,119,0,1
bottom edge flash-2,115,120,0,1
square flash-0,115,121,0,1
left edge flash-1,116,121,0,1
horizontal flash-1,117,121,0,1
right edge flash-1,118,121,0,1
square flash-2,119,121,0,1
left edge flash-0,120,121,0,1
right edge flash-0,121,121,0,1
square flash-1,122,121,0,1
left edge flash-2,123,121,0,1
horizontal flash-2,124,121,0,1
right edge flash-2,125,121,0,1
square flash-0,126,121,0,1
square flash-1,127,121,0,1
left edge flash-0,128,121,0,1
horizontal flash-0,129,121,0,1
right edge flash-0,130,121,0,1
top edge flash-0,112,120,0,1
vertical flash-0,112,121,0,1
vertical flash-0,112,122,0,1
bottom edge flash-0,112,123,0,1
square flash-1,112,124,0,1
square flash-2,112,125,0,1
top edge flash-0,112,126,0,1
vertical flash-0,112,127,0,1
bottom edge flash-0,112,128,0,1
top edge flash-1,112,129,0,1
bottom edge flash-1,112,130,0,1
square flash-2,113,130,0,1
left edge flash-0,114,130,0,1
horizontal flash-0,115,130,0,1
horizontal flash-0,116,130,0,1
right edge flash-0,117,130,0,1
square flash-1,118,130,0,1
left edge flash-2,119,130,0,1
horizontal flash-2,120,130,0,1
right edge flash-2,121,130,0,1
square flash-0,122,130,0,1
square flash-1,123,130,0,1
left edge flash-2,124,130,0,1
horizontal flash-2,125,130,0,1
right edge flash-2,126,130,0,1
square flash-0,127,130,0,1
left edge flash-1,128,130,0,1
horizontal flash-1,129,130,0,1
horizontal flash-1,130,130,0,1
right edge flash-1,131,130,0,1
square flash-2,132,130,0,1
left edge flash-0,133,130,0,1
horizontal flash-0,134,130,0,1
horizontal flash-0,135,130,0,1
right edge flash-0,136,130,0,1
square flash-1,137,130,0,1
square flash-2,138,130,0,1
left edge flash-0,139,130,0,1
right edge flash-0,140,130,0,1
square flash-1,131,121,0,1
left edge flash-2,132,121,0,1
right edge flash-2,133,121,0,1
square flash-0,137,121,0,1
square flash-2,141,121,0,1
square flash-1,144,121,0,1
square flash-1,150,121,0,1
square flash-2,153,121,0,1
square flash-0,157,121,0,1
square flash-2,160,121,0,1
left edge flash-0,161,121,0,1
horizontal flash-0,162,121,0,1
right edge flash-0,163,121,0,1
square flash-1,141,130,0,1
left edge flash-2,142,130,0,1
horizontal flash-2,143,130,0,1
right edge flash-2,144,130,0,1
square flash-0,145,130,0,1
left edge flash-1,146,130,0,1
horizontal flash-1,147,130,0,1
right edge flash-1,148,130,0,1
square flash-2,149,130,0,1
square flash-0,150,130,0,1
square flash-1,151,130,0,1
left edge flash-0,152,130,0,1
horizontal flash-0,153,130,0,1
right edge flash-0,154,130,0,1
square flash-1,155,130,0,1
left edge flash-2,156,130,0,1
right edge flash-2,157,130,0,1
square flash-0,158,130,0,1
left edge flash-1,159,130,0,1
horizontal flash-1,160,130,0,1
right edge flash-1,161,130,0,1
square flash-2,162,130,0,1
square flash-0,163,130,0,1
left edge flash-2,164,130,0,1
horizontal flash-2,165,130,0,1
horizontal flash-2,166,130,0,1
right edge flash-2,167,130,0,1
square flash-0,168,130,0,1
left edge flash-1,169,130,0,1
horizontal flash-1,170,130,0,1
right edge flash-1,171,130,0,1
square flash-2,172,130,0,1
left edge flash-0,173,130,0,1
horizontal flash-0,174,130,0,1
right edge flash-0,175,130,0,1
square flash-2,176,130,0,1
square flash-0,177,130,0,1
left edge flash-1,178,130,0,1
horizontal flash-1,179,130,0,1
right edge flash-1,180,130,0,1
square flash-2,181,130,0,1
square flash-0,182,130,0,1
square flash-1,183,130,0,1
left edge flash-2,184,130,0,1
horizontal flash-2,185,130,0,1
right edge flash-2,186,130,0,1
square flash-0,187,130,0,1
left edge flash-1,188,130,0,1
right edge flash-1,189,130,0,1
square flash-1,190,130,0,1
left edge flash-0,190,129,0,1
right edge flash-0,191,129,0,1
square flash-2,192,129,0,1
square flash-0,193,129,0,1
bottom edge flash-2,195,130,0,1
top edge flash-0,195,131,0,1
vertical flash-0,195,132,0,1
vertical flash-0,195,133,0,1
vertical flash-0,195,134,0,1
vertical flash-0,195,135,0,1
bottom edge flash-0,195,136,0,1
top edge flash-2,190,127,0,1
bottom edge flash-2,190,128,0,1
square flash-1,191,127,0,1
left edge flash-0,192,127,0,1
right edge flash-0,193,127,0,1
square flash-1,194,129,0,1
top edge flash-2,195,129,0,1
left edge flash-1,194,127,0,1
horizontal flash-1,195,127,0,1
right edge flash-1,196,127,0,1
square flash-2,197,127,0,1
left edge flash-0,198,127,0,1
horizontal flash-0,199,127,0,1
right edge flash-0,200,127,0,1
square flash-1,190,126,0,1
left edge flash-0,190,125,0,1
right edge flash-0,191,125,0,1
square flash-1,192,125,0,1
left edge flash-2,186,125,0,1
right edge flash-2,187,125,0,1
left edge flash-1,184,125,0,1
right edge flash-1,185,125,0,1
square flash-0,183,125,0,1
square flash-1,164,121,0,1
square flash-2,165,121,0,1
left edge flash-1,166,121,0,1
horizontal flash-1,167,121,0,1
right edge flash-1,168,121,0,1
square flash-2,169,121,0,1
left edge flash-0,170,121,0,1
horizontal flash-0,171,121,0,1
right edge flash-0,172,121,0,1
square flash-1,173,121,0,1
left edge flash-2,174,121,0,1
horizontal flash-2,175,121,0,1
right edge flash-2,176,121,0,1
square flash-0,177,121,0,1
left edge flash-1,178,121,0,1
right edge flash-1,179,121,0,1
left edge flash-0,180,121,0,1
right edge flash-0,181,121,0,1
square flash-1,182,121,0,1
left edge flash-2,183,121,0,1
horizontal flash-2,184,121,0,1
right edge flash-2,185,121,0,1
bottom edge flash-0,185,118,0,1
top edge flash-0,185,114,0,1
vertical flash-0,185,115,0,1
vertical flash-0,185,116,0,1
vertical flash-0,185,117,0,1
left edge flash-0,178,127,0,1
right edge flash-0,179,127,0,1
square flash-2,177,127,0,1
left edge flash-1,175,127,0,1
square flash-0,174,127,0,1
horizontal flash-2,172,127,0,1
right edge flash-2,173,127,0,1
left edge flash-2,170,127,0,1
horizontal flash-2,171,127,0,1
square flash-1,169,127,0,1
left edge flash-0,167,127,0,1
right edge flash-0,168,127,0,1
square flash-2,166,127,0,1
square flash-0,165,127,0,1
right edge flash-1,176,127,0,1
left edge flash-2,193,125,0,1
horizontal flash-2,194,125,0,1
right edge flash-2,195,125,0,1
square flash-0,196,125,0,1
left edge flash-1,197,125,0,1
right edge flash-1,198,125,0,1
square flash-2,199,125,0,1
left edge flash-0,200,125,0,1
right edge flash-0,201,125,0,1
square flash-1,201,127,0,1
left edge flash-0,196,129,0,1
right edge flash-0,197,129,0,1
left edge flash-1,198,129,0,1
right edge flash-1,199,129,0,1
left edge flash-0,200,129,0,1
right edge flash-0,201,129,0,1
square flash-1,200,130,0,1
top edge flash-2,200,131,0,1
vertical flash-2,200,132,0,1
vertical flash-2,200,133,0,1
vertical flash-2,200,134,0,1
vertical flash-2,200,135,0,1
bottom edge flash-2,200,136,0,1
square flash-1,202,125,0,1
left edge flash-2,203,125,0,1
horizontal flash-2,204,125,0,1
right edge flash-2,205,125,0,1
left edge flash-0,202,127,0,1
right edge flash-0,203,127,0,1
square flash-1,204,127,0,1
left edge flash-2,205,127,0,1
horizontal flash-2,206,127,0,1
right edge flash-2,207,127,0,1
square flash-2,202,129,0,1
square flash-0,203,129,0,1
top edge flash-0,204,131,0,1
vertical flash-0,204,132,0,1
vertical flash-0,204,133,0,1
vertical flash-0,204,134,0,1
vertical flash-0,204,135,0,1
bottom edge flash-0,204,136,0,1
top edge flash-2,204,129,0,1
bottom edge flash-2,204,130,0,1
square flash-1,205,129,0,1
square flash-0,206,129,0,1
bottom left corner w flash-0,189,120,0,1
w wall flash-0,189,118,0,1
w wall flash-0,189,119,0,1
w wall flash-0,189,117,0,1
top left w flash-0,190,118,0,1
bottom left w flash-0,190,119,0,1
bottom right w flash-0,191,119,0,1
top right w flash-0,191,118,0,1
w roof flash-0,190,117,0,1
w roof flash-0,191,117,0,1
w ceiling flash-0,190,120,0,1
w ceiling flash-0,191,120,0,1
square flash-0,147,121,0,1
0,118,116,0,1
0,119,116,0,1
0,120,116,0,1
0,121,116,0,1
0,122,116,0,1
0,123,116,0,1
0,124,116,0,1
0,125,116,0,1
0,126,116,0,1
0,127,116,0,1
0,116,115,4,1
0,116,116,4,1
0,116,117,4,1
0,116,118,4,1
0,116,119,4,1
0,116,120,4,1
0,117,115,4,1
0,117,116,4,1
0,117,117,4,1
0,117,118,4,1
0,117,119,4,1
0,117,120,4,1
0,118,117,4,1
0,118,118,4,1
0,118,119,4,1
0,118,120,4,1
0,119,117,4,1
0,119,118,4,1
0,119,119,4,1
0,119,120,4,1
0,120,117,4,1
0,120,118,4,1
0,120,119,4,1
0,120,120,4,1
0,121,117,4,1
0,121,118,4,1
0,121,119,4,1
0,121,120,4,1
0,122,117,4,1
0,122,118,4,1
0,122,119,4,1
0,122,120,4,1
0,123,117,4,1
0,123,118,4,1
0,123,119,4,1
0,123,120,4,1
0,124,117,4,1
0,124,118,4,1
0,124,119,4,1
0,124,120,4,1
0,125,117,4,1
0,125,118,4,1
0,125,119,4,1
0,125,120,4,1
0,126,117,4,1
0,126,118,4,1
0,126,119,4,1
0,126,120,4,1
0,127,117,4,1
0,127,118,4,1
0,127,119,4,1
0,127,120,4,1
0,128,117,4,1
0,128,118,4,1
0,128,119,4,1
0,128,120,4,1
0,129,117,4,1
0,129,118,4,1
0,129,119,4,1
0,129,120,4,1
0,130,117,4,1
0,130,118,4,1
0,130,119,4,1
0,130,120,4,1
0,131,117,4,1
0,131,118,4,1
0,131,119,4,1
0,131,120,4,1
0,132,117,4,1
0,132,118,4,1
0,132,119,4,1
0,132,120,4,1
0,133,117,4,1
0,133,118,4,1
0,133,119,4,1
0,133,120,4,1
0,134,117,4,1
0,134,118,4,1
0,134,119,4,1
0,134,120,4,1
0,135,117,4,1
0,135,118,4,1
0,135,119,4,1
0,135,120,4,1
0,136,117,4,1
0,136,118,4,1
0,136,119,4,1
0,136,120,4,1
0,137,117,4,1
0,137,118,4,1
0,137,119,4,1
0,137,120,4,1
0,138,117,4,1
0,138,119,4,1
0,139,117,4,1
0,139,118,4,1
0,139,120,4,1
0,140,117,4,1
0,140,118,4,1
0,140,119,4,1
0,140,120,4,1
0,141,117,4,1
0,141,118,4,1
0,141,119,4,1
0,141,120,4,1
0,142,117,4,1
0,142,119,4,1
0,143,117,4,1
0,143,118,4,1
0,143,120,4,1
0,144,117,4,1
0,144,118,4,1
0,144,119,4,1
0,144,120,4,1
0,145,117,4,1
0,145,119,4,1
0,146,117,4,1
0,146,118,4,1
0,146,120,4,1
0,147,117,4,1
0,147,118,4,1
0,147,119,4,1
0,148,117,4,1
0,148,119,4,1
0,149,117,4,1
0,149,118,4,1
0,149,120,4,1
0,150,117,4,1
0,150,118,4,1
0,150,119,4,1
0,150,120,4,1
0,151,117,4,1
0,151,119,4,1
0,152,117,4,1
0,152,118,4,1
0,152,120,4,1
0,153,117,4,1
0,153,118,4,1
0,153,120,4,1
0,154,117,4,1
0,155,117,4,1
0,155,118,4,1
0,155,120,4,1
0,156,117,4,1
0,156,118,4,1
0,156,119,4,1
0,156,120,4,1
0,157,117,4,1
0,157,118,4,1
0,157,119,4,1
0,157,120,4,1
0,158,117,4,1
0,158,119,4,1
0,159,117,4,1
0,159,118,4,1
0,159,120,4,1
0,160,117,4,1
0,160,118,4,1
0,160,119,4,1
0,160,120,4,1
0,161,117,4,1
0,161,118,4,1
0,161,119,4,1
0,161,120,4,1
0,162,117,4,1
0,162,119,4,1
0,163,117,4,1
0,163,118,4,1
0,163,120,4,1
0,164,117,4,1
0,164,118,4,1
0,164,119,4,1
0,164,120,4,1
0,165,117,4,1
0,165,118,4,1
0,165,119,4,1
0,165,120,4,1
0,166,117,4,1
0,166,118,4,1
0,166,119,4,1
0,166,120,4,1
0,167,117,4,1
0,167,118,4,1
0,167,119,4,1
0,167,120,4,1
0,168,117,4,1
0,168,118,4,1
0,168,119,4,1
0,168,120,4,1
0,169,117,4,1
0,169,118,4,1
0,169,119,4,1
0,169,120,4,1
0,170,117,4,1
0,170,118,4,1
0,170,119,4,1
0,170,120,4,1
0,171,117,4,1
0,171,118,4,1
0,171,119,4,1
0,171,120,4,1
0,172,117,4,1
0,172,118,4,1
0,172,119,4,1
0,172,120,4,1
0,173,117,4,1
0,173,118,4,1
0,173,119,4,1
0,173,120,4,1
0,174,117,4,1
0,174,118,4,1
0,174,119,4,1
0,174,120,4,1
0,175,117,4,1
0,175,118,4,1
0,175,119,4,1
0,175,120,4,1
0,176,117,4,1
0,176,118,4,1
0,176,119,4,1
0,176,120,4,1
0,177,117,4,1
0,177,118,4,1
0,177,119,4,1
0,177,120,4,1
0,178,117,4,1
0,178,118,4,1
0,178,119,4,1
0,178,120,4,1
0,179,117,4,1
0,179,118,4,1
0,179,119,4,1
0,179,120,4,1
0,180,117,4,1
0,180,118,4,1
0,180,119,4,1
0,180,120,4,1
0,181,117,4,1
0,181,118,4,1
0,181,119,4,1
0,181,120,4,1
0,182,117,4,1
0,182,118,4,1
0,182,119,4,1
0,182,120,4,1
0,183,117,4,1
0,183,118,4,1
0,183,119,4,1
0,183,120,4,1
0,184,117,4,1
0,184,118,4,1
0,184,119,4,1
0,184,120,4,1
0,185,119,0,1
0,185,120,4,1
0,128,116,4,1
0,129,116,4,1
0,130,116,4,1
0,131,116,4,1
0,132,116,4,1
0,133,116,4,1
0,134,116,4,1
0,135,116,4,1
0,136,116,4,1
0,137,116,4,1
0,138,116,4,1
0,139,116,4,1
0,140,116,4,1
0,141,116,4,1
0,142,116,4,1
0,143,116,4,1
0,144,116,4,1
0,145,116,4,1
0,146,116,4,1
0,147,116,4,1
0,148,116,4,1
0,149,116,4,1
0,150,116,4,1
0,151,116,4,1
0,152,116,4,1
0,153,116,4,1
0,154,116,4,1
0,155,116,4,1
0,156,116,4,1
0,157,116,4,1
0,158,116,4,1
0,159,116,4,1
0,160,116,4,1
0,161,116,4,1
0,162,116,4,1
0,163,116,4,1
0,164,116,4,1
0,165,116,4,1
0,166,116,4,1
0,167,116,4,1
0,168,116,4,1
0,169,116,4,1
0,170,116,4,1
0,171,116,4,1
0,172,116,4,1
0,173,116,4,1
0,174,116,4,1
0,175,116,4,1
0,176,116,4,1
0,177,116,4,1
0,178,116,4,1
0,179,116,4,1
0,180,116,4,1
0,181,116,4,1
0,182,116,4,1
0,183,116,4,1
0,184,116,4,1
0,134,121,4,1
0,135,121,4,1
0,136,121,4,1
0,138,121,4,1
0,140,121,4,1
0,113,115,4,1
0,113,116,4,1
0,113,117,4,1
0,113,118,4,1
0,113,119,4,1
0,113,120,4,1
0,113,121,4,1
0,113,122,4,1
0,113,123,4,1
0,113,124,4,1
0,113,125,4,1
0,113,126,4,1
0,113,127,4,1
0,113,128,4,1
0,113,129,4,1
0,114,115,4,1
0,114,116,4,1
0,114,117,4,1
0,114,118,4,1
0,114,119,4,1
0,114,120,4,1
0,114,121,4,1
0,114,122,4,1
0,114,123,4,1
0,114,124,4,1
0,114,125,4,1
0,114,126,4,1
0,114,127,4,1
0,114,128,4,1
0,114,129,4,1
0,115,123,4,1
0,115,124,4,1
0,115,125,4,1
0,115,126,4,1
0,115,127,4,1
0,115,128,4,1
0,115,129,4,1
0,116,123,4,1
0,116,125,4,1
0,116,127,4,1
0,116,129,4,1
0,117,124,4,1
0,117,126,4,1
0,117,128,4,1
0,117,129,4,1
0,118,123,4,1
0,118,124,4,1
0,118,125,4,1
0,118,126,4,1
0,118,127,4,1
0,118,128,4,1
0,118,129,4,1
0,119,123,4,1
0,119,124,4,1
0,119,125,4,1
0,119,126,4,1
0,119,127,4,1
0,119,128,4,1
0,119,129,4,1
0,120,123,4,1
0,120,125,4,1
0,120,127,4,1
0,120,129,4,1
0,121,124,4,1
0,121,126,4,1
0,121,128,4,1
0,121,129,4,1
0,122,123,4,1
0,122,124,4,1
0,122,125,4,1
0,122,126,4,1
0,122,127,4,1
0,122,128,4,1
0,122,129,4,1
0,123,123,4,1
0,123,124,4,1
0,123,125,4,1
0,123,126,4,1
0,123,127,4,1
0,123,128,4,1
0,123,129,4,1
0,124,123,4,1
0,124,125,4,1
0,124,127,4,1
0,124,129,4,1
0,125,124,4,1
0,125,126,4,1
0,125,128,4,1
0,125,129,4,1
0,126,123,4,1
0,126,124,4,1
0,126,125,4,1
0,126,126,4,1
0,126,127,4,1
0,126,128,4,1
0,126,129,4,1
0,127,123,4,1
0,127,124,4,1
0,127,125,4,1
0,127,126,4,1
0,127,127,4,1
0,127,128,4,1
0,127,129,4,1
0,128,123,4,1
0,128,125,4,1
0,128,127,4,1
0,128,129,4,1
0,129,124,4,1
0,129,126,4,1
0,129,128,4,1
0,129,129,4,1
0,130,123,4,1
0,130,124,4,1
0,130,125,4,1
0,130,126,4,1
0,130,127,4,1
0,130,128,4,1
0,130,129,4,1
0,131,123,4,1
0,131,124,4,1
0,131,125,4,1
0,131,126,4,1
0,131,127,4,1
0,131,128,4,1
0,131,129,4,1
0,132,123,4,1
0,132,125,4,1
0,132,127,4,1
0,132,129,4,1
0,133,124,4,1
0,133,126,4,1
0,133,128,4,1
0,133,129,4,1
0,134,122,4,1
0,134,123,4,1
0,134,124,4,1
0,134,125,4,1
0,134,126,4,1
0,134,127,4,1
0,134,128,4,1
0,134,129,4,1
0,135,122,4,1
0,135,123,4,1
0,135,124,4,1
0,135,125,4,1
0,135,126,4,1
0,135,127,4,1
0,135,128,4,1
0,135,129,4,1
0,136,122,4,1
0,136,123,4,1
0,136,124,4,1
0,136,125,4,1
0,136,126,4,1
0,136,127,4,1
0,136,128,4,1
0,136,129,4,1
0,137,123,4,1
0,137,124,4,1
0,137,125,4,1
0,137,126,4,1
0,137,127,4,1
0,137,128,4,1
0,137,129,4,1
0,138,123,4,1
0,138,125,4,1
0,138,127,4,1
0,138,129,4,1
0,139,122,4,1
0,139,124,4,1
0,139,126,4,1
0,139,128,4,1
0,139,129,4,1
0,140,122,4,1
0,140,123,4,1
0,140,124,4,1
0,140,125,4,1
0,140,126,4,1
0,140,127,4,1
0,140,128,4,1
0,140,129,4,1
0,141,123,4,1
0,141,124,4,1
0,141,125,4,1
0,141,126,4,1
0,141,127,4,1
0,141,128,4,1
0,141,129,4,1
0,115,122,0,1
0,116,122,0,1
0,117,122,0,1
0,118,122,0,1
0,119,122,0,1
0,120,122,0,1
0,121,122,0,1
0,122,122,0,1
0,123,122,0,1
0,124,122,0,1
0,125,122,0,1
0,126,122,0,1
0,127,122,0,1
0,128,122,0,1
0,129,122,0,1
0,130,122,0,1
0,131,122,0,1
0,132,122,0,1
0,133,122,0,1
0,137,122,0,1
0,141,122,0,1
0,144,122,0,1
0,117,123,3,1
0,116,124,3,1
0,117,125,3,1
0,116,126,3,1
0,117,127,3,1
0,116,128,3,1
0,121,123,3,1
0,120,124,3,1
0,121,125,3,1
0,120,126,3,1
0,121,127,3,1
0,120,128,3,1
0,125,123,3,1
0,124,124,3,1
0,125,125,3,1
0,124,126,3,1
0,125,127,3,1
0,124,128,3,1
0,129,123,3,1
0,128,124,3,1
0,129,125,3,1
0,128,126,3,1
0,129,127,3,1
0,128,128,3,1
0,133,123,3,1
0,132,124,3,1
0,133,125,3,1
0,132,126,3,1
0,133,127,3,1
0,132,128,3,1
0,139,121,3,1
0,138,120,3,1
0,139,119,3,1
0,138,118,3,1
0,138,122,3,1
0,139,123,3,1
0,138,124,3,1
0,139,125,3,1
0,138,126,3,1
0,139,127,3,1
0,138,128,3,1
0,142,125,4,1
0,142,127,4,1
0,142,129,4,1
0,143,124,4,1
0,143,126,4,1
0,143,128,4,1
0,143,129,4,1
0,144,123,4,1
0,144,124,4,1
0,144,125,4,1
0,144,126,4,1
0,144,127,4,1
0,144,128,4,1
0,144,129,4,1
0,145,123,4,1
0,145,125,4,1
0,145,127,4,1
0,145,129,4,1
0,146,124,4,1
0,146,126,4,1
0,146,128,4,1
0,146,129,4,1
0,147,123,4,1
0,147,124,4,1
0,147,125,4,1
0,147,126,4,1
0,147,127,4,1
0,147,128,4,1
0,147,129,4,1
0,148,123,4,1
0,148,125,4,1
0,148,127,4,1
0,148,129,4,1
0,149,124,4,1
0,149,126,4,1
0,149,128,4,1
0,149,129,4,1
0,150,123,4,1
0,150,124,4,1
0,150,125,4,1
0,150,126,4,1
0,150,127,4,1
0,150,128,4,1
0,150,129,4,1
0,151,123,4,1
0,151,125,4,1
0,151,127,4,1
0,151,129,4,1
0,152,124,4,1
0,152,126,4,1
0,152,128,4,1
0,152,129,4,1
0,153,123,4,1
0,153,124,4,1
0,153,125,4,1
0,153,126,4,1
0,153,127,4,1
0,153,128,4,1
0,153,129,4,1
0,154,123,4,1
0,154,125,4,1
0,154,127,4,1
0,154,129,4,1
0,155,124,4,1
0,155,126,4,1
0,155,128,4,1
0,155,129,4,1
0,156,123,4,1
0,156,124,4,1
0,156,125,4,1
0,156,126,4,1
0,156,127,4,1
0,156,128,4,1
0,156,129,4,1
0,157,123,4,1
0,157,124,4,1
0,157,125,4,1
0,157,126,4,1
0,157,127,4,1
0,157,128,4,1
0,157,129,4,1
0,158,123,4,1
0,158,125,4,1
0,158,127,4,1
0,158,129,4,1
0,159,124,4,1
0,159,126,4,1
0,159,128,4,1
0,159,129,4,1
0,160,123,4,1
0,160,124,4,1
0,160,125,4,1
0,160,126,4,1
0,160,127,4,1
0,160,128,4,1
0,160,129,4,1
0,161,123,4,1
0,161,124,4,1
0,161,125,4,1
0,161,126,4,1
0,161,127,4,1
0,161,128,4,1
0,161,129,4,1
0,162,123,4,1
0,162,125,4,1
0,162,127,4,1
0,162,129,4,1
0,163,124,4,1
0,163,126,4,1
0,163,128,4,1
0,163,129,4,1
0,164,123,4,1
0,164,124,4,1
0,164,125,4,1
0,164,126,4,1
0,164,127,4,1
0,164,128,4,1
0,164,129,4,1
0,145,121,4,1
0,146,122,4,1
0,143,122,4,1
0,142,121,4,1
0,148,121,4,1
0,149,122,4,1
0,151,121,4,1
0,152,122,4,1
0,154,121,4,1
0,155,122,4,1
0,156,121,4,1
0,156,122,4,1
0,158,121,4,1
0,159,122,4,1
0,165,123,4,1
0,165,124,4,1
0,165,125,4,1
0,165,126,4,1
0,166,123,4,1
0,166,125,4,1
0,167,124,4,1
0,167,126,4,1
0,168,123,4,1
0,168,124,4,1
0,168,125,4,1
0,168,126,4,1
0,169,123,4,1
0,169,124,4,1
0,169,125,4,1
0,169,126,4,1
0,170,123,4,1
0,170,125,4,1
0,171,124,4,1
0,171,126,4,1
0,172,123,4,1
0,172,124,4,1
0,172,125,4,1
0,172,126,4,1
0,173,123,4,1
0,173,124,4,1
0,173,125,4,1
0,173,126,4,1
0,174,123,4,1
0,174,125,4,1
0,175,124,4,1
0,175,126,4,1
0,176,123,4,1
0,176,124,4,1
0,176,125,4,1
0,176,126,4,1
0,177,123,4,1
0,177,124,4,1
0,177,125,4,1
0,177,126,4,1
0,178,123,4,1
0,178,125,4,1
0,179,124,4,1
0,179,126,4,1
0,180,123,4,1
0,180,124,4,1
0,180,125,4,1
0,180,126,4,1
0,181,123,4,1
0,181,124,4,1
0,181,125,4,1
0,181,126,4,1
0,182,123,4,1
0,182,125,4,1
0,182,126,4,1
0,165,129,4,1
0,166,129,4,1
0,167,129,4,1
0,168,129,4,1
0,169,129,4,1
0,170,129,4,1
0,171,129,4,1
0,172,129,4,1
0,173,129,4,1
0,174,129,4,1
0,175,129,4,1
0,176,129,4,1
0,177,129,4,1
0,178,129,4,1
0,179,129,4,1
0,180,129,4,1
0,181,129,4,1
0,182,129,4,1
0,183,129,4,1
0,184,129,4,1
0,185,129,4,1
0,186,129,4,1
0,187,129,4,1
0,188,129,4,1
0,189,129,4,1
0,180,127,4,1
0,180,128,4,1
0,181,127,4,1
0,181,128,4,1
0,182,127,4,1
0,182,128,4,1
0,183,127,4,1
0,183,128,4,1
0,184,127,4,1
0,184,128,4,1
0,185,127,4,1
0,185,128,4,1
0,186,127,4,1
0,187,128,4,1
0,188,127,4,1
0,188,128,4,1
0,189,127,4,1
0,189,128,4,1
0,183,124,4,1
0,184,123,4,1
0,184,124,4,1
0,185,123,4,1
0,185,124,4,1
0,186,123,4,1
0,187,124,4,1
0,188,123,4,1
0,188,124,4,1
0,188,125,4,1
0,188,126,4,1
0,189,125,4,1
0,189,126,4,1
0,160,122,0,1
0,161,122,0,1
0,162,122,0,1
0,163,122,0,1
0,164,122,0,1
0,165,122,0,1
0,166,122,0,1
0,167,122,0,1
0,168,122,0,1
0,169,122,0,1
0,170,122,0,1
0,171,122,0,1
0,172,122,0,1
0,173,122,0,1
0,174,122,0,1
0,175,122,0,1
0,176,122,0,1
0,177,122,0,1
0,178,122,0,1
0,179,122,0,1
0,180,122,0,1
0,181,122,0,1
0,182,122,0,1
0,183,122,0,1
0,184,122,0,1
0,185,122,0,1
0,165,128,0,1
0,166,128,0,1
0,167,128,0,1
0,168,128,0,1
0,169,128,0,1
0,170,128,0,1
0,171,128,0,1
0,172,128,0,1
0,173,128,0,1
0,174,128,0,1
0,175,128,0,1
0,176,128,0,1
0,177,128,0,1
0,178,128,0,1
0,179,128,0,1
0,183,126,0,1
0,184,126,0,1
0,185,126,0,1
0,186,126,0,1
0,187,126,0,1
0,157,122,0,1
0,153,122,0,1
0,150,122,0,1
0,147,122,0,1
0,143,121,3,1
0,142,122,3,1
0,143,123,3,1
0,142,124,3,1
0,143,125,3,1
0,142,126,3,1
0,143,127,3,1
0,142,128,3,1
0,142,123,4,1
0,142,120,3,1
0,143,119,3,1
0,142,118,3,1
0,146,121,3,1
0,145,122,3,1
0,146,123,3,1
0,145,124,3,1
0,146,125,3,1
0,145,126,3,1
0,146,127,3,1
0,145,128,3,1
0,145,120,3,1
0,146,119,3,1
0,145,118,3,1
0,149,121,3,1
0,148,122,3,1
0,149,123,3,1
0,148,124,3,1
0,149,125,3,1
0,148,126,3,1
0,149,127,3,1
0,148,128,3,1
0,148,120,3,1
0,149,119,3,1
0,148,118,3,1
0,147,120,4,1
0,152,121,3,1
0,151,120,3,1
0,152,119,3,1
0,151,118,3,1
0,153,119,4,1
0,154,119,4,1
0,151,122,3,1
0,152,123,3,1
0,151,124,3,1
0,152,125,3,1
0,151,126,3,1
0,152,127,3,1
0,151,128,3,1
0,155,121,3,1
0,154,120,3,1
0,155,119,3,1
0,154,118,3,1
0,154,122,3,1
0,155,123,3,1
0,154,124,3,1
0,155,125,3,1
0,154,126,3,1
0,155,127,3,1
0,154,128,3,1
0,159,121,3,1
0,158,122,3,1
0,159,123,3,1
0,158,124,3,1
0,159,125,3,1
0,158,126,3,1
0,159,127,3,1
0,158,128,3,1
0,158,120,3,1
0,159,119,3,1
0,158,118,3,1
0,162,120,3,1
0,163,119,3,1
0,162,118,3,1
0,163,123,3,1
0,162,124,3,1
0,163,125,3,1
0,162,126,3,1
0,163,127,3,1
0,162,128,3,1
0,167,123,3,1
0,166,124,3,1
0,167,125,3,1
0,166,126,3,1
0,170,126,3,1
0,171,125,3,1
0,170,124,3,1
0,171,123,3,1
0,174,126,3,1
0,175,125,3,1
0,174,124,3,1
0,175,123,3,1
0,178,126,3,1
0,179,125,3,1
0,178,124,3,1
0,179,123,3,1
0,183,123,3,1
0,182,124,3,1
0,186,116,4,1
0,186,117,4,1
0,186,119,4,1
0,186,121,4,1
0,187,116,4,1
0,187,118,4,1
0,187,120,4,1
0,187,122,4,1
0,188,116,4,1
0,188,117,4,1
0,188,118,4,1
0,188,119,4,1
0,188,120,4,1
0,188,121,4,1
0,188,122,4,1
0,189,122,4,1
0,189,123,4,1
0,189,124,4,1
0,190,122,4,1
0,190,123,4,1
0,190,124,4,1
0,191,122,4,1
0,191,123,4,1
0,191,124,4,1
0,192,122,4,1
0,192,123,4,1
0,192,124,4,1
0,193,122,4,1
0,193,123,4,1
0,193,124,4,1
0,194,122,4,1
0,194,123,4,1
0,194,124,4,1
0,195,122,4,1
0,195,123,4,1
0,195,124,4,1
0,196,122,4,1
0,196,123,4,1
0,196,124,4,1
0,197,122,4,1
0,197,123,4,1
0,197,124,4,1
0,198,122,4,1
0,198,123,4,1
0,198,124,4,1
0,199,122,4,1
0,199,123,4,1
0,199,124,4,1
0,200,122,4,1
0,200,123,4,1
0,200,124,4,1
0,201,122,4,1
0,201,123,4,1
0,201,124,4,1
0,202,122,4,1
0,202,123,4,1
0,202,124,4,1
0,203,122,4,1
0,203,123,4,1
0,203,124,4,1
0,189,121,0,1
0,190,121,0,1
0,191,121,0,1
0,192,121,0,1
0,193,121,0,1
0,194,121,0,1
0,195,121,0,1
0,199,121,0,1
0,200,121,0,1
0,201,121,0,1
0,202,121,0,1
0,186,124,3,1
0,187,123,3,1
0,186,122,3,1
0,187,121,3,1
0,186,120,3,1
0,187,119,3,1
0,186,118,3,1
0,187,117,3,1
0,187,127,3,1
0,186,128,3,1
left edge flash-1,192,120,0,1
horizontal flash-1,193,120,0,1
right edge flash-1,194,120,0,1
square flash-2,195,120,0,1
square flash-1,199,120,0,1
left edge flash-2,200,120,0,1
right edge flash-2,201,120,0,1
left edge flash-1,203,120,0,1
right edge flash-1,204,120,0,1
square flash-2,205,120,0,1
square flash-0,206,120,0,1
square flash-1,207,120,0,1
top edge flash-2,208,119,0,1
bottom edge flash-2,208,120,0,1
square flash-0,202,120,0,1
left edge flash-0,196,120,0,1
horizontal flash-0,197,120,0,1
right edge flash-0,198,120,0,1
0,196,121,0,1
0,197,121,0,1
0,198,121,0,1
0,203,121,0,1
0,204,121,0,1
0,205,121,0,1
0,206,121,0,1
0,207,121,0,1
0,208,121,0,1
0,204,122,4,1
0,204,123,4,1
0,204,124,4,1
0,205,122,4,1
0,205,123,4,1
0,205,124,4,1
0,206,122,4,1
0,206,123,4,1
0,206,124,4,1
0,207,122,4,1
0,207,123,4,1
0,207,124,4,1
0,208,122,4,1
0,208,123,4,1
0,208,124,4,1
0,191,126,0,1
0,194,126,0,1
0,195,126,0,1
0,196,126,0,1
0,197,126,0,1
0,199,126,0,1
0,200,126,0,1
0,204,126,0,1
0,205,126,0,1
0,192,126,2,1
0,193,126,2,1
0,198,126,2,1
0,201,126,2,1
0,202,126,2,1
0,203,126,2,1
0,191,128,0,1
0,192,128,0,1
0,194,128,0,1
0,195,128,0,1
0,197,128,0,1
0,198,128,0,1
0,199,128,0,1
0,200,128,0,1
0,201,128,0,1
0,202,128,0,1
0,204,128,0,1
0,205,128,0,1
0,206,128,0,1
0,193,128,2,1
0,196,128,2,1
0,203,128,2,1
0,191,130,0,1
0,192,130,0,1
0,193,130,0,1
0,194,130,0,1
0,196,130,0,1
0,198,130,0,1
0,199,130,0,1
0,201,130,0,1
0,202,130,0,1
0,203,130,0,1
0,205,130,0,1
0,206,130,0,1
0,112,131,0,1
0,113,131,0,1
0,114,131,0,1
0,117,131,0,1
0,118,131,0,1
0,119,131,0,1
0,121,131,0,1
0,122,131,0,1
0,124,131,0,1
0,125,131,0,1
0,126,131,0,1
0,128,131,0,1
0,129,131,0,1
0,130,131,0,1
0,133,131,0,1
0,134,131,0,1
0,135,131,0,1
0,137,131,0,1
0,138,131,0,1
0,140,131,0,1
0,141,131,0,1
0,143,131,0,1
0,144,131,0,1
0,145,131,0,1
0,146,131,0,1
0,149,131,0,1
0,150,131,0,1
0,151,131,0,1
0,152,131,0,1
0,155,131,0,1
0,156,131,0,1
0,157,131,0,1
0,159,131,0,1
0,160,131,0,1
0,161,131,0,1
0,162,131,0,1
0,165,131,0,1
0,166,131,0,1
0,167,131,0,1
0,169,131,0,1
0,170,131,0,1
0,172,131,0,1
0,173,131,0,1
0,174,131,0,1
0,176,131,0,1
0,177,131,0,1
0,179,131,0,1
0,180,131,0,1
0,182,131,0,1
0,183,131,0,1
0,184,131,0,1
0,187,131,0,1
0,188,131,0,1
0,190,131,0,1
0,96,115,4,1
0,96,116,4,1
0,96,117,4,1
0,96,118,4,1
0,96,119,4,1
0,96,120,4,1
0,96,121,4,1
0,96,122,4,1
0,96,123,4,1
0,96,124,4,1
0,96,125,4,1
0,96,126,4,1
0,96,127,4,1
0,96,128,4,1
0,96,129,4,1
0,96,130,4,1
0,96,131,4,1
0,97,115,4,1
0,97,116,4,1
0,97,117,4,1
0,97,118,4,1
0,97,119,4,1
0,97,120,4,1
0,97,121,4,1
0,97,122,4,1
0,97,123,4,1
0,97,124,4,1
0,97,125,4,1
0,97,126,4,1
0,97,127,4,1
0,97,128,4,1
0,97,129,4,1
0,97,130,4,1
0,97,131,4,1
0,98,115,4,1
0,98,116,4,1
0,98,117,4,1
0,98,118,4,1
0,98,119,4,1
0,98,120,4,1
0,98,121,4,1
0,98,122,4,1
0,98,123,4,1
0,98,124,4,1
0,98,125,4,1
0,98,126,4,1
0,98,127,4,1
0,98,128,4,1
0,98,129,4,1
0,98,130,4,1
0,98,131,4,1
0,99,115,4,1
0,99,116,4,1
0,99,117,4,1
0,99,118,4,1
0,99,119,4,1
0,99,120,4,1
0,99,121,4,1
0,99,122,4,1
0,99,123,4,1
0,99,124,4,1
0,99,125,4,1
0,99,126,4,1
0,99,127,4,1
0,99,128,4,1
0,99,129,4,1
0,99,130,4,1
0,99,131,4,1
0,100,115,4,1
0,100,116,4,1
0,100,117,4,1
0,100,118,4,1
0,100,119,4,1
0,100,120,4,1
0,100,121,4,1
0,100,122,4,1
0,100,123,4,1
0,100,124,4,1
0,100,125,4,1
0,100,126,4,1
0,100,127,4,1
0,100,128,4,1
0,100,129,4,1
0,100,130,4,1
0,100,131,4,1
0,101,115,4,1
0,101,116,4,1
0,101,117,4,1
0,101,118,4,1
0,101,119,4,1
0,101,120,4,1
0,101,121,4,1
0,101,122,4,1
0,101,123,4,1
0,101,124,4,1
0,101,125,4,1
0,101,126,4,1
0,101,127,4,1
0,101,128,4,1
0,101,129,4,1
0,101,130,4,1
0,101,131,4,1
0,102,115,4,1
0,102,116,4,1
0,102,117,4,1
0,102,118,4,1
0,102,119,4,1
0,102,120,4,1
0,102,121,4,1
0,102,122,4,1
0,102,123,4,1
0,102,124,4,1
0,102,125,4,1
0,102,126,4,1
0,102,127,4,1
0,102,128,4,1
0,102,129,4,1
0,102,130,4,1
0,102,131,4,1
0,103,115,4,1
0,103,116,4,1
0,103,117,4,1
0,103,118,4,1
0,103,119,4,1
0,103,120,4,1
0,103,121,4,1
0,103,122,4,1
0,103,123,4,1
0,103,124,4,1
0,103,125,4,1
0,103,126,4,1
0,103,127,4,1
0,103,128,4,1
0,103,129,4,1
0,103,130,4,1
0,103,131,4,1
0,104,115,4,1
0,104,116,4,1
0,104,117,4,1
0,104,118,4,1
0,104,119,4,1
0,104,120,4,1
0,104,121,4,1
0,104,122,4,1
0,104,123,4,1
0,104,124,4,1
0,104,125,4,1
0,104,126,4,1
0,104,127,4,1
0,104,128,4,1
0,104,129,4,1
0,104,130,4,1
0,104,131,4,1
0,105,115,4,1
0,105,116,4,1
0,105,117,4,1
0,105,118,4,1
0,105,119,4,1
0,105,120,4,1
0,105,121,4,1
0,105,122,4,1
0,105,123,4,1
0,105,124,4,1
0,105,125,4,1
0,105,126,4,1
0,105,127,4,1
0,105,128,4,1
0,105,129,4,1
0,105,130,4,1
0,105,131,4,1
0,106,115,4,1
0,106,116,4,1
0,106,117,4,1
0,106,118,4,1
0,106,119,4,1
0,106,120,4,1
0,106,121,4,1
0,106,122,4,1
0,106,123,4,1
0,106,124,4,1
0,106,125,4,1
0,106,126,4,1
0,106,127,4,1
0,106,128,4,1
0,106,129,4,1
0,106,130,4,1
0,106,131,4,1
0,108,115,4,1
0,108,116,4,1
0,108,117,4,1
0,108,118,4,1
0,108,119,4,1
0,108,120,4,1
0,108,121,4,1
0,108,122,4,1
0,108,123,4,1
0,108,124,4,1
0,108,125,4,1
0,108,126,4,1
0,108,127,4,1
0,108,128,4,1
0,108,129,4,1
0,108,130,4,1
0,108,131,4,1
0,109,115,4,1
0,109,116,4,1
0,109,117,4,1
0,109,118,4,1
0,109,119,4,1
0,109,120,4,1
0,109,121,4,1
0,109,122,4,1
0,109,123,4,1
0,109,124,4,1
0,109,125,4,1
0,109,126,4,1
0,109,127,4,1
0,109,128,4,1
0,109,129,4,1
0,109,130,4,1
0,109,131,4,1
0,110,115,4,1
0,110,116,4,1
0,110,117,4,1
0,110,118,4,1
0,110,119,4,1
0,110,120,4,1
0,110,121,4,1
0,110,122,4,1
0,110,123,4,1
0,110,124,4,1
0,110,125,4,1
0,110,126,4,1
0,110,127,4,1
0,110,128,4,1
0,110,129,4,1
0,110,130,4,1
0,110,131,4,1
0,111,115,4,1
0,111,116,4,1
0,111,117,4,1
0,111,118,4,1
0,111,119,4,1
0,111,120,4,1
0,111,121,4,1
0,111,122,4,1
0,111,123,4,1
0,111,124,4,1
0,111,125,4,1
0,111,126,4,1
0,111,127,4,1
0,111,128,4,1
0,111,129,4,1
0,111,130,4,1
0,111,131,4,1
0,107,115,6,1
0,107,116,6,1
0,107,117,6,1
0,107,118,6,1
0,107,119,6,1
0,107,120,6,1
0,107,121,6,1
0,107,122,6,1
0,107,123,6,1
0,107,124,6,1
0,107,125,6,1
0,107,126,6,1
0,107,127,6,1
0,107,128,6,1
0,107,129,6,1
0,107,130,6,1
0,107,131,6,1
0,96,132,4,1
0,96,133,4,1
0,96,134,4,1
0,96,135,4,1
0,97,132,4,1
0,97,133,4,1
0,97,134,4,1
0,97,135,4,1
0,98,132,4,1
0,98,133,4,1
0,98,134,4,1
0,98,135,4,1
0,99,132,4,1
0,99,133,4,1
0,99,134,4,1
0,99,135,4,1
0,100,132,4,1
0,100,133,4,1
0,100,134,4,1
0,100,135,4,1
0,101,132,4,1
0,101,133,4,1
0,101,134,4,1
0,101,135,4,1
0,102,132,4,1
0,102,133,4,1
0,102,134,4,1
0,102,135,4,1
0,103,132,4,1
0,103,133,4,1
0,103,134,4,1
0,103,135,4,1
0,104,132,4,1
0,104,133,4,1
0,104,134,4,1
0,104,135,4,1
0,105,132,4,1
0,105,133,4,1
0,105,134,4,1
0,105,135,4,1
0,106,132,4,1
0,106,133,4,1
0,106,134,4,1
0,106,135,4,1
0,108,132,4,1
0,108,133,4,1
0,108,134,4,1
0,108,135,4,1
0,109,132,4,1
0,109,133,4,1
0,109,134,4,1
0,109,135,4,1
0,110,132,4,1
0,110,133,4,1
0,110,134,4,1
0,110,135,4,1
0,111,132,4,1
0,111,133,4,1
0,111,134,4,1
0,111,135,4,1
0,112,132,4,1
0,112,133,4,1
0,112,134,4,1
0,112,135,4,1
0,113,132,4,1
0,113,133,4,1
0,113,134,4,1
0,113,135,4,1
0,114,132,4,1
0,114,133,4,1
0,114,134,4,1
0,114,135,4,1
0,117,132,4,1
0,117,133,4,1
0,117,134,4,1
0,117,135,4,1
0,118,132,4,1
0,118,133,4,1
0,118,134,4,1
0,118,135,4,1
0,119,132,4,1
0,119,133,4,1
0,119,134,4,1
0,119,135,4,1
0,121,132,4,1
0,121,133,4,1
0,121,134,4,1
0,121,135,4,1
0,122,132,4,1
0,122,133,4,1
0,122,134,4,1
0,122,135,4,1
0,124,132,4,1
0,124,133,4,1
0,124,134,4,1
0,124,135,4,1
0,125,132,4,1
0,125,133,4,1
0,125,134,4,1
0,125,135,4,1
0,107,132,6,1
0,107,133,6,1
0,107,134,6,1
0,107,135,6,1
0,126,132,4,1
0,126,133,4,1
0,126,134,4,1
0,126,135,4,1
0,128,132,4,1
0,128,133,4,1
0,128,134,4,1
0,128,135,4,1
0,129,132,4,1
0,129,133,4,1
0,129,134,4,1
0,129,135,4,1
0,130,132,4,1
0,130,133,4,1
0,130,134,4,1
0,130,135,4,1
0,133,132,4,1
0,133,133,4,1
0,133,134,4,1
0,133,135,4,1
0,134,132,4,1
0,134,133,4,1
0,134,134,4,1
0,134,135,4,1
0,135,132,4,1
0,135,133,4,1
0,135,134,4,1
0,135,135,4,1
0,137,132,4,1
0,137,133,4,1
0,137,134,4,1
0,137,135,4,1
0,138,132,4,1
0,138,133,4,1
0,138,134,4,1
0,138,135,4,1
0,140,132,4,1
0,140,133,4,1
0,140,134,4,1
0,140,135,4,1
0,141,132,4,1
0,141,133,4,1
0,141,134,4,1
0,141,135,4,1
0,143,132,4,1
0,143,133,4,1
0,143,134,4,1
0,143,135,4,1
0,144,132,4,1
0,144,133,4,1
0,144,134,4,1
0,144,135,4,1
0,145,132,4,1
0,145,133,4,1
0,145,134,4,1
0,145,135,4,1
0,146,132,4,1
0,146,133,4,1
0,146,134,4,1
0,146,135,4,1
0,149,132,4,1
0,149,133,4,1
0,149,134,4,1
0,149,135,4,1
0,150,132,4,1
0,150,133,4,1
0,150,134,4,1
0,150,135,4,1
0,151,132,4,1
0,151,133,4,1
0,151,134,4,1
0,151,135,4,1
0,152,132,4,1
0,152,133,4,1
0,152,134,4,1
0,152,135,4,1
0,155,132,4,1
0,155,133,4,1
0,155,134,4,1
0,155,135,4,1
0,156,132,4,1
0,156,133,4,1
0,156,134,4,1
0,156,135,4,1
0,157,132,4,1
0,157,133,4,1
0,157,134,4,1
0,157,135,4,1
0,159,132,4,1
0,159,133,4,1
0,159,134,4,1
0,159,135,4,1
0,160,132,4,1
0,160,133,4,1
0,160,134,4,1
0,160,135,4,1
0,161,132,4,1
0,161,133,4,1
0,161,134,4,1
0,161,135,4,1
0,162,132,4,1
0,162,133,4,1
0,162,134,4,1
0,162,135,4,1
0,165,132,4,1
0,165,133,4,1
0,165,134,4,1
0,165,135,4,1
0,166,132,4,1
0,166,133,4,1
0,166,134,4,1
0,166,135,4,1
0,167,132,4,1
0,167,133,4,1
0,167,134,4,1
0,167,135,4,1
0,169,132,4,1
0,169,133,4,1
0,169,134,4,1
0,169,135,4,1
0,170,132,4,1
0,170,133,4,1
0,170,134,4,1
0,170,135,4,1
0,172,132,4,1
0,172,133,4,1
0,172,134,4,1
0,172,135,4,1
0,173,132,4,1
0,173,133,4,1
0,173,134,4,1
0,173,135,4,1
0,174,132,4,1
0,174,133,4,1
0,174,134,4,1
0,174,135,4,1
0,176,132,4,1
0,176,133,4,1
0,176,134,4,1
0,176,135,4,1
0,177,132,4,1
0,177,133,4,1
0,177,134,4,1
0,177,135,4,1
0,179,132,4,1
0,179,133,4,1
0,179,134,4,1
0,179,135,4,1
0,180,132,4,1
0,180,133,4,1
0,180,134,4,1
0,180,135,4,1
0,182,132,4,1
0,182,133,4,1
0,182,134,4,1
0,182,135,4,1
0,183,132,4,1
0,183,133,4,1
0,183,134,4,1
0,183,135,4,1
0,184,132,4,1
0,184,133,4,1
0,184,134,4,1
0,184,135,4,1
0,187,132,4,1
0,187,133,4,1
0,187,134,4,1
0,187,135,4,1
0,188,132,4,1
0,188,133,4,1
0,188,134,4,1
0,188,135,4,1
0,190,132,4,1
0,190,133,4,1
0,190,134,4,1
0,190,135,4,1
0,191,131,4,1
0,191,132,4,1
0,191,133,4,1
0,191,134,4,1
0,191,135,4,1
0,192,131,4,1
0,192,132,4,1
0,192,133,4,1
0,192,134,4,1
0,192,135,4,1
0,193,131,4,1
0,193,132,4,1
0,193,133,4,1
0,193,134,4,1
0,193,135,4,1
0,194,131,4,1
0,194,132,4,1
0,194,133,4,1
0,194,134,4,1
0,194,135,4,1
0,196,131,4,1
0,196,132,4,1
0,196,133,4,1
0,196,134,4,1
0,196,135,4,1
0,198,131,4,1
0,198,132,4,1
0,198,133,4,1
0,198,134,4,1
0,198,135,4,1
0,199,131,4,1
0,199,132,4,1
0,199,133,4,1
0,199,134,4,1
0,199,135,4,1
0,201,131,4,1
0,201,132,4,1
0,201,133,4,1
0,201,134,4,1
0,201,135,4,1
0,202,131,4,1
0,202,132,4,1
0,202,133,4,1
0,202,134,4,1
0,202,135,4,1
0,203,131,4,1
0,203,132,4,1
0,203,133,4,1
0,203,134,4,1
0,203,135,4,1
0,195,117,6,1
0,195,118,6,1
0,195,119,6,1
0,200,117,6,1
0,200,118,6,1
0,200,119,6,1
0,201,117,6,1
0,201,118,6,1
0,201,119,6,1
0,205,117,6,1
0,205,118,6,1
0,205,119,6,1
0,192,117,4,1
0,192,118,4,1
0,192,119,4,1
0,193,117,4,1
0,193,118,4,1
0,193,119,4,1
0,194,117,4,1
0,194,118,4,1
0,194,119,4,1
0,196,117,4,1
0,196,118,4,1
0,196,119,4,1
0,197,117,4,1
0,197,118,4,1
0,197,119,4,1
0,198,117,4,1
0,198,118,4,1
0,198,119,4,1
0,199,117,4,1
0,199,118,4,1
0,199,119,4,1
0,202,117,4,1
0,202,118,4,1
0,202,119,4,1
0,203,117,4,1
0,203,118,4,1
0,203,119,4,1
0,204,117,4,1
0,204,118,4,1
0,204,119,4,1
0,206,117,4,1
0,206,118,4,1
0,206,119,4,1
0,207,117,4,1
0,207,118,4,1
0,207,119,4,1
0,115,131,2,1
0,116,131,2,1
0,120,131,2,1
0,123,131,2,1
0,127,131,2,1
0,131,131,2,1
0,132,131,2,1
0,136,131,2,1
0,139,131,2,1
0,142,131,2,1
0,147,131,2,1
0,148,131,2,1
0,153,131,2,1
0,154,131,2,1
0,158,131,2,1
0,163,131,2,1
0,164,131,2,1
0,168,131,2,1
0,171,131,2,1
0,175,131,2,1
0,178,131,2,1
0,181,131,2,1
0,185,131,2,1
0,186,131,2,1
0,189,131,2,1
0,197,130,2,1
0,115,132,6,1
0,115,133,6,1
0,115,134,6,1
0,115,135,6,1
0,116,132,6,1
0,116,133,6,1
0,116,134,6,1
0,116,135,6,1
0,120,132,6,1
0,120,133,6,1
0,120,134,6,1
0,120,135,6,1
0,123,132,6,1
0,123,133,6,1
0,123,134,6,1
0,123,135,6,1
0,127,132,6,1
0,127,133,6,1
0,127,134,6,1
0,127,135,6,1
0,131,132,6,1
0,131,133,6,1
0,131,134,6,1
0,131,135,6,1
0,132,132,6,1
0,132,133,6,1
0,132,134,6,1
0,132,135,6,1
0,136,132,6,1
0,136,133,6,1
0,136,134,6,1
0,136,135,6,1
0,139,132,6,1
0,139,133,6,1
0,139,134,6,1
0,139,135,6,1
0,142,132,6,1
0,142,133,6,1
0,142,134,6,1
0,142,135,6,1
0,147,132,6,1
0,147,133,6,1
0,147,134,6,1
0,147,135,6,1
0,148,132,6,1
0,148,133,6,1
0,148,134,6,1
0,148,135,6,1
0,153,132,6,1
0,153,133,6,1
0,153,134,6,1
0,153,135,6,1
0,154,132,6,1
0,154,133,6,1
0,154,134,6,1
0,154,135,6,1
0,158,132,6,1
0,158,133,6,1
0,158,134,6,1
0,158,135,6,1
0,163,132,6,1
0,163,133,6,1
0,163,134,6,1
0,163,135,6,1
0,164,132,6,1
0,164,133,6,1
0,164,134,6,1
0,164,135,6,1
0,168,132,6,1
0,168,133,6,1
0,168,134,6,1
0,168,135,6,1
0,171,132,6,1
0,171,133,6,1
0,171,134,6,1
0,171,135,6,1
0,175,132,6,1
0,175,133,6,1
0,175,134,6,1
0,175,135,6,1
0,178,132,6,1
0,178,133,6,1
0,178,134,6,1
0,178,135,6,1
0,181,132,6,1
0,181,133,6,1
0,181,134,6,1
0,181,135,6,1
0,185,132,6,1
0,185,133,6,1
0,185,134,6,1
0,185,135,6,1
0,186,132,6,1
0,186,133,6,1
0,186,134,6,1
0,186,135,6,1
0,189,132,6,1
0,189,133,6,1
0,189,134,6,1
0,189,135,6,1
0,197,131,6,1
0,197,132,6,1
0,197,133,6,1
0,197,134,6,1
0,197,135,6,1
