right edge flash-0,175,130,0,1
square flash-2,176,130,0,1
square flash-0,177,130,0,1
left edge flash-1,178,130,0,1
horizontal flash-1,179,130,0,1
right edge flash-1,180,130,0,1
square flash-2,181,130,0,1
square flash-0,182,130,0,1
square flash-1,183,130,0,1
left edge flash-2,184,130,0,1
horizontal flash-2,185,130,0,1
right edge flash-2,186,130,0,1
square flash-0,187,130,0,1
left edge flash-1,188,130,0,1
right edge flash-1,189,130,0,1
left edge flash-0,190,129,0,1
right edge flash-0,191,129,0,1
square flash-2,192,129,0,1
square flash-0,193,129,0,1
bottom edge flash-2,195,130,0,1
top edge flash-0,195,131,0,1
vertical flash-0,195,132,0,1
vertical flash-0,195,133,0,1
vertical flash-0,195,134,0,1
vertical flash-0,195,135,0,1
bottom edge flash-0,195,136,0,1
top edge flash-2,190,127,0,1
bottom edge flash-2,190,128,0,1
square flash-1,191,127,0,1
left edge flash-0,192,127,0,1
right edge flash-0,193,127,0,1
square flash-1,194,129,0,1
top edge flash-2,195,129,0,1
left edge flash-1,194,127,0,1
horizontal flash-1,195,127,0,1
right edge flash-1,196,127,0,1
square flash-2,197,127,0,1
left edge flash-0,198,127,0,1
horizontal flash-0,199,127,0,1
right edge flash-0,200,127,0,1
square flash-1,190,126,0,1
left edge flash-0,190,125,0,1
right edge flash-0,191,125,0,1
square flash-1,192,125,0,1
left edge flash-2,186,125,0,1
right edge flash-2,187,125,0,1
left edge flash-1,184,125,0,1
right edge flash-1,185,125,0,1
square flash-0,183,125,0,1
horizontal flash-2,175,121,0,1
right edge flash-2,176,121,0,1
square flash-0,177,121,0,1
left edge flash-1,178,121,0,1
right edge flash-1,179,121,0,1
left edge flash-0,180,121,0,1
right edge flash-0,181,121,0,1
square flash-1,182,121,0,1
left edge flash-2,183,121,0,1
horizontal flash-2,184,121,0,1
right edge flash-2,185,121,0,1
bottom edge flash-0,185,118,0,1
top edge flash-0,185,114,0,1
vertical flash-0,185,115,0,1
vertical flash-0,185,116,0,1
vertical flash-0,185,117,0,1
left edge flash-0,178,127,0,1
right edge flash-0,179,127,0,1
square flash-2,177,127,0,1
left edge flash-1,175,127,0,1
right edge flash-1,176,127,0,1
left edge flash-2,193,125,0,1
horizontal flash-2,194,125,0,1
right edge flash-2,195,125,0,1
square flash-0,196,125,0,1
left edge flash-1,197,125,0,1
right edge flash-1,198,125,0,1
square flash-2,199,125,0,1
left edge flash-0,200,125,0,1
right edge flash-0,201,125,0,1
square flash-1,201,127,0,1
left edge flash-0,196,129,0,1
right edge flash-0,197,129,0,1
left edge flash-1,198,129,0,1
right edge flash-1,199,129,0,1
left edge flash-0,200,129,0,1
right edge flash-0,201,129,0,1
square flash-1,200,130,0,1
top edge flash-2,200,131,0,1
vertical flash-2,200,132,0,1
vertical flash-2,200,133,0,1
vertical flash-2,200,134,0,1
vertical flash-2,200,135,0,1
bottom edge flash-2,200,136,0,1
square flash-1,202,125,0,1
left edge flash-2,203,125,0,1
horizontal flash-2,204,125,0,1
right edge flash-2,205,125,0,1
left edge flash-0,202,127,0,1
right edge flash-0,203,127,0,1
square flash-1,204,127,0,1
left edge flash-2,205,127,0,1
horizontal flash-2,206,127,0,1
right edge flash-2,207,127,0,1
square flash-2,202,129,0,1
square flash-0,203,129,0,1
top edge flash-0,204,131,0,1
vertical flash-0,204,132,0,1
vertical flash-0,204,133,0,1
vertical flash-0,204,134,0,1
vertical flash-0,204,135,0,1
bottom edge flash-0,204,136,0,1
top edge flash-2,204,129,0,1
bottom edge flash-2,204,130,0,1
square flash-1,205,129,0,1
square flash-0,206,129,0,1
bottom left corner w flash-0,189,120,0,1
w wall flash-0,189,118,0,1
w wall flash-0,189,119,0,1
w wall flash-0,189,117,0,1
top left w flash-0,190,118,0,1
bottom left w flash-0,190,119,0,1
bottom right w flash-0,191,119,0,1
top right w flash-0,191,118,0,1
w roof flash-0,190,117,0,1
w roof flash-0,191,117,0,1
w ceiling flash-0,190,120,0,1
w ceiling flash-0,191,120,0,1
0,175,117,4,1
0,175,118,4,1
0,175,119,4,1
0,175,120,4,1
0,176,117,4,1
0,176,118,4,1
0,176,119,4,1
0,176,120,4,1
0,177,117,4,1
0,177,118,4,1
0,177,119,4,1
0,177,120,4,1
0,178,117,4,1
0,178,118,4,1
0,178,119,4,1
0,178,120,4,1
0,179,117,4,1
0,179,118,4,1
0,179,119,4,1
0,179,120,4,1
0,180,117,4,1
0,180,118,4,1
0,180,119,4,1
0,180,120,4,1
0,181,117,4,1
0,181,118,4,1
0,181,119,4,1
0,181,120,4,1
0,182,117,4,1
0,182,118,4,1
0,182,119,4,1
0,182,120,4,1
0,183,117,4,1
0,183,118,4,1
0,183,119,4,1
0,183,120,4,1
0,184,117,4,1
0,184,118,4,1
0,184,119,4,1
0,184,120,4,1
0,185,119,0,1
0,185,120,4,1
0,175,116,4,1
0,176,116,4,1
0,177,116,4,1
0,178,116,4,1
0,179,116,4,1
0,180,116,4,1
0,181,116,4,1
0,182,116,4,1
0,183,116,4,1
0,184,116,4,1
0,175,124,4,1
0,175,126,4,1
0,176,123,4,1
0,176,124,4,1
0,176,125,4,1
0,176,126,4,1
0,177,123,4,1
0,177,124,4,1
0,177,125,4,1
0,177,126,4,1
0,178,123,4,1
0,178,125,4,1
0,179,124,4,1
0,179,126,4,1
0,180,123,4,1
0,180,124,4,1
0,180,125,4,1
0,180,126,4,1
0,181,123,4,1
0,181,124,4,1
0,181,125,4,1
0,181,126,4,1
0,182,123,4,1
0,182,125,4,1
0,182,126,4,1
0,175,129,4,1
0,176,129,4,1
0,177,129,4,1
0,178,129,4,1
0,179,129,4,1
0,180,129,4,1
0,181,129,4,1
0,182,129,4,1
0,183,129,4,1
0,184,129,4,1
0,185,129,4,1
0,186,129,4,1
0,187,129,4,1
0,188,129,4,1
0,189,129,4,1
0,180,127,4,1
0,180,128,4,1
0,181,127,4,1
0,181,128,4,1
0,182,127,4,1
0,182,128,4,1
0,183,127,4,1
0,183,128,4,1
0,184,127,4,1
0,184,128,4,1
0,185,127,4,1
0,185,128,4,1
0,186,127,4,1
0,187,128,4,1
0,188,127,4,1
0,188,128,4,1
0,189,127,4,1
0,189,128,4,1
0,183,124,4,1
0,184,123,4,1
0,184,124,4,1
0,185,123,4,1
0,185,124,4,1
0,186,123,4,1
0,187,124,4,1
0,188,123,4,1
0,188,124,4,1
0,188,125,4,1
0,188,126,4,1
0,189,125,4,1
0,189,126,4,1
0,175,122,0,1
0,176,122,0,1
0,177,122,0,1
0,178,122,0,1
0,179,122,0,1
0,180,122,0,1
0,181,122,0,1
0,182,122,0,1
0,183,122,0,1
0,184,122,0,1
0,185,122,0,1
0,175,128,0,1
0,176,128,0,1
0,177,128,0,1
0,178,128,0,1
0,179,128,0,1
0,183,126,0,1
0,184,126,0,1
0,185,126,0,1
0,186,126,0,1
0,187,126,0,1
0,175,125,3,1
0,175,123,3,1
0,178,126,3,1
0,179,125,3,1
0,178,124,3,1
0,179,123,3,1
0,183,123,3,1
0,182,124,3,1
0,186,116,4,1
0,186,117,4,1
0,186,119,4,1
0,186,121,4,1
0,187,116,4,1
0,187,118,4,1
0,187,120,4,1
0,187,122,4,1
0,188,116,4,1
0,188,117,4,1
0,188,118,4,1
0,188,119,4,1
0,188,120,4,1
0,188,121,4,1
0,188,122,4,1
0,189,122,4,1
0,189,123,4,1
0,189,124,4,1
0,190,122,4,1
0,190,123,4,1
0,190,124,4,1
0,191,122,4,1
0,191,123,4,1
0,191,124,4,1
0,192,122,4,1
0,192,123,4,1
0,192,124,4,1
0,193,122,4,1
0,193,123,4,1
0,193,124,4,1
0,194,122,4,1
0,194,123,4,1
0,194,124,4,1
0,195,122,4,1
0,195,123,4,1
0,195,124,4,1
0,196,122,4,1
0,196,123,4,1
0,196,124,4,1
0,197,122,4,1
0,197,123,4,1
0,197,124,4,1
0,198,122,4,1
0,198,123,4,1
0,198,124,4,1
0,199,122,4,1
0,199,123,4,1
0,199,124,4,1
0,200,122,4,1
0,200,123,4,1
0,200,124,4,1
0,201,122,4,1
0,201,123,4,1
0,201,124,4,1
0,202,122,4,1
0,202,123,4,1
0,202,124,4,1
0,203,122,4,1
0,203,123,4,1
0,203,124,4,1
0,189,121,0,1
0,190,121,0,1
0,191,121,0,1
0,192,121,0,1
0,193,121,0,1
0,194,121,0,1
0,195,121,0,1
0,199,121,0,1
0,200,121,0,1
0,201,121,0,1
0,202,121,0,1
0,186,124,3,1
0,187,123,3,1
0,186,122,3,1
0,187,121,3,1
0,186,120,3,1
0,187,119,3,1
0,186,118,3,1
0,187,117,3,1
0,187,127,3,1
0,186,128,3,1
left edge flash-1,192,120,0,1
horizontal flash-1,193,120,0,1
right edge flash-1,194,120,0,1
square flash-2,195,120,0,1
square flash-1,199,120,0,1
left edge flash-2,200,120,0,1
right edge flash-2,201,120,0,1
left edge flash-1,203,120,0,1
right edge flash-1,204,120,0,1
square flash-2,205,120,0,1
square flash-0,206,120,0,1
square flash-1,207,120,0,1
top edge flash-2,208,119,0,1
bottom edge flash-2,208,120,0,1
square flash-0,202,120,0,1
left edge flash-0,196,120,0,1
horizontal flash-0,197,120,0,1
right edge flash-0,198,120,0,1
0,196,121,0,1
0,197,121,0,1
0,198,121,0,1
0,203,121,0,1
0,204,121,0,1
0,205,121,0,1
0,206,121,0,1
0,207,121,0,1
0,208,121,0,1
0,204,122,4,1
0,204,123,4,1
0,204,124,4,1
0,205,122,4,1
0,205,123,4,1
0,205,124,4,1
0,206,122,4,1
0,206,123,4,1
0,206,124,4,1
0,207,122,4,1
0,207,123,4,1
0,207,124,4,1
0,208,122,4,1
0,208,123,4,1
0,208,124,4,1
0,191,126,0,1
0,194,126,0,1
0,195,126,0,1
0,196,126,0,1
0,197,126,0,1
0,199,126,0,1
0,200,126,0,1
0,204,126,0,1
0,205,126,0,1
0,192,126,2,1
0,193,126,2,1
0,198,126,2,1
0,201,126,2,1
0,202,126,2,1
0,203,126,2,1
0,191,128,0,1
0,192,128,0,1
0,194,128,0,1
0,195,128,0,1
0,197,128,0,1
0,198,128,0,1
0,199,128,0,1
0,200,128,0,1
0,201,128,0,1
0,202,128,0,1
0,204,128,0,1
0,205,128,0,1
0,206,128,0,1
0,193,128,2,1
0,196,128,2,1
0,203,128,2,1
0,191,130,0,1
0,192,130,0,1
0,193,130,0,1
0,194,130,0,1
0,196,130,0,1
0,198,130,0,1
0,199,130,0,1
0,201,130,0,1
0,202,130,0,1
0,203,130,0,1
0,205,130,0,1
0,206,130,0,1
0,176,131,0,1
0,177,131,0,1
0,179,131,0,1
0,180,131,0,1
0,182,131,0,1
0,183,131,0,1
0,184,131,0,1
0,187,131,0,1
0,188,131,0,1
0,176,132,4,1
0,176,133,4,1
0,176,134,4,1
0,176,135,4,1
0,177,132,4,1
0,177,133,4,1
0,177,134,4,1
0,177,135,4,1
0,179,132,4,1
0,179,133,4,1
0,179,134,4,1
0,179,135,4,1
0,180,132,4,1
0,180,133,4,1
0,180,134,4,1
0,180,135,4,1
0,182,132,4,1
0,182,133,4,1
0,182,134,4,1
0,182,135,4,1
0,183,132,4,1
0,183,133,4,1
0,183,134,4,1
0,183,135,4,1
0,184,132,4,1
0,184,133,4,1
0,184,134,4,1
0,184,135,4,1
0,187,132,4,1
0,187,133,4,1
0,187,134,4,1
0,187,135,4,1
0,188,132,4,1
0,188,133,4,1
0,188,134,4,1
0,188,135,4,1
0,190,132,4,1
0,190,133,4,1
0,190,134,4,1
0,190,135,4,1
0,191,131,4,1
0,191,132,4,1
0,191,133,4,1
0,191,134,4,1
0,191,135,4,1
0,192,131,4,1
0,192,132,4,1
0,192,133,4,1
0,192,134,4,1
0,192,135,4,1
0,193,131,4,1
0,193,132,4,1
0,193,133,4,1
0,193,134,4,1
0,193,135,4,1
0,194,131,4,1
0,194,132,4,1
0,194,133,4,1
0,194,134,4,1
0,194,135,4,1
0,196,131,4,1
0,196,132,4,1
0,196,133,4,1
0,196,134,4,1
0,196,135,4,1
0,198,131,4,1
0,198,132,4,1
0,198,133,4,1
0,198,134,4,1
0,198,135,4,1
0,199,131,4,1
0,199,132,4,1
0,199,133,4,1
0,199,134,4,1
0,199,135,4,1
0,201,131,4,1
0,201,132,4,1
0,201,133,4,1
0,201,134,4,1
0,201,135,4,1
0,202,131,4,1
0,202,132,4,1
0,202,133,4,1
0,202,134,4,1
0,202,135,4,1
0,203,131,4,1
0,203,132,4,1
0,203,133,4,1
0,203,134,4,1
0,203,135,4,1
0,195,117,6,1
0,195,118,6,1
0,195,119,6,1
0,200,117,6,1
0,200,118,6,1
0,200,119,6,1
0,201,117,6,1
0,201,118,6,1
0,201,119,6,1
0,205,117,6,1
0,205,118,6,1
0,205,119,6,1
0,192,117,4,1
0,192,118,4,1
0,192,119,4,1
0,193,117,4,1
0,193,118,4,1
0,193,119,4,1
0,194,117,4,1
0,194,118,4,1
0,194,119,4,1
0,196,117,4,1
0,196,118,4,1
0,196,119,4,1
0,197,117,4,1
0,197,118,4,1
0,197,119,4,1
0,198,117,4,1
0,198,118,4,1
0,198,119,4,1
0,199,117,4,1
0,199,118,4,1
0,199,119,4,1
0,202,117,4,1
0,202,118,4,1
0,202,119,4,1
0,203,117,4,1
0,203,118,4,1
0,203,119,4,1
0,204,117,4,1
0,204,118,4,1
0,204,119,4,1
0,206,117,4,1
0,206,118,4,1
0,206,119,4,1
0,207,117,4,1
0,207,118,4,1
0,207,119,4,1
0,175,131,2,1
0,178,131,2,1
0,181,131,2,1
0,185,131,2,1
0,186,131,2,1
0,189,131,2,1
0,197,130,2,1
0,175,132,6,1
0,175,133,6,1
0,175,134,6,1
0,175,135,6,1
0,178,132,6,1
0,178,133,6,1
0,178,134,6,1
0,178,135,6,1
0,181,132,6,1
0,181,133,6,1
0,181,134,6,1
0,181,135,6,1
0,185,132,6,1
0,185,133,6,1
0,185,134,6,1
0,185,135,6,1
0,186,132,6,1
0,186,133,6,1
0,186,134,6,1
0,186,135,6,1
0,189,132,6,1
0,189,133,6,1
0,189,134,6,1
0,189,135,6,1
0,197,131,6,1
0,197,132,6,1
0,197,133,6,1
0,197,134,6,1
0,197,135,6,1
left edge flash-0,190,125,0,1
right edge flash-0,191,125,0,1
square flash-1,192,125,0,1
left edge flash-2,193,125,0,1
horizontal flash-2,194,125,0,1
right edge flash-2,195,125,0,1
square flash-0,196,125,0,1
left edge flash-1,197,125,0,1
right edge flash-1,198,125,0,1
square flash-2,199,125,0,1
left edge flash-0,200,125,0,1
right edge flash-0,201,125,0,1
square flash-1,202,125,0,1
left edge flash-2,203,125,0,1
horizontal flash-2,204,125,0,1
right edge flash-2,205,125,0,1
left edge flash-0,206,125,0,1
right edge flash-0,207,125,0,1
square flash-0,208,125,0,1
left edge flash-2,205,127,0,1
horizontal flash-2,206,127,0,1
right edge flash-2,207,127,0,1
square flash-1,204,127,0,1
left edge flash-0,202,127,0,1
right edge flash-0,203,127,0,1
square flash-1,201,127,0,1
left edge flash-0,198,127,0,1
horizontal flash-0,199,127,0,1
right edge flash-0,200,127,0,1
square flash-2,197,127,0,1
right edge flash-1,196,127,0,1
left edge flash-1,194,127,0,1
horizontal flash-1,195,127,0,1
left edge flash-0,192,127,0,1
right edge flash-0,193,127,0,1
square flash-1,191,127,0,1
top edge flash-2,190,127,0,1
bottom edge flash-2,190,128,0,1
square flash-1,190,126,0,1
left edge flash-0,190,129,0,1
right edge flash-0,191,129,0,1
square flash-2,192,129,0,1
square flash-0,193,129,0,1
square flash-1,194,129,0,1
top edge flash-2,195,129,0,1
bottom edge flash-2,195,130,0,1
top edge flash-0,195,131,0,1
vertical flash-0,195,132,0,1
vertical flash-0,195,133,0,1
bottom edge flash-0,195,134,0,1
left edge flash-0,196,129,0,1
right edge flash-0,197,129,0,1
left edge flash-1,198,129,0,1
right edge flash-1,199,129,0,1
left edge flash-0,200,129,0,1
right edge flash-0,201,129,0,1
square flash-1,200,130,0,1
top edge flash-2,200,131,0,1
vertical flash-2,200,132,0,1
vertical flash-2,200,133,0,1
bottom edge flash-2,200,134,0,1
square flash-2,202,129,0,1
square flash-0,203,129,0,1
top edge flash-2,204,129,0,1
bottom edge flash-2,204,130,0,1
top edge flash-0,204,131,0,1
vertical flash-0,204,132,0,1
vertical flash-0,204,133,0,1
bottom edge flash-0,204,134,0,1
square flash-1,205,129,0,1
square flash-0,206,129,0,1
square flash-1,207,129,0,1
left edge flash-0,208,129,0,1
right edge flash-0,209,129,0,1
square flash-1,210,129,0,1
top edge flash-2,211,129,0,1
bottom edge flash-2,211,130,0,1
top edge flash-0,211,131,0,1
vertical flash-0,211,132,0,1
vertical flash-0,211,133,0,1
bottom edge flash-0,211,134,0,1
left edge flash-1,211,128,0,1
right edge flash-1,212,128,0,1
square flash-0,213,128,0,1
left edge flash-2,213,127,0,1
right edge flash-2,214,127,0,1
square flash-1,215,127,0,1
left edge flash-0,215,126,0,1
right edge flash-0,216,126,0,1
top edge flash-2,216,127,0,1
vertical flash-2,216,128,0,1
vertical flash-2,216,129,0,1
bottom edge flash-2,216,130,0,1
left edge flash-0,217,130,0,1
horizontal flash-0,218,130,0,1
horizontal flash-0,219,130,0,1
right edge flash-0,220,130,0,1
left edge flash-1,217,128,0,1
right edge flash-1,218,128,0,1
square flash-0,219,128,0,1
left edge flash-2,219,127,0,1
right edge flash-2,220,127,0,1
left edge flash-0,221,126,0,1
horizontal flash-0,222,126,0,1
right edge flash-0,223,126,0,1
top edge flash-1,221,127,0,1
bottom edge flash-1,221,128,0,1
top edge flash-2,221,129,0,1
vertical flash-2,221,130,0,1
vertical flash-2,221,131,0,1
vertical flash-2,221,132,0,1
vertical flash-2,221,133,0,1
bottom edge flash-2,221,134,0,1
left edge flash-0,222,129,0,1
right edge flash-0,223,129,0,1
top edge flash-1,223,119,0,1
bottom edge flash-1,223,120,0,1
top edge flash-0,223,121,0,1
vertical flash-0,223,122,0,1
bottom edge flash-0,223,123,0,1
square flash-2,223,118,0,1
left edge flash-1,220,118,0,1
horizontal flash-1,221,118,0,1
right edge flash-1,222,118,0,1
w ceiling flash-0,190,120,0,1
w ceiling flash-0,191,120,0,1
bottom left corner w flash-0,189,120,0,1
w wall flash-0,189,117,0,1
w wall flash-0,189,118,0,1
w wall flash-0,189,119,0,1
top left w flash-0,190,118,0,1
bottom left w flash-0,190,119,0,1
bottom right w flash-0,191,119,0,1
top right w flash-0,191,118,0,1
w roof flash-0,190,117,0,1
w roof flash-0,191,117,0,1
left edge flash-1,192,120,0,1
horizontal flash-1,193,120,0,1
right edge flash-1,194,120,0,1
square flash-2,195,120,0,1
left edge flash-0,196,120,0,1
horizontal flash-0,197,120,0,1
right edge flash-0,198,120,0,1
square flash-1,199,120,0,1
left edge flash-2,200,120,0,1
right edge flash-2,201,120,0,1
square flash-0,202,120,0,1
left edge flash-1,203,120,0,1
right edge flash-1,204,120,0,1
square flash-2,205,120,0,1
square flash-0,206,120,0,1
square flash-1,207,120,0,1
top edge flash-2,208,119,0,1
bottom edge flash-2,208,120,0,1
left edge flash-1,208,118,0,1
horizontal flash-1,209,118,0,1
right edge flash-1,210,118,0,1
square flash-2,211,118,0,1
left edge flash-0,213,118,0,1
horizontal flash-0,214,118,0,1
right edge flash-0,215,118,0,1
square flash-2,212,118,0,1
square flash-1,218,118,0,1
square flash-2,219,118,0,1
top edge flash-1,208,126,0,1
vertical flash-1,208,127,0,1
bottom edge flash-1,208,128,0,1
top edge flash-1,223,124,0,1
bottom edge flash-1,223,125,0,1
0,189,122,4,1
0,189,123,4,1
0,189,124,4,1
0,190,122,4,1
0,190,123,4,1
0,190,124,4,1
0,191,122,4,1
0,191,123,4,1
0,191,124,4,1
0,193,122,4,1
0,193,123,4,1
0,193,124,4,1
0,194,122,4,1
0,194,123,4,1
0,194,124,4,1
0,195,122,4,1
0,195,123,4,1
0,195,124,4,1
0,196,122,4,1
0,196,123,4,1
0,196,124,4,1
0,197,122,4,1
0,197,123,4,1
0,197,124,4,1
0,198,122,4,1
0,198,123,4,1
0,198,124,4,1
0,199,122,4,1
0,199,123,4,1
0,199,124,4,1
0,200,122,4,1
0,200,123,4,1
0,200,124,4,1
0,201,122,4,1
0,201,123,4,1
0,201,124,4,1
0,202,122,4,1
0,202,123,4,1
0,202,124,4,1
0,203,122,4,1
0,203,123,4,1
0,203,124,4,1
0,204,122,4,1
0,204,123,4,1
0,204,124,4,1
0,205,122,4,1
0,205,123,4,1
0,205,124,4,1
0,206,122,4,1
0,206,123,4,1
0,206,124,4,1
0,207,122,4,1
0,207,123,4,1
0,207,124,4,1
0,208,122,4,1
0,208,123,4,1
0,208,124,4,1
0,189,121,0,1
0,190,121,0,1
0,191,121,0,1
0,193,121,0,1
0,194,121,0,1
0,195,121,0,1
0,196,121,0,1
0,197,121,0,1
0,198,121,0,1
0,199,121,0,1
0,200,121,0,1
0,201,121,0,1
0,202,121,0,1
0,203,121,0,1
0,204,121,0,1
0,205,121,0,1
0,206,121,0,1
0,207,121,0,1
0,208,121,0,1
0,191,126,0,1
0,194,126,0,1
0,195,126,0,1
0,196,126,0,1
0,197,126,0,1
0,199,126,0,1
0,200,126,0,1
0,204,126,0,1
0,205,126,0,1
0,206,126,0,1
0,191,128,0,1
0,192,128,0,1
0,194,128,0,1
0,195,128,0,1
0,197,128,0,1
0,198,128,0,1
0,199,128,0,1
0,200,128,0,1
0,201,128,0,1
0,202,128,0,1
0,204,128,0,1
0,205,128,0,1
0,206,128,0,1
0,207,128,0,1
0,191,130,0,1
0,192,130,0,1
0,193,130,0,1
0,194,130,0,1
0,196,130,0,1
0,198,130,0,1
0,199,130,0,1
0,201,130,0,1
0,202,130,0,1
0,203,130,0,1
0,205,130,0,1
0,206,130,0,1
0,207,130,0,1
0,208,130,0,1
0,209,130,0,1
0,210,130,0,1
0,213,119,9,1
0,215,119,9,1
0,217,119,9,1
0,219,119,9,1
0,221,119,9,1
0,212,119,8,1
0,214,119,8,1
0,216,119,8,1
0,218,119,8,1
0,220,119,8,1
0,222,119,8,1
0,209,119,9,1
0,210,119,8,1
0,209,120,13,1
0,209,121,13,1
0,209,122,13,1
0,209,123,13,1
0,209,124,13,1
0,209,125,13,1
0,209,126,13,1
0,209,127,13,1
0,209,128,13,1
0,211,120,13,1
0,211,121,13,1
0,211,122,13,1
0,211,123,13,1
0,211,124,13,1
0,211,125,13,1
0,211,126,13,1
0,211,127,13,1
0,213,120,13,1
0,213,121,13,1
0,213,122,13,1
0,213,123,13,1
0,213,124,13,1
0,213,125,13,1
0,213,126,13,1
0,215,120,13,1
0,215,121,13,1
0,215,122,13,1
0,215,123,13,1
0,215,124,13,1
0,215,125,13,1
0,217,120,13,1
0,217,121,13,1
0,217,122,13,1
0,217,123,13,1
0,217,124,13,1
0,217,125,13,1
0,217,126,13,1
0,217,127,13,1
0,219,120,13,1
0,219,121,13,1
0,219,122,13,1
0,219,123,13,1
0,219,124,13,1
0,219,125,13,1
0,219,126,13,1
0,221,120,13,1
0,221,121,13,1
0,221,122,13,1
0,221,123,13,1
0,221,124,13,1
0,221,125,13,1
0,222,120,12,1
0,222,121,12,1
0,222,122,12,1
0,222,123,12,1
0,222,124,12,1
0,222,125,12,1
0,220,120,12,1
0,220,121,12,1
0,220,122,12,1
0,220,123,12,1
0,220,124,12,1
0,220,125,12,1
0,220,126,12,1
0,218,120,12,1
0,218,121,12,1
0,218,122,12,1
0,218,123,12,1
0,218,124,12,1
0,218,125,12,1
0,218,126,12,1
0,218,127,12,1
0,216,120,12,1
0,216,121,12,1
0,216,122,12,1
0,216,123,12,1
0,216,124,12,1
0,216,125,12,1
0,214,120,12,1
0,214,121,12,1
0,214,122,12,1
0,214,123,12,1
0,214,124,12,1
0,214,125,12,1
0,214,126,12,1
0,212,120,12,1
0,212,121,12,1
0,212,122,12,1
0,212,123,12,1
0,212,124,12,1
0,212,125,12,1
0,212,126,12,1
0,212,127,12,1
0,210,120,12,1
0,210,121,12,1
0,210,122,12,1
0,210,123,12,1
0,210,124,12,1
0,210,125,12,1
0,210,126,12,1
0,210,127,12,1
0,210,128,12,1
0,211,119,9,1
0,217,129,0,1
0,218,129,0,1
0,219,129,0,1
0,220,128,0,1
0,222,127,0,1
0,223,127,0,1
0,222,130,0,1
0,223,130,0,1
0,212,129,0,1
0,213,129,0,1
0,216,131,0,1
0,217,131,0,1
0,218,131,0,1
0,219,131,0,1
0,220,131,0,1
0,197,130,2,1
0,196,131,4,1
0,196,132,4,1
0,196,133,4,1
0,196,134,4,1
0,198,131,4,1
0,198,132,4,1
0,198,133,4,1
0,198,134,4,1
0,199,131,4,1
0,199,132,4,1
0,199,133,4,1
0,199,134,4,1
0,197,131,6,1
0,197,132,6,1
0,197,133,6,1
0,197,134,6,1
0,203,128,2,1
0,207,126,2,1
0,201,126,2,1
0,202,126,2,1
0,203,126,2,1
0,198,126,2,1
0,192,126,2,1
0,193,126,2,1
0,193,128,2,1
0,196,128,2,1
0,214,128,2,1
0,215,128,2,1
0,214,129,6,1
0,214,130,6,1
0,214,131,6,1
0,214,132,6,1
0,214,133,6,1
0,214,134,6,1
0,215,129,6,1
0,215,130,6,1
0,215,131,6,1
0,215,132,6,1
0,215,133,6,1
0,215,134,6,1
0,212,130,4,1
0,212,131,4,1
0,212,132,4,1
0,212,133,4,1
0,212,134,4,1
0,213,130,4,1
0,213,131,4,1
0,213,132,4,1
0,213,133,4,1
0,213,134,4,1
0,216,132,4,1
0,216,133,4,1
0,216,134,4,1
0,217,132,4,1
0,217,133,4,1
0,217,134,4,1
0,218,132,4,1
0,218,133,4,1
0,218,134,4,1
0,219,132,4,1
0,219,133,4,1
0,219,134,4,1
0,220,132,4,1
0,220,133,4,1
0,220,134,4,1
0,220,129,4,1
0,205,131,4,1
0,205,132,4,1
0,205,133,4,1
0,205,134,4,1
0,206,131,4,1
0,206,132,4,1
0,206,133,4,1
0,206,134,4,1
0,207,131,4,1
0,207,132,4,1
0,207,133,4,1
0,207,134,4,1
0,208,131,4,1
0,208,132,4,1
0,208,133,4,1
0,208,134,4,1
0,209,131,4,1
0,209,132,4,1
0,209,133,4,1
0,209,134,4,1
0,210,131,4,1
0,210,132,4,1
0,210,133,4,1
0,210,134,4,1
0,201,131,4,1
0,201,132,4,1
0,201,133,4,1
0,201,134,4,1
0,202,131,4,1
0,202,132,4,1
0,202,133,4,1
0,202,134,4,1
0,203,131,4,1
0,203,132,4,1
0,203,133,4,1
0,203,134,4,1
0,222,131,4,1
0,222,132,4,1
0,222,133,4,1
0,222,134,4,1
0,223,131,4,1
0,223,132,4,1
0,223,133,4,1
0,223,134,4,1
0,222,128,4,1
0,223,128,4,1
0,192,117,4,1
0,192,118,4,1
0,192,119,4,1
0,193,117,4,1
0,193,118,4,1
0,193,119,4,1
0,194,117,4,1
0,194,118,4,1
0,194,119,4,1
0,196,117,4,1
0,196,118,4,1
0,196,119,4,1
0,197,117,4,1
0,197,118,4,1
0,197,119,4,1
0,198,117,4,1
0,198,118,4,1
0,198,119,4,1
0,199,117,4,1
0,199,118,4,1
0,199,119,4,1
0,202,117,4,1
0,202,118,4,1
0,202,119,4,1
0,203,117,4,1
0,203,118,4,1
0,203,119,4,1
0,204,117,4,1
0,204,118,4,1
0,204,119,4,1
0,206,117,4,1
0,206,118,4,1
0,206,119,4,1
0,207,117,4,1
0,207,118,4,1
0,207,119,4,1
0,200,117,6,1
0,200,118,6,1
0,200,119,6,1
0,201,117,6,1
0,201,118,6,1
0,201,119,6,1
0,195,117,6,1
0,195,118,6,1
0,195,119,6,1
0,205,117,6,1
0,205,118,6,1
0,205,119,6,1
0,208,117,4,1
0,209,117,4,1
0,210,117,4,1
0,212,117,4,1
0,213,117,4,1
0,214,117,4,1
0,215,117,4,1
0,218,117,4,1
0,219,117,4,1
0,220,117,4,1
0,221,117,4,1
0,222,117,4,1
0,223,117,4,1
0,211,117,6,1
0,216,117,6,1
0,217,117,6,1
left edge flash-2,216,118,0,1
right edge flash-2,217,118,0,1
0,224,117,4,1
0,224,118,4,1
0,224,119,4,1
0,224,120,4,1
0,224,121,4,1
0,224,122,4,1
0,224,123,4,1
0,224,124,4,1
0,224,125,4,1
0,224,126,4,1
0,224,127,4,1
0,224,128,4,1
0,224,129,4,1
0,224,130,4,1
0,224,131,4,1
0,224,132,4,1
0,224,133,4,1
0,224,134,4,1
0,225,117,4,1
0,225,118,4,1
0,225,119,4,1
0,225,120,4,1
0,225,121,4,1
0,225,122,4,1
0,225,123,4,1
0,225,124,4,1
0,225,125,4,1
0,225,126,4,1
0,225,127,4,1
0,225,128,4,1
0,225,129,4,1
0,225,130,4,1
0,225,131,4,1
0,225,132,4,1
0,225,133,4,1
0,225,134,4,1
0,226,117,4,1
0,226,118,4,1
0,226,119,4,1
0,226,120,4,1
0,226,121,4,1
0,226,122,4,1
0,226,123,4,1
0,226,124,4,1
0,226,125,4,1
0,226,126,4,1
0,226,127,4,1
0,226,128,4,1
0,226,129,4,1
0,226,130,4,1
0,226,131,4,1
0,226,132,4,1
0,226,133,4,1
0,226,134,4,1
0,227,117,4,1
0,227,118,4,1
0,227,119,4,1
0,227,120,4,1
0,227,121,4,1
0,227,122,4,1
0,227,123,4,1
0,227,124,4,1
0,227,125,4,1
0,227,126,4,1
0,227,127,4,1
0,227,128,4,1
0,227,129,4,1
0,227,130,4,1
0,227,131,4,1
0,227,132,4,1
0,227,133,4,1
0,227,134,4,1
0,228,117,4,1
0,228,118,4,1
0,228,119,4,1
0,228,120,4,1
0,228,121,4,1
0,228,122,4,1
0,228,123,4,1
0,228,124,4,1
0,228,125,4,1
0,228,126,4,1
0,228,127,4,1
0,228,128,4,1
0,228,129,4,1
0,228,130,4,1
0,228,131,4,1
0,228,132,4,1
0,228,133,4,1
0,228,134,4,1
0,229,117,4,1
0,229,118,4,1
0,229,119,4,1
0,229,120,4,1
0,229,121,4,1
0,229,122,4,1
0,229,123,4,1
0,229,124,4,1
0,229,125,4,1
0,229,126,4,1
0,229,127,4,1
0,229,128,4,1
0,229,129,4,1
0,229,130,4,1
0,229,131,4,1
0,229,132,4,1
0,229,133,4,1
0,229,134,4,1
0,230,117,4,1
0,230,118,4,1
0,230,119,4,1
0,230,120,4,1
0,230,121,4,1
0,230,122,4,1
0,230,123,4,1
0,230,124,4,1
0,230,125,4,1
0,230,126,4,1
0,230,127,4,1
0,230,128,4,1
0,230,129,4,1
0,230,130,4,1
0,230,131,4,1
0,230,132,4,1
0,230,133,4,1
0,230,134,4,1
2,192,121,0,1
2,192,122,4,1
2,192,123,4,1
2,192,124,4,1
0,190,131,0,1
square flash-1,190,130,0,1
