8,299,58,0,1
8,299,59,0,1
8,299,60,0,1
0,287,58,2,1
0,292,58,2,1
0,293,58,2,1
0,294,58,2,1
0,295,58,2,1
0,298,58,2,1
0,300,58,2,1
0,301,58,2,1
0,302,58,2,1
0,303,58,2,1
0,304,58,2,1
0,305,58,2,1
0,306,58,2,1
0,292,59,6,1
0,293,59,6,1
0,294,59,6,1
0,295,59,6,1
0,298,59,6,1
0,300,59,6,1
0,301,59,6,1
0,302,59,6,1
0,303,59,6,1
0,304,59,6,1
0,305,59,6,1
0,306,59,6,1
0,286,59,6,1
0,287,59,6,1
0,288,58,7,1
0,289,58,7,1
0,290,58,7,1
0,291,58,7,1
0,296,58,7,1
0,297,58,7,1
0,286,60,3,1
0,287,60,3,1
0,288,60,10,1
0,281,58,2,1
0,282,58,2,1
0,283,58,2,1
0,284,58,2,1
0,285,58,2,1
0,286,58,2,1
0,281,59,6,1
0,282,59,6,1
0,283,59,6,1
0,284,59,6,1
0,285,59,6,1
0,281,60,3,1
0,282,60,3,1
0,283,60,3,1
0,284,60,3,1
0,285,60,3,1
0,301,61,1,1
0,302,61,1,1
0,303,61,1,1
0,304,61,1,1
0,305,61,1,1
0,301,62,5,1
0,301,63,5,1
0,301,64,5,1
0,301,65,5,1
0,301,66,5,1
0,302,62,5,1
0,302,63,5,1
0,302,64,5,1
0,302,65,5,1
0,302,66,5,1
0,303,62,5,1
0,303,63,5,1
0,303,64,5,1
0,303,65,5,1
0,303,66,5,1
0,304,62,5,1
0,304,63,5,1
0,304,64,5,1
0,304,65,5,1
0,304,66,5,1
0,305,62,5,1
0,305,63,5,1
0,305,64,5,1
0,305,65,5,1
0,305,66,5,1
0,301,67,9,1
0,302,67,9,1
0,303,67,9,1
0,304,67,9,1
0,305,67,9,1
8,299,61,0,1
8,299,62,0,1
8,299,63,0,1
8,299,64,0,1
8,299,65,0,1
8,299,66,0,1
8,299,67,0,1
0,300,68,2,1
0,301,68,2,1
0,302,68,2,1
0,303,68,2,1
0,304,68,2,1
0,305,68,2,1
0,306,68,2,1
1,295,68,7,1
1,296,68,7,1
1,297,68,7,1
1,298,68,7,1
1,299,68,7,1
1,293,68,7,1
1,292,68,7,1
0,294,69,6,1
0,291,69,6,1
0,300,69,6,1
0,301,69,6,1
0,302,69,6,1
0,303,69,6,1
0,304,69,6,1
0,305,69,6,1
0,306,69,6,1
0,291,70,3,1
0,294,70,3,1
0,300,70,3,1
0,301,70,3,1
0,302,70,3,1
0,303,70,3,1
0,304,70,3,1
0,305,70,3,1
0,306,70,3,1
0,292,70,10,1
0,293,70,10,1
0,284,70,10,1
0,285,70,10,1
0,286,70,10,1
0,287,70,10,1
0,284,68,7,1
0,285,68,7,1
0,286,68,7,1
0,287,68,7,1
9,289,68,0,1
8,289,69,0,1
8,289,70,0,1
1,291,68,2,1
2,288,61,1,1
2,288,62,5,1
2,288,63,5,1
2,288,64,5,1
2,288,65,5,1
2,288,66,5,1
2,288,67,9,1
0,284,67,9,1
0,285,67,9,1
0,286,67,9,1
0,287,67,9,1
0,284,61,1,1
0,285,61,1,1
0,286,61,1,1
0,287,61,1,1
0,284,62,5,1
0,284,63,5,1
0,284,64,5,1
0,284,65,5,1
0,284,66,5,1
0,285,62,5,1
0,285,63,5,1
0,285,64,5,1
0,285,65,5,1
0,286,62,5,1
0,286,63,5,1
0,286,64,5,1
0,286,65,5,1
0,286,66,5,1
0,287,62,5,1
0,287,63,5,1
0,287,64,5,1
0,287,65,5,1
0,287,66,5,1
8,289,71,0,1
8,289,72,0,1
8,289,73,0,1
8,289,74,0,1
8,289,75,0,1
4,290,69,6,1
2,288,69,6,1
2,288,68,2,1
5,290,68,2,1
4,290,70,3,1
2,288,70,3,1
0,290,71,1,1
0,291,71,1,1
0,292,71,1,1
0,293,71,1,1
0,284,71,1,1
0,285,71,1,1
0,286,71,1,1
0,287,71,1,1
0,288,71,1,1
0,290,72,5,1
0,290,73,5,1
0,290,74,5,1
0,291,72,5,1
0,291,73,5,1
0,291,74,5,1
0,292,72,5,1
0,292,73,5,1
0,292,74,5,1
0,293,72,5,1
0,293,73,5,1
0,293,74,5,1
0,290,75,9,1
0,291,75,9,1
0,292,75,9,1
0,293,75,9,1
0,284,72,5,1
0,284,73,5,1
0,284,74,5,1
0,284,75,5,1
0,285,72,5,1
0,285,73,5,1
0,285,74,5,1
0,285,75,5,1
0,286,72,5,1
0,286,73,5,1
0,286,74,5,1
0,286,75,5,1
0,287,72,5,1
0,287,73,5,1
0,287,74,5,1
0,287,75,5,1
0,288,72,5,1
0,288,73,5,1
0,288,74,5,1
0,288,75,5,1
8,299,53,0,1
8,299,54,0,1
8,299,55,0,1
8,299,56,0,1
8,299,57,0,1
0,286,54,5,1
0,286,55,5,1
0,286,56,5,1
0,286,57,5,1
0,287,54,5,1
0,287,55,5,1
0,287,56,5,1
0,287,57,5,1
0,288,54,5,1
0,288,55,5,1
0,288,56,5,1
0,288,57,5,1
0,289,54,5,1
0,289,55,5,1
0,289,56,5,1
0,289,57,5,1
0,290,54,5,1
0,290,55,5,1
0,290,56,5,1
0,290,57,5,1
0,291,54,5,1
0,291,55,5,1
0,291,56,5,1
0,291,57,5,1
0,292,54,5,1
0,292,55,5,1
0,292,56,5,1
0,292,57,5,1
0,293,54,5,1
0,293,55,5,1
0,293,56,5,1
0,293,57,5,1
0,294,54,5,1
0,294,55,5,1
0,294,56,5,1
0,294,57,5,1
0,295,54,5,1
0,295,55,5,1
0,295,56,5,1
0,295,57,5,1
0,296,54,5,1
0,296,55,5,1
0,296,56,5,1
0,296,57,5,1
0,297,54,5,1
0,297,55,5,1
0,297,56,5,1
0,297,57,5,1
0,298,54,5,1
0,298,55,5,1
0,298,56,5,1
0,298,57,5,1
0,286,53,1,1
0,287,53,1,1
0,288,53,1,1
0,289,53,1,1
0,290,53,1,1
0,291,53,1,1
0,292,53,1,1
0,293,53,1,1
0,294,53,1,1
0,295,53,1,1
0,296,53,1,1
0,297,53,1,1
0,298,53,1,1
0,300,53,5,1
0,300,54,5,1
0,300,55,5,1
0,300,56,5,1
0,300,57,5,1
0,301,53,5,1
0,301,54,5,1
0,301,55,5,1
0,301,56,5,1
0,301,57,5,1
0,302,53,5,1
0,302,54,5,1
0,302,55,5,1
0,302,56,5,1
0,302,57,5,1
0,303,53,5,1
0,303,54,5,1
0,303,55,5,1
0,303,56,5,1
0,303,57,5,1
0,304,53,5,1
0,304,54,5,1
0,304,55,5,1
0,304,56,5,1
0,304,57,5,1
0,305,53,5,1
0,305,54,5,1
0,305,55,5,1
0,305,56,5,1
0,305,57,5,1
0,279,61,1,1
0,280,61,1,1
0,281,61,1,1
0,282,61,1,1
0,283,61,1,1
0,279,62,5,1
0,279,63,5,1
0,279,64,5,1
0,279,65,5,1
0,279,66,5,1
0,280,62,5,1
0,280,63,5,1
0,280,64,5,1
0,280,65,5,1
0,280,66,5,1
0,281,62,5,1
0,281,63,5,1
0,281,64,5,1
0,281,65,5,1
0,281,66,5,1
0,282,62,5,1
0,282,63,5,1
0,282,64,5,1
0,282,65,5,1
0,282,66,5,1
0,283,62,5,1
0,283,63,5,1
0,283,64,5,1
0,283,65,5,1
0,279,67,9,1
0,280,67,9,1
0,281,67,9,1
0,282,67,9,1
0,283,67,9,1
0,279,68,7,1
0,280,68,7,1
0,281,68,7,1
0,282,68,7,1
0,283,68,7,1
0,279,70,10,1
0,280,70,10,1
0,281,70,10,1
0,282,70,10,1
0,283,70,10,1
0,279,54,5,1
0,279,55,5,1
0,279,56,5,1
0,279,57,5,1
0,280,54,5,1
0,280,55,5,1
0,280,56,5,1
0,280,57,5,1
0,281,54,5,1
0,281,55,5,1
0,281,56,5,1
0,281,57,5,1
0,282,54,5,1
0,282,55,5,1
0,282,56,5,1
0,282,57,5,1
0,283,54,5,1
0,283,55,5,1
0,283,56,5,1
0,283,57,5,1
0,284,54,5,1
0,284,55,5,1
0,284,56,5,1
0,284,57,5,1
0,285,54,5,1
0,285,55,5,1
0,285,56,5,1
0,285,57,5,1
0,279,53,1,1
0,280,53,1,1
0,281,53,1,1
0,282,53,1,1
0,283,53,1,1
0,284,53,1,1
0,285,53,1,1
0,279,58,2,1
0,280,58,2,1
0,279,60,3,1
0,280,60,3,1
0,279,59,6,1
0,280,59,6,1
0,279,71,1,1
0,280,71,1,1
0,281,71,1,1
0,282,71,1,1
0,283,71,1,1
0,279,72,5,1
0,279,73,5,1
0,279,74,5,1
0,279,75,5,1
0,280,72,5,1
0,280,73,5,1
0,280,74,5,1
0,280,75,5,1
0,281,72,5,1
0,281,73,5,1
0,281,74,5,1
0,281,75,5,1
0,282,72,5,1
0,282,73,5,1
0,282,74,5,1
0,282,75,5,1
0,283,72,5,1
0,283,73,5,1
0,283,74,5,1
0,283,75,5,1
0,299,73,32,1
0,299,71,32,1
0,299,72,32,1
0,299,74,32,1
0,299,75,32,1
0,299,76,32,1
0,299,77,32,1
0,299,78,36,1
0,300,78,35,1
0,301,78,35,1
0,300,77,37,1
0,300,76,33,1
0,301,76,34,1
0,301,77,38,1
0,300,71,39,1
0,300,72,39,1
0,300,73,39,1
0,300,74,39,1
0,301,71,39,1
0,301,72,39,1
0,301,73,39,1
0,301,74,39,1
0,300,75,40,1
0,301,75,40,1
0,288,76,5,1
0,288,77,5,1
0,288,78,5,1
0,288,79,5,1
0,288,80,5,1
0,288,81,5,1
0,288,82,5,1
0,289,83,1,1
0,290,83,1,1
0,291,83,1,1
0,292,83,1,1
0,293,83,1,1
0,294,83,1,1
0,295,83,1,1
0,296,83,1,1
0,297,83,1,1
0,298,83,1,1
0,299,83,1,1
0,300,83,1,1
0,301,83,1,1
10,288,59,0,1
10,289,59,0,1
10,290,59,0,1
10,291,59,0,1
10,296,59,0,1
10,297,59,0,1
10,279,69,0,1
10,280,69,0,1
10,281,69,0,1
10,282,69,0,1
10,283,69,0,1
10,284,69,0,1
10,285,69,0,1
10,286,69,0,1
10,287,69,0,1
10,292,69,0,1
10,293,69,0,1
10,295,69,0,1
10,296,69,0,1
10,297,69,0,1
10,298,69,0,1
10,299,69,0,1
0,295,70,10,1
0,296,70,10,1
0,297,70,10,1
0,298,70,10,1
0,299,70,10,1
1,294,68,2,1
3,289,60,10,1
3,290,60,10,1
3,291,60,10,1
3,296,60,10,1
3,297,60,10,1
3,292,60,3,1
3,293,60,3,1
3,294,60,3,1
3,295,60,3,1
3,298,60,3,1
3,300,60,3,1
3,301,60,3,1
3,302,60,3,1
3,303,60,3,1
3,304,60,3,1
3,305,60,3,1
3,306,60,3,1
4,300,67,9,1
4,300,62,5,1
4,300,63,5,1
4,300,64,5,1
4,300,65,5,1
4,300,66,5,1
4,300,61,1,1
0,294,74,24,1
0,295,74,24,1
0,296,74,24,1
0,297,74,24,1
0,298,74,24,1
0,294,71,0,1
0,294,72,0,1
0,294,73,0,1
0,295,71,0,1
0,295,72,0,1
0,295,73,0,1
0,296,71,0,1
0,296,72,0,1
0,296,73,0,1
0,297,71,0,1
0,297,72,0,1
0,297,73,0,1
0,298,71,0,1
0,298,72,0,1
0,298,73,0,1
0,302,71,0,1
0,302,72,0,1
0,302,73,0,1
0,303,71,0,1
0,303,72,0,1
0,303,73,0,1
0,304,71,0,1
0,304,72,0,1
0,304,73,0,1
0,305,71,0,1
0,305,72,0,1
0,305,73,0,1
0,302,74,0,1
0,302,75,0,1
0,302,76,0,1
0,303,74,0,1
0,303,75,0,1
0,303,76,0,1
0,304,74,0,1
0,304,75,0,1
0,304,76,0,1
0,305,74,0,1
0,305,75,0,1
0,305,76,0,1
0,306,76,0,1
0,306,71,0,1
0,306,72,0,1
0,306,73,0,1
0,306,74,0,1
0,306,75,0,1
0,307,71,0,1
0,307,72,0,1
0,307,73,0,1
0,307,74,0,1
0,307,75,0,1
0,308,71,0,1
0,308,72,0,1
0,308,73,0,1
0,308,74,0,1
0,308,75,0,1
0,309,71,0,1
0,309,72,0,1
0,309,73,0,1
0,309,74,0,1
0,309,75,0,1
0,310,71,0,1
0,310,72,0,1
0,310,73,0,1
0,310,74,0,1
0,310,75,0,1
0,311,71,0,1
0,311,72,0,1
0,311,73,0,1
0,311,74,0,1
0,311,75,0,1
0,312,71,0,1
0,312,72,0,1
0,312,73,0,1
0,312,74,0,1
0,312,75,0,1
0,313,71,0,1
0,313,72,0,1
0,313,73,0,1
0,313,74,0,1
0,313,75,0,1
0,307,58,2,1
0,308,58,2,1
0,309,58,2,1
0,310,58,2,1
0,307,59,6,1
0,308,59,6,1
0,309,59,6,1
0,310,59,6,1
0,307,60,3,1
0,308,60,3,1
0,309,60,3,1
0,310,60,3,1
0,307,70,3,1
0,308,70,3,1
0,309,70,3,1
0,310,70,3,1
0,311,70,3,1
0,312,70,3,1
0,313,70,3,1
0,307,68,2,1
0,308,68,2,1
0,309,68,2,1
0,310,68,2,1
0,311,68,2,1
0,312,68,2,1
0,313,68,2,1
0,307,69,6,1
0,308,69,6,1
0,309,69,6,1
0,310,69,6,1
0,311,69,6,1
0,312,69,6,1
0,313,69,6,1
0,311,59,6,1
0,312,59,6,1
0,313,59,6,1
0,311,58,2,1
0,312,58,2,1
0,313,58,2,1
0,311,60,3,1
0,312,60,3,1
0,313,60,3,1
0,306,61,1,1
0,307,61,1,1
0,308,61,1,1
0,309,61,1,1
0,310,61,1,1
0,311,61,1,1
0,312,61,1,1
0,313,61,1,1
0,306,67,9,1
0,307,67,9,1
0,308,67,9,1
0,309,67,9,1
0,310,67,9,1
0,311,67,9,1
0,312,67,9,1
0,313,67,9,1
0,306,62,5,1
0,306,63,5,1
0,306,64,5,1
0,306,65,5,1
0,306,66,5,1
0,307,62,5,1
0,307,63,5,1
0,307,64,5,1
0,307,65,5,1
0,307,66,5,1
0,308,62,5,1
0,308,63,5,1
0,308,64,5,1
0,308,65,5,1
0,308,66,5,1
0,309,62,5,1
0,309,63,5,1
0,309,64,5,1
0,309,65,5,1
0,309,66,5,1
0,310,62,5,1
0,310,63,5,1
0,310,64,5,1
0,310,65,5,1
0,310,66,5,1
0,311,62,5,1
0,311,63,5,1
0,311,64,5,1
0,311,65,5,1
0,311,66,5,1
0,312,62,5,1
0,312,63,5,1
0,312,64,5,1
0,312,65,5,1
0,312,66,5,1
0,313,62,5,1
0,313,63,5,1
0,313,64,5,1
0,313,65,5,1
0,313,66,5,1
0,306,53,5,1
0,306,54,5,1
0,306,55,5,1
0,306,56,5,1
0,306,57,5,1
0,307,53,5,1
0,307,54,5,1
0,307,55,5,1
0,307,56,5,1
0,307,57,5,1
0,308,53,5,1
0,308,54,5,1
0,308,55,5,1
0,308,56,5,1
0,308,57,5,1
0,309,53,5,1
0,309,54,5,1
0,309,55,5,1
0,309,56,5,1
0,309,57,5,1
0,310,53,5,1
0,310,54,5,1
0,310,55,5,1
0,310,56,5,1
0,310,57,5,1
0,311,53,5,1
0,311,54,5,1
0,311,55,5,1
0,311,56,5,1
0,311,57,5,1
0,312,53,5,1
0,312,54,5,1
0,312,55,5,1
0,312,56,5,1
0,312,57,5,1
0,313,53,5,1
0,313,54,5,1
0,313,55,5,1
0,313,56,5,1
0,313,57,5,1
0,285,66,5,1
0,283,66,5,1
0,279,76,5,1
0,279,77,5,1
0,279,78,5,1
0,279,79,5,1
0,279,80,5,1
0,279,81,5,1
0,279,82,5,1
0,279,83,5,1
0,280,76,5,1
0,280,77,5,1
0,280,78,5,1
0,280,79,5,1
0,280,80,5,1
0,280,81,5,1
0,280,82,5,1
0,280,83,5,1
0,281,76,5,1
0,281,77,5,1
0,281,78,5,1
0,281,79,5,1
0,281,80,5,1
0,281,81,5,1
0,281,82,5,1
0,281,83,5,1
0,282,76,5,1
0,282,77,5,1
0,282,78,5,1
0,282,79,5,1
0,282,80,5,1
0,282,81,5,1
0,282,82,5,1
0,282,83,5,1
0,283,76,5,1
0,283,77,5,1
0,283,78,5,1
0,283,79,5,1
0,283,80,5,1
0,283,81,5,1
0,283,82,5,1
0,283,83,5,1
0,284,76,5,1
0,284,77,5,1
0,284,78,5,1
0,284,79,5,1
0,284,80,5,1
0,284,81,5,1
0,284,82,5,1
0,284,83,5,1
0,285,76,5,1
0,285,77,5,1
0,285,78,5,1
0,285,79,5,1
0,285,81,5,1
0,285,82,5,1
0,285,83,5,1
0,286,76,5,1
0,286,77,5,1
0,286,78,5,1
0,286,79,5,1
0,286,80,5,1
0,286,81,5,1
0,286,82,5,1
0,286,83,5,1
0,287,76,5,1
0,287,77,5,1
0,287,78,5,1
0,287,79,5,1
0,287,80,5,1
0,287,81,5,1
0,287,82,5,1
0,287,83,5,1
0,288,83,5,1
0,285,80,5,1
0,285,67,16,2
0,285,68,16,2
0,285,69,16,2
0,285,70,16,2
0,285,71,16,2
0,285,72,16,2
0,286,67,16,2
0,286,68,16,2
0,286,69,16,2
0,286,70,16,2
0,286,71,16,2
0,286,72,16,2
0,287,67,16,2
0,287,68,16,2
0,287,69,16,2
0,287,70,16,2
0,287,71,16,2
0,287,72,16,2
0,288,67,16,2
0,288,68,16,2
0,288,69,16,2
0,288,70,16,2
0,288,71,16,2
0,288,72,16,2
0,289,67,16,2
0,289,68,16,2
0,289,69,16,2
0,289,70,16,2
0,289,71,16,2
0,289,72,16,2
0,290,67,16,2
0,290,68,16,2
0,290,69,16,2
0,290,70,16,2
0,290,71,16,2
0,290,72,16,2
0,291,67,16,2
0,291,68,16,2
0,291,69,16,2
0,291,70,16,2
0,291,71,16,2
0,291,72,16,2
0,292,67,16,2
0,292,68,16,2
0,292,69,16,2
0,292,70,16,2
0,292,71,16,2
0,292,72,16,2
0,293,67,16,2
0,293,68,16,2
0,293,69,16,2
0,293,70,16,2
0,293,71,16,2
0,293,72,16,2
0,294,67,16,2
0,294,68,16,2
0,294,69,16,2
0,294,70,16,2
0,294,71,16,2
0,294,72,16,2
0,295,67,16,2
0,295,68,16,2
0,295,69,16,2
0,295,70,16,2
0,295,71,16,2
0,295,72,16,2
0,296,67,16,2
0,296,68,16,2
0,296,69,16,2
0,296,70,16,2
0,296,71,16,2
0,296,72,16,2
0,297,67,16,2
0,297,68,16,2
0,297,69,16,2
0,297,70,16,2
0,297,71,16,2
0,297,72,16,2
0,298,67,16,2
0,298,68,16,2
0,298,69,16,2
0,298,70,16,2
0,298,71,16,2
0,298,72,16,2
0,299,67,16,2
0,299,68,16,2
0,299,69,16,2
0,299,70,16,2
0,299,71,16,2
0,299,72,16,2
0,300,67,16,2
0,300,68,16,2
0,300,69,16,2
0,300,70,16,2
0,300,71,16,2
0,300,72,16,2
0,301,67,16,2
0,301,68,16,2
0,301,69,16,2
0,301,70,16,2
0,301,71,16,2
0,301,72,16,2
0,302,67,16,2
0,302,68,16,2
0,302,69,16,2
0,302,70,16,2
0,302,71,16,2
0,302,72,16,2
0,303,67,16,2
0,303,68,16,2
0,303,69,16,2
0,303,70,16,2
0,303,71,16,2
0,303,72,16,2
0,304,67,16,2
0,304,68,16,2
0,304,69,16,2
0,304,70,16,2
0,304,71,16,2
0,304,72,16,2
0,305,67,16,2
0,305,68,16,2
0,305,69,16,2
0,305,70,16,2
0,305,71,16,2
0,305,72,16,2
0,306,67,16,2
0,306,68,16,2
0,306,69,16,2
0,306,70,16,2
0,306,71,16,2
0,306,72,16,2
0,284,57,16,2
0,284,58,16,2
0,284,59,16,2
0,284,60,16,2
0,284,61,16,2
0,284,62,16,2
0,285,57,16,2
0,285,58,16,2
0,285,59,16,2
0,285,60,16,2
0,285,61,16,2
0,285,62,16,2
0,286,57,16,2
0,286,58,16,2
0,286,59,16,2
0,286,60,16,2
0,286,61,16,2
0,286,62,16,2
0,287,57,16,2
0,287,58,16,2
0,287,59,16,2
0,287,60,16,2
0,287,61,16,2
0,287,62,16,2
0,288,57,16,2
0,288,58,16,2
0,288,59,16,2
0,288,60,16,2
0,288,61,16,2
0,288,62,16,2
0,289,57,16,2
0,289,58,16,2
0,289,59,16,2
0,289,60,16,2
0,289,61,16,2
0,289,62,16,2
0,290,57,16,2
0,290,58,16,2
0,290,59,16,2
0,290,60,16,2
0,290,61,16,2
0,290,62,16,2
0,291,57,16,2
0,291,58,16,2
0,291,59,16,2
0,291,60,16,2
0,291,61,16,2
0,291,62,16,2
0,292,57,16,2
0,292,58,16,2
0,292,59,16,2
0,292,60,16,2
0,292,61,16,2
0,292,62,16,2
0,293,57,16,2
0,293,58,16,2
0,293,59,16,2
0,293,60,16,2
0,293,61,16,2
0,293,62,16,2
0,294,57,16,2
0,294,58,16,2
0,294,59,16,2
0,294,60,16,2
0,294,61,16,2
0,294,62,16,2
0,295,57,16,2
0,295,58,16,2
0,295,59,16,2
0,295,60,16,2
0,295,61,16,2
0,295,62,16,2
0,296,57,16,2
0,296,58,16,2
0,296,59,16,2
0,296,60,16,2
0,296,61,16,2
0,296,62,16,2
0,297,57,16,2
0,297,58,16,2
0,297,59,16,2
0,297,60,16,2
0,297,61,16,2
0,297,62,16,2
0,298,57,16,2
0,298,58,16,2
0,298,59,16,2
0,298,60,16,2
0,298,61,16,2
0,298,62,16,2
0,299,57,16,2
0,299,58,16,2
0,299,59,16,2
0,299,60,16,2
0,299,61,16,2
0,299,62,16,2
0,300,57,16,2
0,300,58,16,2
0,300,59,16,2
0,300,60,16,2
0,300,61,16,2
0,300,62,16,2
0,301,57,16,2
0,301,58,16,2
0,301,59,16,2
0,301,60,16,2
0,301,61,16,2
0,301,62,16,2
0,302,57,16,2
0,302,58,16,2
0,302,59,16,2
0,302,60,16,2
0,302,61,16,2
0,302,62,16,2
0,303,57,16,2
0,303,58,16,2
0,303,59,16,2
0,303,60,16,2
0,303,61,16,2
0,303,62,16,2
0,304,57,16,2
0,304,58,16,2
0,304,59,16,2
0,304,60,16,2
0,304,61,16,2
0,304,62,16,2
0,305,57,16,2
0,305,58,16,2
0,305,59,16,2
0,305,60,16,2
0,305,61,16,2
0,305,62,16,2
0,306,57,16,2
0,306,58,16,2
0,306,59,16,2
0,306,60,16,2
0,306,61,16,2
0,306,62,16,2
0,307,57,16,2
0,307,58,16,2
0,307,59,16,2
0,307,60,16,2
0,307,61,16,2
0,307,62,16,2
0,308,57,16,2
0,308,58,16,2
0,308,59,16,2
0,308,60,16,2
0,308,61,16,2
0,308,62,16,2
0,285,73,16,2
0,285,74,16,2
0,285,75,16,2
0,286,73,16,2
0,286,74,16,2
0,286,75,16,2
0,287,73,16,2
0,287,74,16,2
0,287,75,16,2
0,288,73,16,2
0,288,74,16,2
0,288,75,16,2
0,289,73,16,2
0,289,74,16,2
0,289,75,16,2
0,290,73,16,2
0,290,74,16,2
0,290,75,16,2
0,291,73,16,2
0,291,74,16,2
0,291,75,16,2
0,292,73,16,2
0,292,74,16,2
0,292,75,16,2
0,293,73,16,2
0,293,74,16,2
0,293,75,16,2
0,294,73,16,2
0,294,74,16,2
0,294,75,16,2
0,295,73,16,2
0,295,74,16,2
0,295,75,16,2
0,296,73,16,2
0,296,74,16,2
0,296,75,16,2
0,297,73,16,2
0,297,74,16,2
0,297,75,16,2
0,298,73,16,2
0,298,74,16,2
0,298,75,16,2
0,299,73,16,2
0,299,74,16,2
0,299,75,16,2
0,300,73,16,2
0,300,74,16,2
0,300,75,16,2
0,301,73,16,2
0,301,74,16,2
0,301,75,16,2
0,302,73,16,2
0,302,74,16,2
0,302,75,16,2
0,303,73,16,2
0,303,74,16,2
0,303,75,16,2
0,304,73,16,2
0,304,74,16,2
0,304,75,16,2
0,305,73,16,2
0,305,74,16,2
0,305,75,16,2
0,306,73,16,2
0,306,74,16,2
0,306,75,16,2
0,283,54,16,2
0,283,55,16,2
0,283,56,16,2
0,284,54,16,2
0,284,55,16,2
0,284,56,16,2
0,285,54,16,2
0,285,55,16,2
0,285,56,16,2
0,286,54,16,2
0,286,55,16,2
0,286,56,16,2
0,287,54,16,2
0,287,55,16,2
0,287,56,16,2
0,288,54,16,2
0,288,55,16,2
0,288,56,16,2
0,289,54,16,2
0,289,55,16,2
0,289,56,16,2
0,290,54,16,2
0,290,55,16,2
0,290,56,16,2
0,291,54,16,2
0,291,55,16,2
0,291,56,16,2
0,292,54,16,2
0,292,55,16,2
0,292,56,16,2
0,293,54,16,2
0,293,55,16,2
0,293,56,16,2
0,294,54,16,2
0,294,55,16,2
0,294,56,16,2
0,295,54,16,2
0,295,55,16,2
0,295,56,16,2
0,296,54,16,2
0,296,55,16,2
0,296,56,16,2
0,297,54,16,2
0,297,55,16,2
0,297,56,16,2
0,298,54,16,2
0,298,55,16,2
0,298,56,16,2
0,299,54,16,2
0,299,55,16,2
0,299,56,16,2
0,300,54,16,2
0,300,55,16,2
0,300,56,16,2
0,301,54,16,2
0,301,55,16,2
0,301,56,16,2
0,302,54,16,2
0,302,55,16,2
0,302,56,16,2
0,303,54,16,2
0,303,55,16,2
0,303,56,16,2
0,304,54,16,2
0,304,55,16,2
0,304,56,16,2
0,305,54,16,2
0,305,55,16,2
0,305,56,16,2
0,306,54,16,2
0,306,55,16,2
0,306,56,16,2
0,307,54,16,2
0,307,55,16,2
0,307,56,16,2
0,308,54,16,2
0,308,55,16,2
0,308,56,16,2
0,309,54,16,2
0,309,55,16,2
0,309,56,16,2
0,283,56,14,3
0,283,57,14,3
0,283,58,14,3
0,283,59,14,3
0,283,60,14,3
0,283,61,14,3
0,283,62,14,3
0,283,63,14,3
0,284,56,14,3
0,284,57,14,3
0,284,58,14,3
0,284,59,14,3
0,284,60,14,3
0,284,61,14,3
0,284,62,14,3
0,284,63,14,3
0,285,56,14,3
0,285,57,14,3
0,285,58,14,3
0,285,59,14,3
0,285,60,14,3
0,285,61,14,3
0,285,62,14,3
0,285,63,14,3
0,286,56,14,3
0,286,57,14,3
0,286,58,14,3
0,286,59,14,3
0,286,60,14,3
0,286,61,14,3
0,286,62,14,3
0,286,63,14,3
0,287,56,14,3
0,287,57,14,3
0,287,58,14,3
0,287,59,14,3
0,287,60,14,3
0,287,61,14,3
0,287,62,14,3
0,287,63,14,3
0,288,56,14,3
0,288,57,14,3
0,288,58,14,3
0,288,59,14,3
0,288,60,14,3
0,288,61,14,3
0,288,62,14,3
0,288,63,14,3
0,289,56,14,3
0,289,57,14,3
0,289,58,14,3
0,289,59,14,3
0,289,60,14,3
0,289,61,14,3
0,289,62,14,3
0,289,63,14,3
0,290,56,14,3
0,290,57,14,3
0,290,58,14,3
0,290,59,14,3
0,290,60,14,3
0,290,61,14,3
0,290,62,14,3
0,290,63,14,3
0,291,56,14,3
0,291,57,14,3
0,291,58,14,3
0,291,59,14,3
0,291,60,14,3
0,291,61,14,3
0,291,62,14,3
0,291,63,14,3
0,292,56,14,3
0,292,57,14,3
0,292,58,14,3
0,292,59,14,3
0,292,60,14,3
0,292,61,14,3
0,292,62,14,3
0,292,63,14,3
0,293,56,14,3
0,293,57,14,3
0,293,58,14,3
0,293,59,14,3
0,293,60,14,3
0,293,61,14,3
0,293,62,14,3
0,293,63,14,3
0,294,56,14,3
0,294,57,14,3
0,294,58,14,3
0,294,59,14,3
0,294,60,14,3
0,294,61,14,3
0,294,62,14,3
0,294,63,14,3
0,295,56,14,3
0,295,57,14,3
0,295,58,14,3
0,295,59,14,3
0,295,60,14,3
0,295,61,14,3
0,295,62,14,3
0,295,63,14,3
0,296,56,14,3
0,296,57,14,3
0,296,58,14,3
0,296,59,14,3
0,296,60,14,3
0,296,61,14,3
0,296,62,14,3
0,296,63,14,3
0,297,56,14,3
0,297,57,14,3
0,297,58,14,3
0,297,59,14,3
0,297,60,14,3
0,297,61,14,3
0,297,62,14,3
0,297,63,14,3
0,298,56,14,3
0,298,57,14,3
0,298,58,14,3
0,298,59,14,3
0,298,60,14,3
0,298,61,14,3
0,298,62,14,3
0,298,63,14,3
0,299,56,14,3
0,299,57,14,3
0,299,58,14,3
0,299,59,14,3
0,299,60,14,3
0,299,61,14,3
0,299,62,14,3
0,299,63,14,3
0,300,56,14,3
0,300,57,14,3
0,300,58,14,3
0,300,59,14,3
0,300,60,14,3
0,300,61,14,3
0,300,62,14,3
0,300,63,14,3
0,301,56,14,3
0,301,57,14,3
0,301,58,14,3
0,301,59,14,3
0,301,60,14,3
0,301,61,14,3
0,301,62,14,3
0,301,63,14,3
0,302,56,14,3
0,302,57,14,3
0,302,58,14,3
0,302,59,14,3
0,302,60,14,3
0,302,61,14,3
0,302,62,14,3
0,302,63,14,3
0,303,56,14,3
0,303,57,14,3
0,303,58,14,3
0,303,59,14,3
0,303,60,14,3
0,303,61,14,3
0,303,62,14,3
0,303,63,14,3
0,304,56,14,3
0,304,57,14,3
0,304,58,14,3
0,304,59,14,3
0,304,60,14,3
0,304,61,14,3
0,304,62,14,3
0,304,63,14,3
0,305,56,14,3
0,305,57,14,3
0,305,58,14,3
0,305,59,14,3
0,305,60,14,3
0,305,61,14,3
0,305,62,14,3
0,305,63,14,3
0,306,56,14,3
0,306,57,14,3
0,306,58,14,3
0,306,59,14,3
0,306,60,14,3
0,306,61,14,3
0,306,62,14,3
0,306,63,14,3
0,307,56,14,3
0,307,57,14,3
0,307,58,14,3
0,307,59,14,3
0,307,60,14,3
0,307,61,14,3
0,307,62,14,3
0,307,63,14,3
0,308,56,14,3
0,308,57,14,3
0,308,58,14,3
0,308,59,14,3
0,308,60,14,3
0,308,61,14,3
0,308,62,14,3
0,308,63,14,3
0,309,56,14,3
0,309,57,14,3
0,309,58,14,3
0,309,59,14,3
0,309,60,14,3
0,309,61,14,3
0,309,62,14,3
0,309,63,14,3
0,283,66,14,3
0,283,67,14,3
0,283,68,14,3
0,283,69,14,3
0,283,70,14,3
0,283,71,14,3
0,283,72,14,3
0,283,73,14,3
0,283,74,14,3
0,284,66,14,3
0,284,67,14,3
0,284,68,14,3
0,284,69,14,3
0,284,70,14,3
0,284,71,14,3
0,284,72,14,3
0,284,73,14,3
0,284,74,14,3
0,285,66,14,3
0,285,67,14,3
0,285,68,14,3
0,285,69,14,3
0,285,70,14,3
0,285,71,14,3
0,285,72,14,3
0,285,73,14,3
0,285,74,14,3
0,286,66,14,3
0,286,67,14,3
0,286,68,14,3
0,286,69,14,3
0,286,70,14,3
0,286,71,14,3
0,286,72,14,3
0,286,73,14,3
0,286,74,14,3
0,287,66,14,3
0,287,67,14,3
0,287,68,14,3
0,287,69,14,3
0,287,70,14,3
0,287,71,14,3
0,287,72,14,3
0,287,73,14,3
0,287,74,14,3
0,288,66,14,3
0,288,67,14,3
0,288,68,14,3
0,288,69,14,3
0,288,70,14,3
0,288,71,14,3
0,288,72,14,3
0,288,73,14,3
0,288,74,14,3
0,289,66,14,3
0,289,67,14,3
0,289,68,14,3
0,289,69,14,3
0,289,70,14,3
0,289,71,14,3
0,289,72,14,3
0,289,73,14,3
0,289,74,14,3
0,290,66,14,3
0,290,67,14,3
0,290,68,14,3
0,290,69,14,3
0,290,70,14,3
0,290,71,14,3
0,290,72,14,3
0,290,73,14,3
0,290,74,14,3
0,291,66,14,3
0,291,67,14,3
0,291,68,14,3
0,291,69,14,3
0,291,70,14,3
0,291,71,14,3
0,291,72,14,3
0,291,73,14,3
0,291,74,14,3
0,292,66,14,3
0,292,67,14,3
0,292,68,14,3
0,292,69,14,3
0,292,70,14,3
0,292,71,14,3
0,292,72,14,3
0,292,73,14,3
0,292,74,14,3
0,293,66,14,3
0,293,67,14,3
0,293,68,14,3
0,293,69,14,3
0,293,70,14,3
0,293,71,14,3
0,293,72,14,3
0,293,73,14,3
0,293,74,14,3
0,294,66,14,3
0,294,67,14,3
0,294,68,14,3
0,294,69,14,3
0,294,70,14,3
0,294,71,14,3
0,294,72,14,3
0,294,73,14,3
0,294,74,14,3
0,295,66,14,3
0,295,67,14,3
0,295,68,14,3
0,295,69,14,3
0,295,70,14,3
0,295,71,14,3
0,295,72,14,3
0,295,73,14,3
0,295,74,14,3
0,296,66,14,3
0,296,67,14,3
0,296,68,14,3
0,296,69,14,3
0,296,70,14,3
0,296,71,14,3
0,296,72,14,3
0,296,73,14,3
0,296,74,14,3
0,297,66,14,3
0,297,67,14,3
0,297,68,14,3
0,297,69,14,3
0,297,70,14,3
0,297,71,14,3
0,297,72,14,3
0,297,73,14,3
0,297,74,14,3
0,298,66,14,3
0,298,67,14,3
0,298,68,14,3
0,298,69,14,3
0,298,70,14,3
0,298,71,14,3
0,298,72,14,3
0,298,73,14,3
0,298,74,14,3
0,299,66,14,3
0,299,67,14,3
0,299,68,14,3
0,299,69,14,3
0,299,70,14,3
0,299,71,14,3
0,299,72,14,3
0,299,73,14,3
0,299,74,14,3
0,300,66,14,3
0,300,67,14,3
0,300,68,14,3
0,300,69,14,3
0,300,70,14,3
0,300,71,14,3
0,300,72,14,3
0,300,73,14,3
0,300,74,14,3
0,301,66,14,3
0,301,67,14,3
0,301,68,14,3
0,301,69,14,3
0,301,70,14,3
0,301,71,14,3
0,301,72,14,3
0,301,73,14,3
0,301,74,14,3
0,302,66,14,3
0,302,67,14,3
0,302,68,14,3
0,302,69,14,3
0,302,70,14,3
0,302,71,14,3
0,302,72,14,3
0,302,73,14,3
0,302,74,14,3
0,303,66,14,3
0,303,67,14,3
0,303,68,14,3
0,303,69,14,3
0,303,70,14,3
0,303,71,14,3
0,303,72,14,3
0,303,73,14,3
0,303,74,14,3
0,304,66,14,3
0,304,67,14,3
0,304,68,14,3
0,304,69,14,3
0,304,70,14,3
0,304,71,14,3
0,304,72,14,3
0,304,73,14,3
0,304,74,14,3
0,305,66,14,3
0,305,67,14,3
0,305,68,14,3
0,305,69,14,3
0,305,70,14,3
0,305,71,14,3
0,305,72,14,3
0,305,73,14,3
0,305,74,14,3
0,306,66,14,3
0,306,67,14,3
0,306,68,14,3
0,306,69,14,3
0,306,70,14,3
0,306,71,14,3
0,306,72,14,3
0,306,73,14,3
0,306,74,14,3
0,307,66,14,3
0,307,67,14,3
0,307,68,14,3
0,307,69,14,3
0,307,70,14,3
0,307,71,14,3
0,307,72,14,3
0,307,73,14,3
0,307,74,14,3
0,308,66,14,3
0,308,67,14,3
0,308,68,14,3
0,308,69,14,3
0,308,70,14,3
0,308,71,14,3
0,308,72,14,3
0,308,73,14,3
0,308,74,14,3
0,309,66,14,3
0,309,67,14,3
0,309,68,14,3
0,309,69,14,3
0,309,70,14,3
0,309,71,14,3
0,309,72,14,3
0,309,73,14,3
0,309,74,14,3
0,280,54,20,4
0,280,55,20,4
0,280,56,20,4
0,280,57,20,4
0,280,58,20,4
0,280,59,20,4
0,280,60,20,4
0,280,61,20,4
0,280,62,20,4
0,280,63,20,4
0,280,64,20,4
0,280,65,20,4
0,280,66,20,4
0,280,67,20,4
0,280,68,20,4
0,280,69,20,4
0,280,70,20,4
0,280,71,20,4
0,280,72,20,4
0,280,73,20,4
0,280,74,20,4
0,280,75,20,4
0,280,76,20,4
0,280,77,20,4
0,281,54,20,4
0,281,55,20,4
0,281,56,20,4
0,281,57,20,4
0,281,58,20,4
0,281,59,20,4
0,281,60,20,4
0,281,61,20,4
0,281,62,20,4
0,281,63,20,4
0,281,64,20,4
0,281,65,20,4
0,281,66,20,4
0,281,67,20,4
0,281,68,20,4
0,281,69,20,4
0,281,70,20,4
0,281,71,20,4
0,281,72,20,4
0,281,73,20,4
0,281,74,20,4
0,281,75,20,4
0,281,76,20,4
0,281,77,20,4
0,282,54,20,4
0,282,55,20,4
0,282,56,20,4
0,282,57,20,4
0,282,58,20,4
0,282,59,20,4
0,282,60,20,4
0,282,61,20,4
0,282,62,20,4
0,282,63,20,4
0,282,64,20,4
0,282,65,20,4
0,282,66,20,4
0,282,67,20,4
0,282,68,20,4
0,282,69,20,4
0,282,70,20,4
0,282,71,20,4
0,282,72,20,4
0,282,73,20,4
0,282,74,20,4
0,282,75,20,4
0,282,76,20,4
0,282,77,20,4
0,283,54,20,4
0,283,55,20,4
0,283,56,20,4
0,283,57,20,4
0,283,58,20,4
0,283,59,20,4
0,283,60,20,4
0,283,61,20,4
0,283,62,20,4
0,283,63,20,4
0,283,64,20,4
0,283,65,20,4
0,283,66,20,4
0,283,67,20,4
0,283,68,20,4
0,283,69,20,4
0,283,70,20,4
0,283,71,20,4
0,283,72,20,4
0,283,73,20,4
0,283,74,20,4
0,283,75,20,4
0,283,76,20,4
0,283,77,20,4
0,284,54,20,4
0,284,55,20,4
0,284,56,20,4
0,284,57,20,4
0,284,58,20,4
0,284,59,20,4
0,284,60,20,4
0,284,61,20,4
0,284,62,20,4
0,284,63,20,4
0,284,64,20,4
0,284,65,20,4
0,284,66,20,4
0,284,67,20,4
0,284,68,20,4
0,284,69,20,4
0,284,70,20,4
0,284,71,20,4
0,284,72,20,4
0,284,73,20,4
0,284,74,20,4
0,284,75,20,4
0,284,76,20,4
0,284,77,20,4
0,285,54,20,4
0,285,55,20,4
0,285,56,20,4
0,285,57,20,4
0,285,58,20,4
0,285,59,20,4
0,285,60,20,4
0,285,61,20,4
0,285,62,20,4
0,285,63,20,4
0,285,64,20,4
0,285,65,20,4
0,285,66,20,4
0,285,67,20,4
0,285,68,20,4
0,285,69,20,4
0,285,70,20,4
0,285,71,20,4
0,285,72,20,4
0,285,73,20,4
0,285,74,20,4
0,285,75,20,4
0,285,76,20,4
0,285,77,20,4
0,286,54,20,4
0,286,55,20,4
0,286,56,20,4
0,286,57,20,4
0,286,58,20,4
0,286,59,20,4
0,286,60,20,4
0,286,61,20,4
0,286,62,20,4
0,286,63,20,4
0,286,64,20,4
0,286,65,20,4
0,286,66,20,4
0,286,67,20,4
0,286,68,20,4
0,286,69,20,4
0,286,70,20,4
0,286,71,20,4
0,286,72,20,4
0,286,73,20,4
0,286,74,20,4
0,286,75,20,4
0,286,76,20,4
0,286,77,20,4
0,287,54,20,4
0,287,55,20,4
0,287,56,20,4
0,287,57,20,4
0,287,58,20,4
0,287,59,20,4
0,287,60,20,4
0,287,61,20,4
0,287,62,20,4
0,287,63,20,4
0,287,64,20,4
0,287,65,20,4
0,287,66,20,4
0,287,67,20,4
0,287,68,20,4
0,287,69,20,4
0,287,70,20,4
0,287,71,20,4
0,287,72,20,4
0,287,73,20,4
0,287,74,20,4
0,287,75,20,4
0,287,76,20,4
0,287,77,20,4
0,288,54,20,4
0,288,55,20,4
0,288,56,20,4
0,288,57,20,4
0,288,58,20,4
0,288,59,20,4
0,288,60,20,4
0,288,61,20,4
0,288,62,20,4
0,288,63,20,4
0,288,64,20,4
0,288,65,20,4
0,288,66,20,4
0,288,67,20,4
0,288,68,20,4
0,288,69,20,4
0,288,70,20,4
0,288,71,20,4
0,288,72,20,4
0,288,73,20,4
0,288,74,20,4
0,288,75,20,4
0,288,76,20,4
0,288,77,20,4
0,289,54,20,4
0,289,55,20,4
0,289,56,20,4
0,289,57,20,4
0,289,58,20,4
0,289,59,20,4
0,289,60,20,4
0,289,61,20,4
0,289,62,20,4
0,289,63,20,4
0,289,64,20,4
0,289,65,20,4
0,289,66,20,4
0,289,67,20,4
0,289,68,20,4
0,289,69,20,4
0,289,70,20,4
0,289,71,20,4
0,289,72,20,4
0,289,73,20,4
0,289,74,20,4
0,289,75,20,4
0,289,76,20,4
0,289,77,20,4
0,290,54,20,4
0,290,55,20,4
0,290,56,20,4
0,290,57,20,4
0,290,58,20,4
0,290,59,20,4
0,290,60,20,4
0,290,61,20,4
0,290,62,20,4
0,290,63,20,4
0,290,64,20,4
0,290,65,20,4
0,290,66,20,4
0,290,67,20,4
0,290,68,20,4
0,290,69,20,4
0,290,70,20,4
0,290,71,20,4
0,290,72,20,4
0,290,73,20,4
0,290,74,20,4
0,290,75,20,4
0,290,76,20,4
0,290,77,20,4
0,291,54,20,4
0,291,55,20,4
0,291,56,20,4
0,291,57,20,4
0,291,58,20,4
0,291,59,20,4
0,291,60,20,4
0,291,61,20,4
0,291,62,20,4
0,291,63,20,4
0,291,64,20,4
0,291,65,20,4
0,291,66,20,4
0,291,67,20,4
0,291,68,20,4
0,291,69,20,4
0,291,70,20,4
0,291,71,20,4
0,291,72,20,4
0,291,73,20,4
0,291,74,20,4
0,291,75,20,4
0,291,76,20,4
0,291,77,20,4
0,292,54,20,4
0,292,55,20,4
0,292,56,20,4
0,292,57,20,4
0,292,58,20,4
0,292,59,20,4
0,292,60,20,4
0,292,61,20,4
0,292,62,20,4
0,292,63,20,4
0,292,64,20,4
0,292,65,20,4
0,292,66,20,4
0,292,67,20,4
0,292,68,20,4
0,292,69,20,4
0,292,70,20,4
0,292,71,20,4
0,292,72,20,4
0,292,73,20,4
0,292,74,20,4
0,292,75,20,4
0,292,76,20,4
0,292,77,20,4
0,293,54,20,4
0,293,55,20,4
0,293,56,20,4
0,293,57,20,4
0,293,58,20,4
0,293,59,20,4
0,293,60,20,4
0,293,61,20,4
0,293,62,20,4
0,293,63,20,4
0,293,64,20,4
0,293,65,20,4
0,293,66,20,4
0,293,67,20,4
0,293,68,20,4
0,293,69,20,4
0,293,70,20,4
0,293,71,20,4
0,293,72,20,4
0,293,73,20,4
0,293,74,20,4
0,293,75,20,4
0,293,76,20,4
0,293,77,20,4
0,294,54,20,4
0,294,55,20,4
0,294,56,20,4
0,294,57,20,4
0,294,58,20,4
0,294,59,20,4
0,294,60,20,4
0,294,61,20,4
0,294,62,20,4
0,294,63,20,4
0,294,64,20,4
0,294,65,20,4
0,294,66,20,4
0,294,67,20,4
0,294,68,20,4
0,294,69,20,4
0,294,70,20,4
0,294,71,20,4
0,294,72,20,4
0,294,73,20,4
0,294,74,20,4
0,294,75,20,4
0,294,76,20,4
0,294,77,20,4
0,295,54,20,4
0,295,55,20,4
0,295,56,20,4
0,295,57,20,4
0,295,58,20,4
0,295,59,20,4
0,295,60,20,4
0,295,61,20,4
0,295,62,20,4
0,295,63,20,4
0,295,64,20,4
0,295,65,20,4
0,295,66,20,4
0,295,67,20,4
0,295,68,20,4
0,295,69,20,4
0,295,70,20,4
0,295,71,20,4
0,295,72,20,4
0,295,73,20,4
0,295,74,20,4
0,295,75,20,4
0,295,76,20,4
0,295,77,20,4
0,296,54,20,4
0,296,55,20,4
0,296,56,20,4
0,296,57,20,4
0,296,58,20,4
0,296,59,20,4
0,296,60,20,4
0,296,61,20,4
0,296,62,20,4
0,296,63,20,4
0,296,64,20,4
0,296,65,20,4
0,296,66,20,4
0,296,67,20,4
0,296,68,20,4
0,296,69,20,4
0,296,70,20,4
0,296,71,20,4
0,296,72,20,4
0,296,73,20,4
0,296,74,20,4
0,296,75,20,4
0,296,76,20,4
0,296,77,20,4
0,297,54,20,4
0,297,55,20,4
0,297,56,20,4
0,297,57,20,4
0,297,58,20,4
0,297,59,20,4
0,297,60,20,4
0,297,61,20,4
0,297,62,20,4
0,297,63,20,4
0,297,64,20,4
0,297,65,20,4
0,297,66,20,4
0,297,67,20,4
0,297,68,20,4
0,297,69,20,4
0,297,70,20,4
0,297,71,20,4
0,297,72,20,4
0,297,73,20,4
0,297,74,20,4
0,297,75,20,4
0,297,76,20,4
0,297,77,20,4
0,298,54,20,4
0,298,55,20,4
0,298,56,20,4
0,298,57,20,4
0,298,58,20,4
0,298,59,20,4
0,298,60,20,4
0,298,61,20,4
0,298,62,20,4
0,298,63,20,4
0,298,64,20,4
0,298,65,20,4
0,298,66,20,4
0,298,67,20,4
0,298,68,20,4
0,298,69,20,4
0,298,70,20,4
0,298,71,20,4
0,298,72,20,4
0,298,73,20,4
0,298,74,20,4
0,298,75,20,4
0,298,76,20,4
0,298,77,20,4
0,299,54,20,4
0,299,55,20,4
0,299,56,20,4
0,299,57,20,4
0,299,58,20,4
0,299,59,20,4
0,299,60,20,4
0,299,61,20,4
0,299,62,20,4
0,299,63,20,4
0,299,64,20,4
0,299,65,20,4
0,299,66,20,4
0,299,67,20,4
0,299,68,20,4
0,299,69,20,4
0,299,70,20,4
0,299,71,20,4
0,299,72,20,4
0,299,73,20,4
0,299,74,20,4
0,299,75,20,4
0,299,76,20,4
0,299,77,20,4
0,300,54,20,4
0,300,55,20,4
0,300,56,20,4
0,300,57,20,4
0,300,58,20,4
0,300,59,20,4
0,300,60,20,4
0,300,61,20,4
0,300,62,20,4
0,300,63,20,4
0,300,64,20,4
0,300,65,20,4
0,300,66,20,4
0,300,67,20,4
0,300,68,20,4
0,300,69,20,4
0,300,70,20,4
0,300,71,20,4
0,300,72,20,4
0,300,73,20,4
0,300,74,20,4
0,300,75,20,4
0,300,76,20,4
0,300,77,20,4
0,301,54,20,4
0,301,55,20,4
0,301,56,20,4
0,301,57,20,4
0,301,58,20,4
0,301,59,20,4
0,301,60,20,4
0,301,61,20,4
0,301,62,20,4
0,301,63,20,4
0,301,64,20,4
0,301,65,20,4
0,301,66,20,4
0,301,67,20,4
0,301,68,20,4
0,301,69,20,4
0,301,70,20,4
0,301,71,20,4
0,301,72,20,4
0,301,73,20,4
0,301,74,20,4
0,301,75,20,4
0,301,76,20,4
0,301,77,20,4
0,302,54,20,4
0,302,55,20,4
0,302,56,20,4
0,302,57,20,4
0,302,58,20,4
0,302,59,20,4
0,302,60,20,4
0,302,61,20,4
0,302,62,20,4
0,302,63,20,4
0,302,64,20,4
0,302,65,20,4
0,302,66,20,4
0,302,67,20,4
0,302,68,20,4
0,302,69,20,4
0,302,70,20,4
0,302,71,20,4
0,302,72,20,4
0,302,73,20,4
0,302,74,20,4
0,302,75,20,4
0,302,76,20,4
0,302,77,20,4
0,303,54,20,4
0,303,55,20,4
0,303,56,20,4
0,303,57,20,4
0,303,58,20,4
0,303,59,20,4
0,303,60,20,4
0,303,61,20,4
0,303,62,20,4
0,303,63,20,4
0,303,64,20,4
0,303,65,20,4
0,303,66,20,4
0,303,67,20,4
0,303,68,20,4
0,303,69,20,4
0,303,70,20,4
0,303,71,20,4
0,303,72,20,4
0,303,73,20,4
0,303,74,20,4
0,303,75,20,4
0,303,76,20,4
0,303,77,20,4
0,304,54,20,4
0,304,55,20,4
0,304,56,20,4
0,304,57,20,4
0,304,58,20,4
0,304,59,20,4
0,304,60,20,4
0,304,61,20,4
0,304,62,20,4
0,304,63,20,4
0,304,64,20,4
0,304,65,20,4
0,304,66,20,4
0,304,67,20,4
0,304,68,20,4
0,304,69,20,4
0,304,70,20,4
0,304,71,20,4
0,304,72,20,4
0,304,73,20,4
0,304,74,20,4
0,304,75,20,4
0,304,76,20,4
0,304,77,20,4
0,305,54,20,4
0,305,55,20,4
0,305,56,20,4
0,305,57,20,4
0,305,58,20,4
0,305,59,20,4
0,305,60,20,4
0,305,61,20,4
0,305,62,20,4
0,305,63,20,4
0,305,64,20,4
0,305,65,20,4
0,305,66,20,4
0,305,67,20,4
0,305,68,20,4
0,305,69,20,4
0,305,70,20,4
0,305,71,20,4
0,305,72,20,4
0,305,73,20,4
0,305,74,20,4
0,305,75,20,4
0,305,76,20,4
0,305,77,20,4
0,306,54,20,4
0,306,55,20,4
0,306,56,20,4
0,306,57,20,4
0,306,58,20,4
0,306,59,20,4
0,306,60,20,4
0,306,61,20,4
0,306,62,20,4
0,306,63,20,4
0,306,64,20,4
0,306,65,20,4
0,306,66,20,4
0,306,67,20,4
0,306,68,20,4
0,306,69,20,4
0,306,70,20,4
0,306,71,20,4
0,306,72,20,4
0,306,73,20,4
0,306,74,20,4
0,306,75,20,4
0,306,76,20,4
0,306,77,20,4
0,307,54,20,4
0,307,55,20,4
0,307,56,20,4
0,307,57,20,4
0,307,58,20,4
0,307,59,20,4
0,307,60,20,4
0,307,61,20,4
0,307,62,20,4
0,307,63,20,4
0,307,64,20,4
0,307,65,20,4
0,307,66,20,4
0,307,67,20,4
0,307,68,20,4
0,307,69,20,4
0,307,70,20,4
0,307,71,20,4
0,307,72,20,4
0,307,73,20,4
0,307,74,20,4
0,307,75,20,4
0,307,76,20,4
0,307,77,20,4
0,308,54,20,4
0,308,55,20,4
0,308,56,20,4
0,308,57,20,4
0,308,58,20,4
0,308,59,20,4
0,308,60,20,4
0,308,61,20,4
0,308,62,20,4
0,308,63,20,4
0,308,64,20,4
0,308,65,20,4
0,308,66,20,4
0,308,67,20,4
0,308,68,20,4
0,308,69,20,4
0,308,70,20,4
0,308,71,20,4
0,308,72,20,4
0,308,73,20,4
0,308,74,20,4
0,308,75,20,4
0,308,76,20,4
0,308,77,20,4
0,309,54,20,4
0,309,55,20,4
0,309,56,20,4
0,309,57,20,4
0,309,58,20,4
0,309,59,20,4
0,309,60,20,4
0,309,61,20,4
0,309,62,20,4
0,309,63,20,4
0,309,64,20,4
0,309,65,20,4
0,309,66,20,4
0,309,67,20,4
0,309,68,20,4
0,309,69,20,4
0,309,70,20,4
0,309,71,20,4
0,309,72,20,4
0,309,73,20,4
0,309,74,20,4
0,309,75,20,4
0,309,76,20,4
0,309,77,20,4
0,310,54,20,4
0,310,55,20,4
0,310,56,20,4
0,310,57,20,4
0,310,58,20,4
0,310,59,20,4
0,310,60,20,4
0,310,61,20,4
0,310,62,20,4
0,310,63,20,4
0,310,64,20,4
0,310,65,20,4
0,310,66,20,4
0,310,67,20,4
0,310,68,20,4
0,310,69,20,4
0,310,70,20,4
0,310,71,20,4
0,310,72,20,4
0,310,73,20,4
0,310,74,20,4
0,310,75,20,4
0,310,76,20,4
0,310,77,20,4
0,311,54,20,4
0,311,55,20,4
0,311,56,20,4
0,311,57,20,4
0,311,58,20,4
0,311,59,20,4
0,311,60,20,4
0,311,61,20,4
0,311,62,20,4
0,311,63,20,4
0,311,64,20,4
0,311,65,20,4
0,311,66,20,4
0,311,67,20,4
0,311,68,20,4
0,311,69,20,4
0,311,70,20,4
0,311,71,20,4
0,311,72,20,4
0,311,73,20,4
0,311,74,20,4
0,311,75,20,4
0,311,76,20,4
0,311,77,20,4
0,312,54,20,4
0,312,55,20,4
0,312,56,20,4
0,312,57,20,4
0,312,58,20,4
0,312,59,20,4
0,312,60,20,4
0,312,61,20,4
0,312,62,20,4
0,312,63,20,4
0,312,64,20,4
0,312,65,20,4
0,312,66,20,4
0,312,67,20,4
0,312,68,20,4
0,312,69,20,4
0,312,70,20,4
0,312,71,20,4
0,312,72,20,4
0,312,73,20,4
0,312,74,20,4
0,312,75,20,4
0,312,76,20,4
0,312,77,20,4
