0,311,78,9,1
0,312,78,9,1
0,313,78,9,1
0,314,78,9,1
0,315,78,9,1
0,316,78,9,1
0,317,78,9,1
0,318,78,9,1
0,319,78,9,1
0,320,78,9,1
0,321,71,5,1
0,321,72,5,1
0,321,73,5,1
0,322,71,5,1
0,322,72,5,1
0,322,73,5,1
0,323,71,5,1
0,323,72,5,1
0,323,73,5,1
0,324,71,5,1
0,324,72,5,1
0,324,73,5,1
0,325,71,5,1
0,325,72,5,1
0,325,73,5,1
0,326,71,5,1
0,326,72,5,1
0,326,73,5,1
0,327,71,5,1
0,327,72,5,1
0,327,73,5,1
0,328,71,5,1
0,328,72,5,1
0,328,73,5,1
0,329,71,5,1
0,329,72,5,1
0,329,73,5,1
0,330,71,5,1
0,330,72,5,1
0,330,73,5,1
0,331,71,5,1
0,331,72,5,1
0,331,73,5,1
0,332,71,5,1
0,332,72,5,1
0,332,73,5,1
0,333,71,5,1
0,333,72,5,1
0,333,73,5,1
0,334,71,5,1
0,334,72,5,1
0,334,73,5,1
0,335,71,5,1
0,335,72,5,1
0,335,73,5,1
0,315,83,1,1
0,316,83,1,1
0,317,83,1,1
0,318,83,1,1
0,319,83,1,1
0,320,83,1,1
0,315,84,9,1
0,316,84,9,1
0,317,84,9,1
0,318,84,9,1
0,319,84,9,1
0,320,84,9,1
0,310,84,9,1
0,311,84,9,1
0,312,84,9,1
0,313,84,9,1
0,314,84,9,1
0,310,83,1,1
0,311,83,1,1
0,312,83,1,1
0,313,83,1,1
0,314,83,1,1
0,311,77,1,1
0,312,77,1,1
0,313,77,1,1
0,314,77,1,1
0,315,77,1,1
0,316,77,1,1
0,317,77,1,1
0,318,77,1,1
0,319,77,1,1
0,320,77,1,1
0,310,77,1,1
0,310,78,9,1
0,321,85,2,1
0,326,87,10,1
0,327,87,10,1
0,328,87,10,1
0,329,87,10,1
0,330,87,10,1
0,331,87,10,1
0,324,86,6,1
0,325,86,6,1
0,324,87,3,1
0,325,87,3,1
0,321,86,6,1
0,321,87,3,1
0,322,87,10,1
0,323,87,10,1
0,332,86,6,1
0,333,86,6,1
0,332,87,3,1
0,333,87,3,1
0,334,87,10,1
0,335,87,10,1
0,336,85,2,1
0,337,85,2,1
0,338,85,2,1
0,339,85,2,1
0,336,87,3,1
0,337,87,3,1
0,338,87,3,1
0,339,87,3,1
0,336,86,6,1
0,337,86,6,1
0,338,86,6,1
0,339,86,6,1
0,340,86,6,1
0,341,86,6,1
0,342,86,6,1
0,343,86,6,1
0,344,86,6,1
0,345,86,6,1
0,340,87,3,1
0,341,87,3,1
0,342,87,3,1
0,343,87,3,1
0,344,87,3,1
0,345,87,3,1
0,346,87,3,1
0,340,85,2,1
0,341,85,2,1
0,342,85,2,1
0,343,85,2,1
0,344,85,2,1
0,345,85,2,1
0,346,85,2,1
0,336,71,5,1
0,336,72,5,1
0,336,73,5,1
0,337,71,5,1
0,337,72,5,1
0,337,73,5,1
0,337,74,5,1
0,337,75,5,1
0,337,76,5,1
0,337,77,5,1
0,337,78,5,1
0,337,79,5,1
0,337,80,5,1
0,337,81,5,1
0,337,82,5,1
0,337,83,5,1
0,337,84,5,1
0,338,71,5,1
0,338,72,5,1
0,338,73,5,1
0,338,74,5,1
0,338,75,5,1
0,338,76,5,1
0,338,77,5,1
0,338,78,5,1
0,338,79,5,1
0,338,80,5,1
0,338,81,5,1
0,338,82,5,1
0,338,83,5,1
0,338,84,5,1
0,339,71,5,1
0,339,72,5,1
0,339,73,5,1
0,339,74,5,1
0,339,75,5,1
0,339,76,5,1
0,339,77,5,1
0,339,78,5,1
0,339,79,5,1
0,339,80,5,1
0,339,81,5,1
0,339,82,5,1
0,339,83,5,1
0,339,84,5,1
0,340,71,5,1
0,340,72,5,1
0,340,73,5,1
0,340,74,5,1
0,340,75,5,1
0,340,76,5,1
0,340,77,5,1
0,340,78,5,1
0,340,79,5,1
0,340,80,5,1
0,340,81,5,1
0,340,82,5,1
0,340,83,5,1
0,340,84,5,1
0,341,71,5,1
0,341,72,5,1
0,341,73,5,1
0,341,74,5,1
0,341,75,5,1
0,341,76,5,1
0,341,77,5,1
0,341,78,5,1
0,341,79,5,1
0,341,80,5,1
0,341,81,5,1
0,341,82,5,1
0,341,83,5,1
0,341,84,5,1
0,342,71,5,1
0,342,72,5,1
0,342,73,5,1
0,342,74,5,1
0,342,75,5,1
0,342,76,5,1
0,342,77,5,1
0,342,78,5,1
0,342,79,5,1
0,342,80,5,1
0,342,81,5,1
0,342,82,5,1
0,342,83,5,1
0,342,84,5,1
0,343,71,5,1
0,343,72,5,1
0,343,73,5,1
0,343,74,5,1
0,343,75,5,1
0,343,76,5,1
0,343,77,5,1
0,343,78,5,1
0,343,79,5,1
0,343,80,5,1
0,343,81,5,1
0,343,82,5,1
0,343,83,5,1
0,343,84,5,1
0,344,71,5,1
0,344,72,5,1
0,344,73,5,1
0,344,74,5,1
0,344,75,5,1
0,344,76,5,1
0,344,77,5,1
0,344,78,5,1
0,344,79,5,1
0,344,80,5,1
0,344,81,5,1
0,344,82,5,1
0,344,83,5,1
0,344,84,5,1
0,345,71,5,1
0,345,72,5,1
0,345,73,5,1
0,345,74,5,1
0,345,75,5,1
0,345,76,5,1
0,345,77,5,1
0,345,78,5,1
0,345,79,5,1
0,345,80,5,1
0,345,81,5,1
0,345,82,5,1
0,345,83,5,1
0,345,84,5,1
0,346,71,5,1
0,346,72,5,1
0,346,73,5,1
0,346,74,5,1
0,346,75,5,1
0,346,76,5,1
0,346,77,5,1
0,346,78,5,1
0,346,79,5,1
0,346,80,5,1
0,346,81,5,1
0,346,82,5,1
0,346,83,5,1
0,346,84,5,1
10,322,86,0,1
10,323,86,0,1
10,326,86,0,1
10,327,86,0,1
10,328,86,0,1
10,329,86,0,1
10,330,86,0,1
10,331,86,0,1
10,334,86,0,1
10,335,86,0,1
1,322,85,7,1
1,323,85,7,1
1,326,85,7,1
1,327,85,7,1
1,328,85,7,1
1,329,85,7,1
1,330,85,7,1
1,331,85,7,1
1,334,85,7,1
1,335,85,7,1
1,332,85,2,1
1,333,85,2,1
1,324,85,2,1
1,325,85,2,1
2,321,83,1,1
2,321,84,9,1
4,336,74,5,1
4,336,75,5,1
4,336,76,5,1
4,336,77,5,1
4,336,78,5,1
4,336,79,5,1
4,336,80,5,1
4,336,81,5,1
4,336,82,5,1
4,336,83,5,1
4,336,84,5,1
2,321,74,5,1
2,321,75,5,1
2,321,76,5,1
2,321,77,5,1
2,321,78,9,1
3,322,74,9,1
3,323,74,9,1
3,324,74,9,1
3,325,74,9,1
3,326,74,9,1
3,327,74,9,1
3,328,74,9,1
3,329,74,9,1
3,330,74,9,1
3,331,74,9,1
3,332,74,9,1
3,333,74,9,1
3,334,74,9,1
3,335,74,9,1
3,302,78,9,1
3,303,78,9,1
3,304,78,9,1
3,305,78,9,1
3,306,78,9,1
3,307,78,9,1
3,308,78,9,1
3,309,78,9,1
3,310,78,9,1
3,311,78,9,1
3,312,78,9,1
0,302,77,1,1
0,303,77,1,1
0,304,77,1,1
0,305,77,1,1
0,306,77,1,1
0,307,77,1,1
0,308,77,1,1
0,309,77,1,1
0,310,77,1,1
0,311,77,1,1
0,312,77,1,1
1,302,83,1,1
1,303,83,1,1
1,304,83,1,1
1,305,83,1,1
1,306,83,1,1
1,307,83,1,1
1,308,83,1,1
1,309,83,1,1
1,310,83,1,1
1,311,83,1,1
1,312,83,1,1
0,313,77,1,1
0,314,77,1,1
0,315,77,1,1
0,316,77,1,1
0,317,77,1,1
0,318,77,1,1
0,319,77,1,1
0,320,77,1,1
1,313,83,1,1
1,314,83,1,1
1,315,83,1,1
1,316,83,1,1
1,317,83,1,1
1,318,83,1,1
1,319,83,1,1
1,320,83,1,1
3,313,78,9,1
3,314,78,9,1
3,315,78,9,1
3,316,78,9,1
3,317,78,9,1
3,318,78,9,1
3,319,78,9,1
3,320,78,9,1
0,314,84,9,1
0,315,84,9,1
0,316,84,9,1
0,317,84,9,1
0,318,84,9,1
0,319,84,9,1
0,320,84,9,1
0,321,78,9,1
0,321,76,5,1
0,321,77,5,1
0,321,75,5,1
0,322,74,9,1
0,323,74,9,1
0,324,74,9,1
0,325,74,9,1
0,326,74,9,1
0,327,74,9,1
0,328,74,9,1
0,329,74,9,1
0,330,74,9,1
0,331,74,9,1
0,332,74,9,1
0,322,71,5,1
0,322,72,5,1
0,322,73,5,1
0,323,71,5,1
0,323,72,5,1
0,323,73,5,1
0,324,71,5,1
0,324,72,5,1
0,324,73,5,1
0,325,71,5,1
0,325,72,5,1
0,325,73,5,1
0,326,71,5,1
0,326,72,5,1
0,326,73,5,1
0,327,71,5,1
0,327,72,5,1
0,327,73,5,1
0,328,71,5,1
0,328,72,5,1
0,328,73,5,1
0,329,71,5,1
0,329,72,5,1
0,329,73,5,1
0,330,71,5,1
0,330,72,5,1
0,330,73,5,1
0,331,71,5,1
0,331,72,5,1
0,331,73,5,1
0,332,71,5,1
0,332,72,5,1
0,332,73,5,1
0,321,71,5,1
0,321,72,5,1
0,321,73,5,1
0,321,74,5,1
0,333,71,5,1
0,333,72,5,1
0,333,73,5,1
0,334,71,5,1
0,334,72,5,1
0,334,73,5,1
0,335,71,5,1
0,335,72,5,1
0,335,73,5,1
0,336,71,5,1
0,336,72,5,1
0,336,73,5,1
0,337,71,5,1
0,337,72,5,1
0,337,73,5,1
0,338,71,5,1
0,338,72,5,1
0,338,73,5,1
0,339,71,5,1
0,339,72,5,1
0,339,73,5,1
0,340,71,5,1
0,340,72,5,1
0,340,73,5,1
0,341,71,5,1
0,341,72,5,1
0,341,73,5,1
0,342,71,5,1
0,342,72,5,1
0,342,73,5,1
0,343,71,5,1
0,343,72,5,1
0,343,73,5,1
0,344,71,5,1
0,344,72,5,1
0,344,73,5,1
0,345,71,5,1
0,345,72,5,1
0,345,73,5,1
0,346,71,5,1
0,346,72,5,1
0,346,73,5,1
0,347,71,5,1
0,347,72,5,1
0,347,73,5,1
0,348,71,5,1
0,348,72,5,1
0,348,73,5,1
0,349,71,5,1
0,349,72,5,1
0,349,73,5,1
0,350,71,5,1
0,350,72,5,1
0,350,73,5,1
0,351,71,5,1
0,351,72,5,1
0,351,73,5,1
0,321,83,1,1
0,321,84,9,1
0,321,85,2,1
0,321,86,6,1
0,321,87,3,1
0,322,87,10,1
0,323,87,10,1
0,322,85,7,1
0,323,85,7,1
0,324,85,2,1
0,325,85,2,1
0,324,87,3,1
0,325,87,3,1
0,324,86,6,1
0,325,86,6,1
0,326,85,7,1
0,327,85,7,1
0,328,85,7,1
0,329,85,7,1
0,330,85,7,1
0,331,85,7,1
0,326,87,10,1
0,327,87,10,1
0,328,87,10,1
0,329,87,10,1
0,330,87,10,1
0,331,87,10,1
0,302,84,9,1
0,303,84,9,1
0,304,84,9,1
0,305,84,9,1
0,306,84,9,1
0,307,84,9,1
0,308,84,9,1
0,309,84,9,1
0,310,84,9,1
0,311,84,9,1
0,312,84,9,1
0,313,84,9,1
10,322,86,0,1
10,323,86,0,1
10,326,86,0,1
10,327,86,0,1
10,328,86,0,1
10,329,86,0,1
10,330,86,0,1
10,331,86,0,1
0,302,71,0,1
0,302,72,0,1
0,302,73,0,1
0,302,74,0,1
0,302,75,0,1
0,302,76,0,1
0,303,71,0,1
0,303,72,0,1
0,303,73,0,1
0,303,74,0,1
0,303,75,0,1
0,303,76,0,1
0,304,71,0,1
0,304,72,0,1
0,304,73,0,1
0,304,74,0,1
0,304,75,0,1
0,304,76,0,1
0,305,71,0,1
0,305,72,0,1
0,305,73,0,1
0,305,74,0,1
0,305,75,0,1
0,305,76,0,1
0,306,71,0,1
0,306,72,0,1
0,306,73,0,1
0,306,74,0,1
0,306,75,0,1
0,306,76,0,1
0,307,71,0,1
0,307,72,0,1
0,307,73,0,1
0,307,74,0,1
0,307,75,0,1
0,307,76,0,1
0,308,71,0,1
0,308,72,0,1
0,308,73,0,1
0,308,74,0,1
0,308,75,0,1
0,308,76,0,1
0,309,71,0,1
0,309,72,0,1
0,309,73,0,1
0,309,74,0,1
0,309,75,0,1
0,309,76,0,1
0,310,71,0,1
0,310,72,0,1
0,310,73,0,1
0,310,74,0,1
0,310,75,0,1
0,310,76,0,1
0,311,71,0,1
0,311,72,0,1
0,311,73,0,1
0,311,74,0,1
0,311,75,0,1
0,311,76,0,1
0,312,71,0,1
0,312,72,0,1
0,312,73,0,1
0,312,74,0,1
0,312,75,0,1
0,312,76,0,1
0,313,71,0,1
0,313,72,0,1
0,313,73,0,1
0,313,74,0,1
0,313,75,0,1
0,313,76,0,1
0,314,71,0,1
0,314,72,0,1
0,314,73,0,1
0,314,74,0,1
0,314,75,0,1
0,314,76,0,1
0,315,71,0,1
0,315,72,0,1
0,315,73,0,1
0,315,74,0,1
0,315,75,0,1
0,315,76,0,1
0,316,71,0,1
0,316,72,0,1
0,316,73,0,1
0,316,74,0,1
0,316,75,0,1
0,316,76,0,1
0,317,71,0,1
0,317,72,0,1
0,317,73,0,1
0,317,74,0,1
0,317,75,0,1
0,317,76,0,1
0,318,71,0,1
0,318,72,0,1
0,318,73,0,1
0,318,74,0,1
0,318,75,0,1
0,318,76,0,1
0,319,71,0,1
0,319,72,0,1
0,319,73,0,1
0,319,74,0,1
0,319,75,0,1
0,319,76,0,1
0,320,71,0,1
0,320,72,0,1
0,320,73,0,1
0,320,74,0,1
0,320,75,0,1
0,320,76,0,1
0,302,78,9,1
0,303,78,9,1
0,304,78,9,1
0,305,78,9,1
0,306,78,9,1
0,307,78,9,1
0,308,78,9,1
0,309,78,9,1
0,310,78,9,1
0,311,78,9,1
0,312,78,9,1
0,302,77,1,1
0,303,77,1,1
0,304,77,1,1
0,305,77,1,1
0,306,77,1,1
0,307,77,1,1
0,308,77,1,1
0,309,77,1,1
0,310,77,1,1
0,311,77,1,1
0,312,77,1,1
0,302,83,1,1
0,303,83,1,1
0,304,83,1,1
0,305,83,1,1
0,306,83,1,1
0,307,83,1,1
0,308,83,1,1
0,309,83,1,1
0,310,83,1,1
0,311,83,1,1
0,312,83,1,1
0,302,84,9,1
0,303,84,9,1
0,304,84,9,1
0,305,84,9,1
0,306,84,9,1
0,307,84,9,1
0,308,84,9,1
0,309,84,9,1
0,310,84,9,1
0,311,84,9,1
0,312,84,9,1
0,302,70,3,1
0,303,70,3,1
0,304,70,3,1
0,305,70,3,1
0,306,70,3,1
0,307,70,3,1
0,308,70,3,1
0,309,70,3,1
0,310,70,3,1
0,311,70,3,1
0,294,71,0,1
0,302,71,0,1
0,302,72,0,1
0,302,73,0,1
0,302,74,0,1
0,302,75,0,1
0,302,76,0,1
0,303,71,0,1
0,303,72,0,1
0,303,73,0,1
0,303,74,0,1
0,303,75,0,1
0,303,76,0,1
0,304,71,0,1
0,304,72,0,1
0,304,73,0,1
0,304,74,0,1
0,304,75,0,1
0,304,76,0,1
0,305,71,0,1
0,305,72,0,1
0,305,73,0,1
0,305,74,0,1
0,305,75,0,1
0,305,76,0,1
0,306,71,0,1
0,306,72,0,1
0,306,73,0,1
0,306,74,0,1
0,306,75,0,1
0,306,76,0,1
0,307,71,0,1
0,307,72,0,1
0,307,73,0,1
0,307,74,0,1
0,307,75,0,1
0,307,76,0,1
0,308,71,0,1
0,308,72,0,1
0,308,73,0,1
0,308,74,0,1
0,308,75,0,1
0,308,76,0,1
0,309,71,0,1
0,309,72,0,1
0,309,73,0,1
0,309,74,0,1
0,309,75,0,1
0,309,76,0,1
0,310,71,0,1
0,310,72,0,1
0,310,73,0,1
0,310,74,0,1
0,310,75,0,1
0,310,76,0,1
0,311,71,0,1
0,311,72,0,1
0,311,73,0,1
0,311,74,0,1
0,311,75,0,1
0,311,76,0,1
0,312,71,0,1
0,312,72,0,1
0,312,73,0,1
0,312,74,0,1
0,312,75,0,1
0,312,76,0,1
0,302,85,0,1
0,302,86,0,1
0,303,85,0,1
0,303,86,0,1
0,304,85,0,1
0,304,86,0,1
0,305,85,0,1
0,305,86,0,1
0,305,87,0,1
0,305,88,0,1
0,305,89,0,1
0,305,90,0,1
0,306,85,0,1
0,306,86,0,1
0,306,87,0,1
0,306,88,0,1
0,306,89,0,1
0,306,90,0,1
0,307,85,0,1
0,307,86,0,1
0,307,87,0,1
0,307,88,0,1
0,307,89,0,1
0,307,90,0,1
0,308,85,0,1
0,308,86,0,1
0,308,87,0,1
0,308,88,0,1
0,308,89,0,1
0,308,90,0,1
0,309,85,0,1
0,309,86,0,1
0,309,87,0,1
0,309,88,0,1
0,309,89,0,1
0,309,90,0,1
0,310,85,0,1
0,310,86,0,1
0,310,87,0,1
0,310,88,0,1
0,310,89,0,1
0,310,90,0,1
0,311,85,0,1
0,311,86,0,1
0,311,87,0,1
0,311,88,0,1
0,311,89,0,1
0,311,90,0,1
0,312,85,0,1
0,312,86,0,1
0,312,87,0,1
0,312,88,0,1
0,312,89,0,1
0,312,90,0,1
0,313,85,0,1
0,313,86,0,1
0,313,87,0,1
0,313,88,0,1
0,313,89,0,1
0,313,90,0,1
0,314,85,0,1
0,314,86,0,1
0,314,87,0,1
0,314,88,0,1
0,314,89,0,1
0,314,90,0,1
0,315,85,0,1
0,315,86,0,1
0,315,87,0,1
0,315,88,0,1
0,315,89,0,1
0,315,90,0,1
0,316,85,0,1
0,316,86,0,1
0,316,87,0,1
0,316,88,0,1
0,316,89,0,1
0,316,90,0,1
0,317,85,0,1
0,317,86,0,1
0,317,87,0,1
0,317,88,0,1
0,317,89,0,1
0,317,90,0,1
0,318,85,0,1
0,318,86,0,1
0,318,87,0,1
0,318,88,0,1
0,318,89,0,1
0,318,90,0,1
0,319,85,0,1
0,319,86,0,1
0,319,87,0,1
0,319,88,0,1
0,319,89,0,1
0,319,90,0,1
0,320,85,0,1
0,320,86,0,1
0,320,87,0,1
0,320,88,0,1
0,320,89,0,1
0,320,90,0,1
0,312,70,3,1
0,313,70,3,1
0,314,70,3,1
0,315,70,3,1
0,316,70,3,1
0,317,70,3,1
0,318,70,3,1
0,319,70,3,1
0,320,70,3,1
0,321,70,3,1
0,322,70,3,1
0,323,70,3,1
0,324,70,3,1
0,325,70,3,1
0,326,70,3,1
0,327,70,3,1
0,328,70,3,1
0,329,70,3,1
0,330,70,3,1
0,331,70,3,1
0,332,70,3,1
0,333,70,3,1
0,334,70,3,1
0,335,70,3,1
0,336,70,3,1
0,337,70,3,1
0,338,70,3,1
0,339,70,3,1
0,340,70,3,1
0,341,70,3,1
0,342,70,3,1
0,343,70,3,1
0,344,70,3,1
0,345,70,3,1
0,346,70,3,1
0,347,70,3,1
0,348,70,3,1
0,349,70,3,1
0,350,70,3,1
0,351,70,3,1
0,347,74,5,1
0,347,75,5,1
0,347,76,5,1
0,347,77,5,1
0,347,78,5,1
0,347,79,5,1
0,347,80,5,1
0,347,81,5,1
0,347,82,5,1
0,347,83,5,1
0,347,84,5,1
0,348,74,5,1
0,348,75,5,1
0,348,76,5,1
0,348,77,5,1
0,348,78,5,1
0,348,79,5,1
0,348,80,5,1
0,348,81,5,1
0,348,82,5,1
0,348,83,5,1
0,348,84,5,1
0,349,74,5,1
0,349,75,5,1
0,349,76,5,1
0,349,77,5,1
0,349,78,5,1
0,349,79,5,1
0,349,80,5,1
0,349,81,5,1
0,349,82,5,1
0,349,83,5,1
0,349,84,5,1
0,350,74,5,1
0,350,75,5,1
0,350,76,5,1
0,350,77,5,1
0,350,78,5,1
0,350,79,5,1
0,350,80,5,1
0,350,81,5,1
0,350,82,5,1
0,350,83,5,1
0,350,84,5,1
0,351,74,5,1
0,351,75,5,1
0,351,76,5,1
0,351,77,5,1
0,351,78,5,1
0,351,79,5,1
0,351,80,5,1
0,351,81,5,1
0,351,82,5,1
0,351,83,5,1
0,351,84,5,1
0,347,85,2,1
0,348,85,2,1
0,349,85,2,1
0,350,85,2,1
0,351,85,2,1
0,347,87,3,1
0,348,87,3,1
0,349,87,3,1
0,350,87,3,1
0,351,87,3,1
0,346,86,6,1
0,347,86,6,1
0,348,86,6,1
0,349,86,6,1
0,350,86,6,1
0,351,86,6,1
2,321,79,41,1
2,321,80,41,1
2,321,81,41,1
2,321,82,41,1
0,321,88,0,1
0,321,89,0,1
0,322,88,0,1
0,322,89,0,1
0,323,88,0,1
0,323,89,0,1
0,324,88,0,1
0,324,89,0,1
0,325,88,0,1
0,325,89,0,1
0,326,88,0,1
0,326,89,0,1
0,327,88,0,1
0,327,89,0,1
0,328,88,0,1
0,328,89,0,1
0,329,88,0,1
0,329,89,0,1
0,330,88,0,1
0,330,89,0,1
0,331,88,0,1
0,331,89,0,1
0,332,88,0,1
0,332,89,0,1
0,333,88,0,1
0,333,89,0,1
0,334,88,0,1
0,334,89,0,1
0,335,88,0,1
0,335,89,0,1
0,336,88,0,1
0,336,89,0,1
0,337,88,0,1
0,337,89,0,1
0,338,88,0,1
0,338,89,0,1
0,339,88,0,1
0,339,89,0,1
0,340,88,0,1
0,340,89,0,1
0,341,88,0,1
0,341,89,0,1
0,342,88,0,1
0,342,89,0,1
0,343,88,0,1
0,343,89,0,1
0,344,88,0,1
0,344,89,0,1
0,345,88,0,1
0,345,89,0,1
0,346,88,0,1
0,346,89,0,1
0,347,88,0,1
0,347,89,0,1
0,348,88,0,1
0,348,89,0,1
0,349,88,0,1
0,349,89,0,1
0,302,69,16,2
0,302,70,16,2
0,302,71,16,2
0,302,72,16,2
0,302,73,16,2
0,302,74,16,2
0,302,75,16,2
0,302,76,16,2
0,303,69,16,2
0,303,70,16,2
0,303,71,16,2
0,303,72,16,2
0,303,73,16,2
0,303,74,16,2
0,303,75,16,2
0,303,76,16,2
0,304,69,16,2
0,304,70,16,2
0,304,71,16,2
0,304,72,16,2
0,304,73,16,2
0,304,74,16,2
0,304,75,16,2
0,304,76,16,2
0,305,69,16,2
0,305,70,16,2
0,305,71,16,2
0,305,72,16,2
0,305,73,16,2
0,305,74,16,2
0,305,75,16,2
0,305,76,16,2
0,306,69,16,2
0,306,70,16,2
0,306,71,16,2
0,306,72,16,2
0,306,73,16,2
0,306,74,16,2
0,306,75,16,2
0,306,76,16,2
0,307,69,16,2
0,307,70,16,2
0,307,71,16,2
0,307,72,16,2
0,307,73,16,2
0,307,74,16,2
0,307,75,16,2
0,307,76,16,2
0,308,69,16,2
0,308,70,16,2
0,308,71,16,2
0,308,72,16,2
0,308,73,16,2
0,308,74,16,2
0,308,75,16,2
0,308,76,16,2
0,309,69,16,2
0,309,70,16,2
0,309,71,16,2
0,309,72,16,2
0,309,73,16,2
0,309,74,16,2
0,309,75,16,2
0,309,76,16,2
0,310,69,16,2
0,310,70,16,2
0,310,71,16,2
0,310,72,16,2
0,310,73,16,2
0,310,74,16,2
0,310,75,16,2
0,310,76,16,2
0,311,69,16,2
0,311,70,16,2
0,311,71,16,2
0,311,72,16,2
0,311,73,16,2
0,311,74,16,2
0,311,75,16,2
0,311,76,16,2
0,312,69,16,2
0,312,70,16,2
0,312,71,16,2
0,312,72,16,2
0,312,73,16,2
0,312,74,16,2
0,312,75,16,2
0,312,76,16,2
0,313,69,16,2
0,313,70,16,2
0,313,71,16,2
0,313,72,16,2
0,313,73,16,2
0,313,74,16,2
0,313,75,16,2
0,313,76,16,2
0,302,83,16,2
0,302,84,16,2
0,302,85,16,2
0,302,86,16,2
0,302,87,16,2
0,302,88,16,2
0,303,83,16,2
0,303,84,16,2
0,303,85,16,2
0,303,86,16,2
0,303,87,16,2
0,303,88,16,2
0,304,83,16,2
0,304,84,16,2
0,304,85,16,2
0,304,86,16,2
0,304,87,16,2
0,304,88,16,2
0,305,83,16,2
0,305,84,16,2
0,305,85,16,2
0,305,86,16,2
0,305,87,16,2
0,305,88,16,2
0,306,83,16,2
0,306,84,16,2
0,306,85,16,2
0,306,86,16,2
0,306,87,16,2
0,306,88,16,2
0,307,83,16,2
0,307,84,16,2
0,307,85,16,2
0,307,86,16,2
0,307,87,16,2
0,307,88,16,2
0,308,83,16,2
0,308,87,16,2
0,308,88,16,2
0,309,83,16,2
0,309,87,16,2
0,309,88,16,2
0,308,84,16,2
0,308,85,16,2
0,308,86,16,2
0,309,84,16,2
0,309,85,16,2
0,309,86,16,2
0,310,83,16,2
0,310,84,16,2
0,310,85,16,2
0,310,86,16,2
0,310,87,16,2
0,310,88,16,2
0,311,83,16,2
0,311,84,16,2
0,311,85,16,2
0,311,86,16,2
0,311,87,16,2
0,311,88,16,2
0,312,83,16,2
0,312,84,16,2
0,312,85,16,2
0,312,86,16,2
0,312,87,16,2
0,312,88,16,2
0,313,83,16,2
0,313,84,16,2
0,313,85,16,2
0,313,86,16,2
0,313,87,16,2
0,313,88,16,2
0,314,83,16,2
0,314,84,16,2
0,314,85,16,2
0,314,86,16,2
0,314,87,16,2
0,314,88,16,2
0,315,83,16,2
0,315,84,16,2
0,315,85,16,2
0,315,86,16,2
0,315,87,16,2
0,315,88,16,2
0,316,83,16,2
0,316,84,16,2
0,316,85,16,2
0,316,86,16,2
0,316,87,16,2
0,316,88,16,2
0,317,83,16,2
0,317,84,16,2
0,317,85,16,2
0,317,86,16,2
0,317,87,16,2
0,317,88,16,2
0,318,83,16,2
0,318,84,16,2
0,318,85,16,2
0,318,86,16,2
0,318,87,16,2
0,318,88,16,2
0,319,83,16,2
0,319,84,16,2
0,319,85,16,2
0,319,86,16,2
0,319,87,16,2
0,319,88,16,2
0,320,83,16,2
0,320,84,16,2
0,320,85,16,2
0,320,86,16,2
0,320,87,16,2
0,320,88,16,2
0,321,83,16,2
0,321,84,16,2
0,321,85,16,2
0,321,86,16,2
0,321,87,16,2
0,321,88,16,2
0,322,83,16,2
0,322,84,16,2
0,322,85,16,2
0,322,86,16,2
0,322,87,16,2
0,322,88,16,2
0,323,83,16,2
0,323,84,16,2
0,323,85,16,2
0,323,86,16,2
0,323,87,16,2
0,323,88,16,2
0,324,83,16,2
0,324,84,16,2
0,324,85,16,2
0,324,86,16,2
0,324,87,16,2
0,324,88,16,2
0,325,83,16,2
0,325,84,16,2
0,325,85,16,2
0,325,86,16,2
0,325,87,16,2
0,325,88,16,2
0,326,83,16,2
0,326,84,16,2
0,326,85,16,2
0,326,86,16,2
0,326,87,16,2
0,326,88,16,2
0,327,83,16,2
0,327,84,16,2
0,327,85,16,2
0,327,86,16,2
0,327,87,16,2
0,327,88,16,2
0,328,83,16,2
0,328,84,16,2
0,328,85,16,2
0,328,86,16,2
0,328,87,16,2
0,328,88,16,2
0,329,83,16,2
0,329,84,16,2
0,329,85,16,2
0,329,86,16,2
0,329,87,16,2
0,329,88,16,2
0,330,83,16,2
0,330,84,16,2
0,330,85,16,2
0,330,86,16,2
0,330,87,16,2
0,330,88,16,2
0,331,83,16,2
0,331,84,16,2
0,331,85,16,2
0,331,86,16,2
0,331,87,16,2
0,331,88,16,2
0,332,83,16,2
0,332,84,16,2
0,332,85,16,2
0,332,86,16,2
0,332,87,16,2
0,332,88,16,2
0,333,83,16,2
0,333,84,16,2
0,333,85,16,2
0,333,86,16,2
0,333,87,16,2
0,333,88,16,2
0,334,83,16,2
0,334,84,16,2
0,334,85,16,2
0,334,86,16,2
0,334,87,16,2
0,334,88,16,2
0,335,83,16,2
0,335,84,16,2
0,335,85,16,2
0,335,86,16,2
0,335,87,16,2
0,335,88,16,2
0,336,83,16,2
0,336,84,16,2
0,336,85,16,2
0,336,86,16,2
0,336,87,16,2
0,336,88,16,2
0,337,83,16,2
0,337,84,16,2
0,337,85,16,2
0,337,86,16,2
0,337,87,16,2
0,337,88,16,2
0,338,83,16,2
0,338,84,16,2
0,338,85,16,2
0,338,86,16,2
0,338,87,16,2
0,338,88,16,2
0,339,83,16,2
0,339,84,16,2
0,339,85,16,2
0,339,86,16,2
0,339,87,16,2
0,339,88,16,2
0,314,69,16,2
0,314,70,16,2
0,314,71,16,2
0,314,72,16,2
0,314,73,16,2
0,314,74,16,2
0,314,75,16,2
0,314,76,16,2
0,315,69,16,2
0,315,70,16,2
0,315,71,16,2
0,315,72,16,2
0,315,73,16,2
0,315,74,16,2
0,315,75,16,2
0,315,76,16,2
0,316,69,16,2
0,316,70,16,2
0,316,71,16,2
0,316,72,16,2
0,316,73,16,2
0,316,74,16,2
0,316,75,16,2
0,316,76,16,2
0,317,69,16,2
0,317,70,16,2
0,317,71,16,2
0,317,72,16,2
0,317,73,16,2
0,317,74,16,2
0,317,75,16,2
0,317,76,16,2
0,318,69,16,2
0,318,70,16,2
0,318,71,16,2
0,318,72,16,2
0,318,73,16,2
0,318,74,16,2
0,318,75,16,2
0,318,76,16,2
0,319,69,16,2
0,319,70,16,2
0,319,71,16,2
0,319,72,16,2
0,319,73,16,2
0,319,74,16,2
0,319,75,16,2
0,319,76,16,2
0,320,69,16,2
0,320,70,16,2
0,320,71,16,2
0,320,72,16,2
0,320,73,16,2
0,320,74,16,2
0,320,75,16,2
0,320,76,16,2
0,321,69,16,2
0,321,70,16,2
0,321,71,16,2
0,321,72,16,2
0,321,73,16,2
0,321,74,16,2
0,321,75,16,2
0,321,76,16,2
0,322,69,16,2
0,322,70,16,2
0,322,71,16,2
0,322,72,16,2
0,322,73,16,2
0,322,74,16,2
0,322,75,16,2
0,322,76,16,2
0,323,69,16,2
0,323,70,16,2
0,323,71,16,2
0,323,72,16,2
0,323,73,16,2
0,323,74,16,2
0,323,75,16,2
0,323,76,16,2
0,324,69,16,2
0,324,70,16,2
0,324,71,16,2
0,324,72,16,2
0,324,73,16,2
0,324,74,16,2
0,324,75,16,2
0,324,76,16,2
0,325,69,16,2
0,325,70,16,2
0,325,71,16,2
0,325,72,16,2
0,325,73,16,2
0,325,74,16,2
0,325,75,16,2
0,325,76,16,2
0,326,69,16,2
0,326,70,16,2
0,326,71,16,2
0,326,72,16,2
0,326,73,16,2
0,326,74,16,2
0,326,75,16,2
0,326,76,16,2
0,327,69,16,2
0,327,70,16,2
0,327,71,16,2
0,327,72,16,2
0,327,73,16,2
0,327,74,16,2
0,327,75,16,2
0,327,76,16,2
0,328,69,16,2
0,328,70,16,2
0,328,71,16,2
0,328,72,16,2
0,328,73,16,2
0,328,74,16,2
0,328,75,16,2
0,328,76,16,2
0,329,69,16,2
0,329,70,16,2
0,329,71,16,2
0,329,72,16,2
0,329,73,16,2
0,329,74,16,2
0,329,75,16,2
0,329,76,16,2
0,330,69,16,2
0,330,70,16,2
0,330,71,16,2
0,330,72,16,2
0,330,73,16,2
0,330,74,16,2
0,330,75,16,2
0,330,76,16,2
0,331,69,16,2
0,331,70,16,2
0,331,71,16,2
0,331,72,16,2
0,331,73,16,2
0,331,74,16,2
0,331,75,16,2
0,331,76,16,2
0,332,69,16,2
0,332,70,16,2
0,332,71,16,2
0,332,72,16,2
0,332,73,16,2
0,332,74,16,2
0,332,75,16,2
0,332,76,16,2
0,333,69,16,2
0,333,70,16,2
0,333,71,16,2
0,333,72,16,2
0,333,73,16,2
0,333,74,16,2
0,333,75,16,2
0,333,76,16,2
0,334,69,16,2
0,334,70,16,2
0,334,71,16,2
0,334,72,16,2
0,334,73,16,2
0,334,74,16,2
0,334,75,16,2
0,334,76,16,2
0,335,69,16,2
0,335,70,16,2
0,335,71,16,2
0,335,72,16,2
0,335,73,16,2
0,335,74,16,2
0,335,75,16,2
0,335,76,16,2
0,336,69,16,2
0,336,70,16,2
0,336,71,16,2
0,336,72,16,2
0,336,73,16,2
0,336,74,16,2
0,336,75,16,2
0,336,76,16,2
0,337,69,16,2
0,337,70,16,2
0,337,71,16,2
0,337,72,16,2
0,337,73,16,2
0,337,74,16,2
0,337,75,16,2
0,337,76,16,2
0,338,69,16,2
0,338,70,16,2
0,338,71,16,2
0,338,72,16,2
0,338,73,16,2
0,338,74,16,2
0,338,75,16,2
0,338,76,16,2
0,339,69,16,2
0,339,70,16,2
0,339,71,16,2
0,339,72,16,2
0,339,73,16,2
0,339,74,16,2
0,339,75,16,2
0,339,76,16,2
0,340,69,16,2
0,340,70,16,2
0,340,71,16,2
0,340,72,16,2
0,340,73,16,2
0,340,74,16,2
0,340,75,16,2
0,340,76,16,2
0,341,69,16,2
0,341,70,16,2
0,341,71,16,2
0,341,72,16,2
0,341,73,16,2
0,341,74,16,2
0,341,75,16,2
0,341,76,16,2
0,342,69,16,2
0,342,70,16,2
0,342,71,16,2
0,342,72,16,2
0,342,73,16,2
0,342,74,16,2
0,342,75,16,2
0,342,76,16,2
0,343,69,16,2
0,343,70,16,2
0,343,71,16,2
0,343,72,16,2
0,343,73,16,2
0,343,74,16,2
0,343,75,16,2
0,343,76,16,2
0,344,69,16,2
0,344,70,16,2
0,344,71,16,2
0,344,72,16,2
0,344,73,16,2
0,344,74,16,2
0,344,75,16,2
0,344,76,16,2
0,345,69,16,2
0,345,70,16,2
0,345,71,16,2
0,345,72,16,2
0,345,73,16,2
0,345,74,16,2
0,345,75,16,2
0,345,76,16,2
0,346,69,16,2
0,346,70,16,2
0,346,71,16,2
0,346,72,16,2
0,346,73,16,2
0,346,74,16,2
0,346,75,16,2
0,346,76,16,2
0,347,69,16,2
0,347,70,16,2
0,347,71,16,2
0,347,72,16,2
0,347,73,16,2
0,347,74,16,2
0,347,75,16,2
0,347,76,16,2
0,348,69,16,2
0,348,70,16,2
0,348,71,16,2
0,348,72,16,2
0,348,73,16,2
0,348,74,16,2
0,348,75,16,2
0,348,76,16,2
0,349,69,16,2
0,349,70,16,2
0,349,71,16,2
0,349,72,16,2
0,349,73,16,2
0,349,74,16,2
0,349,75,16,2
0,349,76,16,2
0,350,69,16,2
0,350,70,16,2
0,350,71,16,2
0,350,72,16,2
0,350,73,16,2
0,350,74,16,2
0,350,75,16,2
0,350,76,16,2
0,351,69,16,2
0,351,70,16,2
0,351,71,16,2
0,351,72,16,2
0,351,73,16,2
0,351,74,16,2
0,351,75,16,2
0,351,76,16,2
0,352,69,16,2
0,352,70,16,2
0,352,71,16,2
0,352,72,16,2
0,352,73,16,2
0,352,74,16,2
0,352,75,16,2
0,352,76,16,2
0,353,69,16,2
0,353,70,16,2
0,353,71,16,2
0,353,72,16,2
0,353,73,16,2
0,353,74,16,2
0,353,75,16,2
0,353,76,16,2
0,354,69,16,2
0,354,70,16,2
0,354,71,16,2
0,354,72,16,2
0,354,73,16,2
0,354,74,16,2
0,354,75,16,2
0,354,76,16,2
0,355,69,16,2
0,355,70,16,2
0,355,71,16,2
0,355,72,16,2
0,355,73,16,2
0,355,74,16,2
0,355,75,16,2
0,355,76,16,2
0,356,69,16,2
0,356,70,16,2
0,356,71,16,2
0,356,72,16,2
0,356,73,16,2
0,356,74,16,2
0,356,75,16,2
0,356,76,16,2
0,357,69,16,2
0,357,70,16,2
0,357,71,16,2
0,357,72,16,2
0,357,73,16,2
0,357,74,16,2
0,357,75,16,2
0,357,76,16,2
0,358,69,16,2
0,358,70,16,2
0,358,71,16,2
0,358,72,16,2
0,358,73,16,2
0,358,74,16,2
0,358,75,16,2
0,358,76,16,2
0,340,83,16,2
0,340,84,16,2
0,340,85,16,2
0,340,86,16,2
0,340,87,16,2
0,340,88,16,2
0,341,83,16,2
0,341,84,16,2
0,341,85,16,2
0,341,86,16,2
0,341,87,16,2
0,341,88,16,2
0,342,83,16,2
0,342,84,16,2
0,342,85,16,2
0,342,86,16,2
0,342,87,16,2
0,342,88,16,2
0,343,83,16,2
0,343,84,16,2
0,343,85,16,2
0,343,86,16,2
0,343,87,16,2
0,343,88,16,2
0,344,83,16,2
0,344,84,16,2
0,344,85,16,2
0,344,86,16,2
0,344,87,16,2
0,344,88,16,2
0,345,83,16,2
0,345,84,16,2
0,345,85,16,2
0,345,86,16,2
0,345,87,16,2
0,345,88,16,2
0,346,83,16,2
0,346,84,16,2
0,346,85,16,2
0,346,86,16,2
0,346,87,16,2
0,346,88,16,2
0,347,83,16,2
0,347,84,16,2
0,347,85,16,2
0,347,86,16,2
0,347,87,16,2
0,347,88,16,2
0,348,83,16,2
0,348,84,16,2
0,348,85,16,2
0,348,86,16,2
0,348,87,16,2
0,348,88,16,2
0,349,83,16,2
0,349,84,16,2
0,349,85,16,2
0,349,86,16,2
0,349,87,16,2
0,349,88,16,2
0,350,83,16,2
0,350,84,16,2
0,350,85,16,2
0,350,86,16,2
0,350,87,16,2
0,350,88,16,2
0,351,83,16,2
0,351,84,16,2
0,351,85,16,2
0,351,86,16,2
0,351,87,16,2
0,351,88,16,2
0,352,83,16,2
0,352,84,16,2
0,352,85,16,2
0,352,86,16,2
0,352,87,16,2
0,352,88,16,2
0,353,83,16,2
0,353,84,16,2
0,353,85,16,2
0,353,86,16,2
0,353,87,16,2
0,353,88,16,2
0,354,83,16,2
0,354,84,16,2
0,354,85,16,2
0,354,86,16,2
0,354,87,16,2
0,354,88,16,2
0,302,67,15,3
0,302,68,15,3
0,302,69,15,3
0,302,70,15,3
0,302,71,15,3
0,302,72,15,3
0,302,73,15,3
0,302,74,15,3
0,302,75,15,3
0,302,76,15,3
0,303,67,15,3
0,303,68,15,3
0,303,69,15,3
0,303,70,15,3
0,303,71,15,3
0,303,72,15,3
0,303,73,15,3
0,303,74,15,3
0,303,75,15,3
0,303,76,15,3
0,304,67,15,3
0,304,68,15,3
0,304,69,15,3
0,304,70,15,3
0,304,71,15,3
0,304,72,15,3
0,304,73,15,3
0,304,74,15,3
0,304,75,15,3
0,304,76,15,3
0,305,67,15,3
0,305,68,15,3
0,305,69,15,3
0,305,70,15,3
0,305,71,15,3
0,305,72,15,3
0,305,73,15,3
0,305,74,15,3
0,305,75,15,3
0,305,76,15,3
0,306,67,15,3
0,306,68,15,3
0,306,69,15,3
0,306,70,15,3
0,306,71,15,3
0,306,72,15,3
0,306,73,15,3
0,306,74,15,3
0,306,75,15,3
0,306,76,15,3
0,307,67,15,3
0,307,68,15,3
0,307,69,15,3
0,307,70,15,3
0,307,71,15,3
0,307,72,15,3
0,307,73,15,3
0,307,74,15,3
0,307,75,15,3
0,307,76,15,3
0,308,67,15,3
0,308,68,15,3
0,308,69,15,3
0,308,70,15,3
0,308,71,15,3
0,308,72,15,3
0,308,73,15,3
0,308,74,15,3
0,308,75,15,3
0,308,76,15,3
0,309,67,15,3
0,309,68,15,3
0,309,69,15,3
0,309,70,15,3
0,309,71,15,3
0,309,72,15,3
0,309,73,15,3
0,309,74,15,3
0,309,75,15,3
0,309,76,15,3
0,310,67,15,3
0,310,68,15,3
0,310,69,15,3
0,310,70,15,3
0,310,71,15,3
0,310,72,15,3
0,310,73,15,3
0,310,74,15,3
0,310,75,15,3
0,310,76,15,3
0,311,67,15,3
0,311,68,15,3
0,311,69,15,3
0,311,70,15,3
0,311,71,15,3
0,311,72,15,3
0,311,73,15,3
0,311,74,15,3
0,311,75,15,3
0,311,76,15,3
0,311,77,15,3
0,312,67,15,3
0,312,68,15,3
0,312,69,15,3
0,312,70,15,3
0,312,71,15,3
0,312,72,15,3
0,312,73,15,3
0,312,74,15,3
0,312,75,15,3
0,312,76,15,3
0,312,77,15,3
0,313,67,15,3
0,313,68,15,3
0,313,69,15,3
0,313,70,15,3
0,313,71,15,3
0,313,72,15,3
0,313,73,15,3
0,313,74,15,3
0,313,75,15,3
0,313,76,15,3
0,313,77,15,3
0,314,67,15,3
0,314,68,15,3
0,314,69,15,3
0,314,70,15,3
0,314,71,15,3
0,314,72,15,3
0,314,73,15,3
0,314,74,15,3
0,314,75,15,3
0,314,76,15,3
0,314,77,15,3
0,315,67,15,3
0,315,68,15,3
0,315,69,15,3
0,315,70,15,3
0,315,71,15,3
0,315,72,15,3
0,315,73,15,3
0,315,74,15,3
0,315,75,15,3
0,315,76,15,3
0,315,77,15,3
0,316,67,15,3
0,316,68,15,3
0,316,69,15,3
0,316,70,15,3
0,316,71,15,3
0,316,72,15,3
0,316,73,15,3
0,316,74,15,3
0,316,75,15,3
0,316,76,15,3
0,316,77,15,3
0,317,67,15,3
0,317,68,15,3
0,317,69,15,3
0,317,70,15,3
0,317,71,15,3
0,317,72,15,3
0,317,73,15,3
0,317,74,15,3
0,317,75,15,3
0,317,76,15,3
0,317,77,15,3
0,302,83,15,3
0,302,84,15,3
0,302,85,15,3
0,302,86,15,3
0,303,83,15,3
0,303,84,15,3
0,303,85,15,3
0,303,86,15,3
0,304,83,15,3
0,304,84,15,3
0,304,85,15,3
0,304,86,15,3
0,305,83,15,3
0,305,84,15,3
0,305,85,15,3
0,305,86,15,3
0,306,83,15,3
0,306,84,15,3
0,306,85,15,3
0,306,86,15,3
0,307,83,15,3
0,307,84,15,3
0,307,85,15,3
0,307,86,15,3
0,308,83,15,3
0,308,84,15,3
0,308,85,15,3
0,308,86,15,3
0,309,83,15,3
0,309,84,15,3
0,309,85,15,3
0,309,86,15,3
0,310,83,15,3
0,310,84,15,3
0,310,85,15,3
0,310,86,15,3
0,311,83,15,3
0,311,84,15,3
0,311,85,15,3
0,311,86,15,3
0,312,83,15,3
0,312,84,15,3
0,312,85,15,3
0,312,86,15,3
0,313,83,15,3
0,313,84,15,3
0,313,85,15,3
0,313,86,15,3
0,314,83,15,3
0,314,84,15,3
0,314,85,15,3
0,314,86,15,3
0,315,83,15,3
0,315,84,15,3
0,315,85,15,3
0,315,86,15,3
0,316,83,15,3
0,316,84,15,3
0,316,85,15,3
0,316,86,15,3
0,302,87,15,3
0,302,88,15,3
0,302,89,15,3
0,303,87,15,3
0,303,88,15,3
0,303,89,15,3
0,304,87,15,3
0,304,88,15,3
0,304,89,15,3
0,305,87,15,3
0,305,88,15,3
0,305,89,15,3
0,306,87,15,3
0,306,88,15,3
0,306,89,15,3
0,307,87,15,3
0,307,88,15,3
0,307,89,15,3
0,308,87,15,3
0,308,88,15,3
0,308,89,15,3
0,309,87,15,3
0,309,88,15,3
0,309,89,15,3
0,310,87,15,3
0,310,88,15,3
0,310,89,15,3
0,311,87,15,3
0,311,88,15,3
0,311,89,15,3
0,312,87,15,3
0,312,88,15,3
0,312,89,15,3
0,313,87,15,3
0,313,88,15,3
0,313,89,15,3
0,314,87,15,3
0,314,88,15,3
0,314,89,15,3
0,315,87,15,3
0,315,88,15,3
0,315,89,15,3
0,316,87,15,3
0,316,88,15,3
0,316,89,15,3
0,302,77,15,3
0,303,77,15,3
0,304,77,15,3
0,305,77,15,3
0,306,77,15,3
0,307,77,15,3
0,308,77,15,3
0,309,77,15,3
0,310,77,15,3
0,302,78,15,3
0,303,78,15,3
0,304,78,15,3
0,305,78,15,3
0,306,78,15,3
0,307,78,15,3
0,308,78,15,3
0,309,78,15,3
0,310,78,15,3
0,311,78,15,3
0,312,78,15,3
0,313,78,15,3
0,314,78,15,3
0,315,78,15,3
0,316,78,15,3
0,317,78,15,3
0,318,67,15,3
0,318,68,15,3
0,318,69,15,3
0,318,70,15,3
0,318,71,15,3
0,318,72,15,3
0,318,73,15,3
0,318,74,15,3
0,318,75,15,3
0,318,76,15,3
0,318,77,15,3
0,318,78,15,3
0,319,67,15,3
0,319,68,15,3
0,319,69,15,3
0,319,70,15,3
0,319,71,15,3
0,319,72,15,3
0,319,73,15,3
0,319,74,15,3
0,319,75,15,3
0,319,76,15,3
0,319,77,15,3
0,319,78,15,3
0,320,67,15,3
0,320,68,15,3
0,320,69,15,3
0,320,70,15,3
0,320,71,15,3
0,320,72,15,3
0,320,73,15,3
0,320,74,15,3
0,320,75,15,3
0,320,76,15,3
0,320,77,15,3
0,320,78,15,3
0,321,67,15,3
0,321,68,15,3
0,321,69,15,3
0,321,70,15,3
0,321,71,15,3
0,321,72,15,3
0,321,73,15,3
0,321,74,15,3
0,321,75,15,3
0,321,76,15,3
0,321,77,15,3
0,321,78,15,3
0,322,67,15,3
0,322,68,15,3
0,322,69,15,3
0,322,70,15,3
0,322,71,15,3
0,322,72,15,3
0,322,73,15,3
0,322,74,15,3
0,322,75,15,3
0,322,76,15,3
0,322,77,15,3
0,322,78,15,3
0,323,67,15,3
0,323,68,15,3
0,323,69,15,3
0,323,70,15,3
0,323,71,15,3
0,323,72,15,3
0,323,73,15,3
0,323,74,15,3
0,323,75,15,3
0,323,76,15,3
0,323,77,15,3
0,323,78,15,3
0,324,67,15,3
0,324,68,15,3
0,324,69,15,3
0,324,70,15,3
0,324,71,15,3
0,324,72,15,3
0,324,73,15,3
0,324,74,15,3
0,324,75,15,3
0,324,76,15,3
0,324,77,15,3
0,324,78,15,3
0,325,67,15,3
0,325,68,15,3
0,325,69,15,3
0,325,70,15,3
0,325,71,15,3
0,325,72,15,3
0,325,73,15,3
0,325,74,15,3
0,325,75,15,3
0,325,76,15,3
0,325,77,15,3
0,325,78,15,3
0,326,67,15,3
0,326,68,15,3
0,326,69,15,3
0,326,70,15,3
0,326,71,15,3
0,326,72,15,3
0,326,73,15,3
0,326,74,15,3
0,326,75,15,3
0,326,76,15,3
0,326,77,15,3
0,326,78,15,3
0,327,67,15,3
0,327,68,15,3
0,327,69,15,3
0,327,70,15,3
0,327,71,15,3
0,327,72,15,3
0,327,73,15,3
0,327,74,15,3
0,327,75,15,3
0,327,76,15,3
0,327,77,15,3
0,327,78,15,3
0,328,67,15,3
0,328,68,15,3
0,328,69,15,3
0,328,70,15,3
0,328,71,15,3
0,328,72,15,3
0,328,73,15,3
0,328,74,15,3
0,328,75,15,3
0,328,76,15,3
0,328,77,15,3
0,328,78,15,3
0,329,67,15,3
0,329,68,15,3
0,329,69,15,3
0,329,70,15,3
0,329,71,15,3
0,329,72,15,3
0,329,73,15,3
0,329,74,15,3
0,329,75,15,3
0,329,76,15,3
0,329,77,15,3
0,329,78,15,3
0,330,67,15,3
0,330,68,15,3
0,330,69,15,3
0,330,70,15,3
0,330,71,15,3
0,330,72,15,3
0,330,73,15,3
0,330,74,15,3
0,330,75,15,3
0,330,76,15,3
0,330,77,15,3
0,330,78,15,3
0,331,67,15,3
0,331,68,15,3
0,331,69,15,3
0,331,70,15,3
0,331,71,15,3
0,331,72,15,3
0,331,73,15,3
0,331,74,15,3
0,331,75,15,3
0,331,76,15,3
0,331,77,15,3
0,331,78,15,3
0,332,67,15,3
0,332,68,15,3
0,332,69,15,3
0,332,70,15,3
0,332,71,15,3
0,332,72,15,3
0,332,73,15,3
0,332,74,15,3
0,332,75,15,3
0,332,76,15,3
0,332,77,15,3
0,332,78,15,3
0,333,67,15,3
0,333,68,15,3
0,333,69,15,3
0,333,70,15,3
0,333,71,15,3
0,333,72,15,3
0,333,73,15,3
0,333,74,15,3
0,333,75,15,3
0,333,76,15,3
0,333,77,15,3
0,333,78,15,3
0,334,67,15,3
0,334,68,15,3
0,334,69,15,3
0,334,70,15,3
0,334,71,15,3
0,334,72,15,3
0,334,73,15,3
0,334,74,15,3
0,334,75,15,3
0,334,76,15,3
0,334,77,15,3
0,334,78,15,3
0,335,67,15,3
0,335,68,15,3
0,335,69,15,3
0,335,70,15,3
0,335,71,15,3
0,335,72,15,3
0,335,73,15,3
0,335,74,15,3
0,335,75,15,3
0,335,76,15,3
0,335,77,15,3
0,335,78,15,3
0,336,67,15,3
0,336,68,15,3
0,336,69,15,3
0,336,70,15,3
0,336,71,15,3
0,336,72,15,3
0,336,73,15,3
0,336,74,15,3
0,336,75,15,3
0,336,76,15,3
0,336,77,15,3
0,336,78,15,3
0,337,67,15,3
0,337,68,15,3
0,337,69,15,3
0,337,70,15,3
0,337,71,15,3
0,337,72,15,3
0,337,73,15,3
0,337,74,15,3
0,337,75,15,3
0,337,76,15,3
0,337,77,15,3
0,337,78,15,3
0,338,67,15,3
0,338,68,15,3
0,338,69,15,3
0,338,70,15,3
0,338,71,15,3
0,338,72,15,3
0,338,73,15,3
0,338,74,15,3
0,338,75,15,3
0,338,76,15,3
0,338,77,15,3
0,338,78,15,3
0,339,67,15,3
0,339,68,15,3
0,339,69,15,3
0,339,70,15,3
0,339,71,15,3
0,339,72,15,3
0,339,73,15,3
0,339,74,15,3
0,339,75,15,3
0,339,76,15,3
0,339,77,15,3
0,339,78,15,3
0,340,67,15,3
0,340,68,15,3
0,340,69,15,3
0,340,70,15,3
0,340,71,15,3
0,340,72,15,3
0,340,73,15,3
0,340,74,15,3
0,340,75,15,3
0,340,76,15,3
0,340,77,15,3
0,340,78,15,3
0,341,67,15,3
0,341,68,15,3
0,341,69,15,3
0,341,70,15,3
0,341,71,15,3
0,341,72,15,3
0,341,73,15,3
0,341,74,15,3
0,341,75,15,3
0,341,76,15,3
0,341,77,15,3
0,341,78,15,3
0,342,67,15,3
0,342,68,15,3
0,342,69,15,3
0,342,70,15,3
0,342,71,15,3
0,342,72,15,3
0,342,73,15,3
0,342,74,15,3
0,342,75,15,3
0,342,76,15,3
0,342,77,15,3
0,342,78,15,3
0,343,67,15,3
0,343,68,15,3
0,343,69,15,3
0,343,70,15,3
0,343,71,15,3
0,343,72,15,3
0,343,73,15,3
0,343,74,15,3
0,343,75,15,3
0,343,76,15,3
0,343,77,15,3
0,343,78,15,3
0,344,67,15,3
0,344,68,15,3
0,344,69,15,3
0,344,70,15,3
0,344,71,15,3
0,344,72,15,3
0,344,73,15,3
0,344,74,15,3
0,344,75,15,3
0,344,76,15,3
0,344,77,15,3
0,344,78,15,3
0,345,67,15,3
0,345,68,15,3
0,345,69,15,3
0,345,70,15,3
0,345,71,15,3
0,345,72,15,3
0,345,73,15,3
0,345,74,15,3
0,345,75,15,3
0,345,76,15,3
0,345,77,15,3
0,345,78,15,3
0,346,67,15,3
0,346,68,15,3
0,346,69,15,3
0,346,70,15,3
0,346,71,15,3
0,346,72,15,3
0,346,73,15,3
0,346,74,15,3
0,346,75,15,3
0,346,76,15,3
0,346,77,15,3
0,346,78,15,3
0,347,67,15,3
0,347,68,15,3
0,347,69,15,3
0,347,70,15,3
0,347,71,15,3
0,347,72,15,3
0,347,73,15,3
0,347,74,15,3
0,347,75,15,3
0,347,76,15,3
0,347,77,15,3
0,347,78,15,3
0,348,67,15,3
0,348,68,15,3
0,348,69,15,3
0,348,70,15,3
0,348,71,15,3
0,348,72,15,3
0,348,73,15,3
0,348,74,15,3
0,348,75,15,3
0,348,76,15,3
0,348,77,15,3
0,348,78,15,3
0,349,67,15,3
0,349,68,15,3
0,349,69,15,3
0,349,70,15,3
0,349,71,15,3
0,349,72,15,3
0,349,73,15,3
0,349,74,15,3
0,349,75,15,3
0,349,76,15,3
0,349,77,15,3
0,349,78,15,3
0,350,67,15,3
0,350,68,15,3
0,350,69,15,3
0,350,70,15,3
0,350,71,15,3
0,350,72,15,3
0,350,73,15,3
0,350,74,15,3
0,350,75,15,3
0,350,76,15,3
0,350,77,15,3
0,350,78,15,3
0,351,67,15,3
0,351,68,15,3
0,351,69,15,3
0,351,70,15,3
0,351,71,15,3
0,351,72,15,3
0,351,73,15,3
0,351,74,15,3
0,351,75,15,3
0,351,76,15,3
0,351,77,15,3
0,351,78,15,3
0,352,67,15,3
0,352,68,15,3
0,352,69,15,3
0,352,70,15,3
0,352,71,15,3
0,352,72,15,3
0,352,73,15,3
0,352,74,15,3
0,352,75,15,3
0,352,76,15,3
0,352,77,15,3
0,352,78,15,3
0,353,67,15,3
0,353,68,15,3
0,353,69,15,3
0,353,70,15,3
0,353,71,15,3
0,353,72,15,3
0,353,73,15,3
0,353,74,15,3
0,353,75,15,3
0,353,76,15,3
0,353,77,15,3
0,353,78,15,3
0,354,67,15,3
0,354,68,15,3
0,354,69,15,3
0,354,70,15,3
0,354,71,15,3
0,354,72,15,3
0,354,73,15,3
0,354,74,15,3
0,354,75,15,3
0,354,76,15,3
0,354,77,15,3
0,354,78,15,3
0,355,67,15,3
0,355,68,15,3
0,355,69,15,3
0,355,70,15,3
0,355,71,15,3
0,355,72,15,3
0,355,73,15,3
0,355,74,15,3
0,355,75,15,3
0,355,76,15,3
0,355,77,15,3
0,355,78,15,3
0,317,83,15,3
0,317,84,15,3
0,317,85,15,3
0,317,86,15,3
0,317,87,15,3
0,317,88,15,3
0,317,89,15,3
0,317,90,15,3
0,318,83,15,3
0,318,84,15,3
0,318,85,15,3
0,318,86,15,3
0,318,87,15,3
0,318,88,15,3
0,318,89,15,3
0,318,90,15,3
0,319,83,15,3
0,319,84,15,3
0,319,85,15,3
0,319,86,15,3
0,319,87,15,3
0,319,88,15,3
0,319,89,15,3
0,319,90,15,3
0,320,83,15,3
0,320,84,15,3
0,320,85,15,3
0,320,86,15,3
0,320,87,15,3
0,320,88,15,3
0,320,89,15,3
0,320,90,15,3
0,321,83,15,3
0,321,84,15,3
0,321,85,15,3
0,321,86,15,3
0,321,87,15,3
0,321,88,15,3
0,321,89,15,3
0,321,90,15,3
0,322,83,15,3
0,322,84,15,3
0,322,85,15,3
0,322,86,15,3
0,322,87,15,3
0,322,88,15,3
0,322,89,15,3
0,322,90,15,3
0,323,83,15,3
0,323,84,15,3
0,323,85,15,3
0,323,86,15,3
0,323,87,15,3
0,323,88,15,3
0,323,89,15,3
0,323,90,15,3
0,324,83,15,3
0,324,84,15,3
0,324,85,15,3
0,324,86,15,3
0,324,87,15,3
0,324,88,15,3
0,324,89,15,3
0,324,90,15,3
0,325,83,15,3
0,325,84,15,3
0,325,85,15,3
0,325,86,15,3
0,325,87,15,3
0,325,88,15,3
0,325,89,15,3
0,325,90,15,3
0,326,83,15,3
0,326,84,15,3
0,326,85,15,3
0,326,86,15,3
0,326,87,15,3
0,326,88,15,3
0,326,89,15,3
0,326,90,15,3
0,327,83,15,3
0,327,84,15,3
0,327,85,15,3
0,327,86,15,3
0,327,87,15,3
0,327,88,15,3
0,327,89,15,3
0,327,90,15,3
0,328,83,15,3
0,328,84,15,3
0,328,85,15,3
0,328,86,15,3
0,328,87,15,3
0,328,88,15,3
0,328,89,15,3
0,328,90,15,3
0,329,83,15,3
0,329,84,15,3
0,329,85,15,3
0,329,86,15,3
0,329,87,15,3
0,329,88,15,3
0,329,89,15,3
0,329,90,15,3
0,330,83,15,3
0,330,84,15,3
0,330,85,15,3
0,330,86,15,3
0,330,87,15,3
0,330,88,15,3
0,330,89,15,3
0,330,90,15,3
0,331,83,15,3
0,331,84,15,3
0,331,85,15,3
0,331,86,15,3
0,331,87,15,3
0,331,88,15,3
0,331,89,15,3
0,331,90,15,3
0,332,83,15,3
0,332,84,15,3
0,332,85,15,3
0,332,86,15,3
0,332,87,15,3
0,332,88,15,3
0,332,89,15,3
0,332,90,15,3
0,333,83,15,3
0,333,84,15,3
0,333,85,15,3
0,333,86,15,3
0,333,87,15,3
0,333,88,15,3
0,333,89,15,3
0,333,90,15,3
0,334,83,15,3
0,334,84,15,3
0,334,85,15,3
0,334,86,15,3
0,334,87,15,3
0,334,88,15,3
0,334,89,15,3
0,334,90,15,3
0,335,83,15,3
0,335,84,15,3
0,335,85,15,3
0,335,86,15,3
0,335,87,15,3
0,335,88,15,3
0,335,89,15,3
0,335,90,15,3
0,336,83,15,3
0,336,84,15,3
0,336,85,15,3
0,336,86,15,3
0,336,87,15,3
0,336,88,15,3
0,336,89,15,3
0,336,90,15,3
0,337,83,15,3
0,337,84,15,3
0,337,85,15,3
0,337,86,15,3
0,337,87,15,3
0,337,88,15,3
0,337,89,15,3
0,337,90,15,3
0,338,83,15,3
0,338,84,15,3
0,338,85,15,3
0,338,86,15,3
0,338,87,15,3
0,338,88,15,3
0,338,89,15,3
0,338,90,15,3
0,339,83,15,3
0,339,84,15,3
0,339,85,15,3
0,339,86,15,3
0,339,87,15,3
0,339,88,15,3
0,339,89,15,3
0,339,90,15,3
0,340,83,15,3
0,340,84,15,3
0,340,85,15,3
0,340,86,15,3
0,340,87,15,3
0,340,88,15,3
0,340,89,15,3
0,340,90,15,3
0,341,83,15,3
0,341,84,15,3
0,341,85,15,3
0,341,86,15,3
0,341,87,15,3
0,341,88,15,3
0,341,89,15,3
0,341,90,15,3
0,342,83,15,3
0,342,84,15,3
0,342,85,15,3
0,342,86,15,3
0,342,87,15,3
0,342,88,15,3
0,342,89,15,3
0,342,90,15,3
0,343,83,15,3
0,343,84,15,3
0,343,85,15,3
0,343,86,15,3
0,343,87,15,3
0,343,88,15,3
0,343,89,15,3
0,343,90,15,3
0,344,83,15,3
0,344,84,15,3
0,344,85,15,3
0,344,86,15,3
0,344,87,15,3
0,344,88,15,3
0,344,89,15,3
0,344,90,15,3
0,345,83,15,3
0,345,84,15,3
0,345,85,15,3
0,345,86,15,3
0,345,87,15,3
0,345,88,15,3
0,345,89,15,3
0,345,90,15,3
0,346,83,15,3
0,346,84,15,3
0,346,85,15,3
0,346,86,15,3
0,346,87,15,3
0,346,88,15,3
0,346,89,15,3
0,346,90,15,3
0,347,83,15,3
0,347,84,15,3
0,347,85,15,3
0,347,86,15,3
0,347,87,15,3
0,347,88,15,3
0,347,89,15,3
0,347,90,15,3
0,348,83,15,3
0,348,84,15,3
0,348,85,15,3
0,348,86,15,3
0,348,87,15,3
0,348,88,15,3
0,348,89,15,3
0,348,90,15,3
0,349,83,15,3
0,349,84,15,3
0,349,85,15,3
0,349,86,15,3
0,349,87,15,3
0,349,88,15,3
0,349,89,15,3
0,349,90,15,3
0,350,83,15,3
0,350,84,15,3
0,350,85,15,3
0,350,86,15,3
0,350,87,15,3
0,350,88,15,3
0,350,89,15,3
0,350,90,15,3
0,351,83,15,3
0,351,84,15,3
0,351,85,15,3
0,351,86,15,3
0,351,87,15,3
0,351,88,15,3
0,351,89,15,3
0,351,90,15,3
0,302,82,15,3
0,303,82,15,3
0,304,82,15,3
0,305,82,15,3
0,306,82,15,3
0,307,82,15,3
0,308,82,15,3
0,309,82,15,3
0,310,82,15,3
0,311,82,15,3
0,312,82,15,3
0,313,82,15,3
0,314,82,15,3
0,315,82,15,3
0,316,82,15,3
0,317,82,15,3
0,318,82,15,3
0,319,82,15,3
0,320,82,15,3
0,321,82,15,3
0,322,82,15,3
0,323,82,15,3
0,324,82,15,3
0,325,82,15,3
0,326,82,15,3
0,327,82,15,3
0,328,82,15,3
0,329,82,15,3
0,330,82,15,3
0,331,82,15,3
0,332,82,15,3
0,333,82,15,3
0,334,82,15,3
0,335,82,15,3
0,336,82,15,3
0,337,82,15,3
0,338,82,15,3
0,339,82,15,3
0,341,82,15,3
0,342,82,15,3
0,343,82,15,3
0,344,82,15,3
0,345,82,15,3
0,346,82,15,3
0,347,82,15,3
0,348,82,15,3
0,349,82,15,3
0,350,82,15,3
0,351,82,15,3
0,352,82,15,3
0,340,82,15,3
0,352,83,15,3
0,352,84,15,3
0,352,85,15,3
0,352,86,15,3
0,352,87,15,3
0,352,88,15,3
0,352,89,15,3
0,352,90,15,3
0,302,81,17,3
0,303,81,17,3
0,304,81,17,3
0,305,81,17,3
0,306,81,17,3
0,307,81,17,3
0,308,81,17,3
0,309,81,17,3
0,310,81,17,3
0,311,81,17,3
0,312,81,17,3
0,313,81,17,3
0,314,81,17,3
0,315,81,17,3
0,316,81,17,3
0,317,81,17,3
0,318,81,17,3
0,319,81,17,3
0,320,81,17,3
0,321,81,17,3
0,322,81,17,3
0,323,81,17,3
0,324,81,17,3
0,325,81,17,3
0,326,81,17,3
0,327,81,17,3
0,328,81,17,3
0,329,81,17,3
0,330,81,17,3
0,331,81,17,3
0,332,81,17,3
0,333,81,17,3
0,334,81,17,3
0,335,81,17,3
0,336,81,17,3
0,337,81,17,3
0,338,81,17,3
0,339,81,17,3
0,340,81,17,3
0,341,81,17,3
0,342,81,17,3
0,343,81,17,3
0,344,81,17,3
0,345,81,17,3
0,346,81,17,3
0,347,81,17,3
0,348,81,17,3
0,349,81,17,3
0,350,81,17,3
0,351,81,17,3
0,352,81,17,3
0,297,68,20,4
0,297,69,20,4
0,297,70,20,4
0,297,71,20,4
0,297,72,20,4
0,297,73,20,4
0,297,74,20,4
0,297,75,20,4
0,297,76,20,4
0,297,77,20,4
0,297,78,20,4
0,297,79,20,4
0,297,80,20,4
0,297,81,20,4
0,297,82,20,4
0,297,83,20,4
0,297,84,20,4
0,297,85,20,4
0,298,68,20,4
0,298,69,20,4
0,298,70,20,4
0,298,71,20,4
0,298,72,20,4
0,298,73,20,4
0,298,74,20,4
0,298,75,20,4
0,298,76,20,4
0,298,77,20,4
0,298,78,20,4
0,298,79,20,4
0,298,80,20,4
0,298,81,20,4
0,298,82,20,4
0,298,83,20,4
0,298,84,20,4
0,298,85,20,4
0,299,68,20,4
0,299,69,20,4
0,299,70,20,4
0,299,71,20,4
0,299,72,20,4
0,299,73,20,4
0,299,74,20,4
0,299,75,20,4
0,299,76,20,4
0,299,77,20,4
0,299,78,20,4
0,299,79,20,4
0,299,80,20,4
0,299,81,20,4
0,299,82,20,4
0,299,83,20,4
0,299,84,20,4
0,299,85,20,4
0,300,68,20,4
0,300,69,20,4
0,300,70,20,4
0,300,71,20,4
0,300,72,20,4
0,300,73,20,4
0,300,74,20,4
0,300,75,20,4
0,300,76,20,4
0,300,77,20,4
0,300,78,20,4
0,300,79,20,4
0,300,80,20,4
0,300,81,20,4
0,300,82,20,4
0,300,83,20,4
0,300,84,20,4
0,300,85,20,4
0,301,68,20,4
0,301,69,20,4
0,301,70,20,4
0,301,71,20,4
0,301,72,20,4
0,301,73,20,4
0,301,74,20,4
0,301,75,20,4
0,301,76,20,4
0,301,77,20,4
0,301,78,20,4
0,301,79,20,4
0,301,80,20,4
0,301,81,20,4
0,301,82,20,4
0,301,83,20,4
0,301,84,20,4
0,301,85,20,4
0,302,68,20,4
0,302,69,20,4
0,302,70,20,4
0,302,71,20,4
0,302,72,20,4
0,302,73,20,4
0,302,74,20,4
0,302,75,20,4
0,302,76,20,4
0,302,77,20,4
0,302,78,20,4
0,302,79,20,4
0,302,80,20,4
0,302,81,20,4
0,302,82,20,4
0,302,83,20,4
0,302,84,20,4
0,302,85,20,4
0,303,68,20,4
0,303,69,20,4
0,303,70,20,4
0,303,71,20,4
0,303,72,20,4
0,303,73,20,4
0,303,74,20,4
0,303,75,20,4
0,303,76,20,4
0,303,77,20,4
0,303,78,20,4
0,303,79,20,4
0,303,80,20,4
0,303,81,20,4
0,303,82,20,4
0,303,83,20,4
0,303,84,20,4
0,303,85,20,4
0,304,68,20,4
0,304,69,20,4
0,304,70,20,4
0,304,71,20,4
0,304,72,20,4
0,304,73,20,4
0,304,74,20,4
0,304,75,20,4
0,304,76,20,4
0,304,77,20,4
0,304,78,20,4
0,304,79,20,4
0,304,80,20,4
0,304,81,20,4
0,304,82,20,4
0,304,83,20,4
0,304,84,20,4
0,304,85,20,4
0,305,68,20,4
0,305,69,20,4
0,305,70,20,4
0,305,71,20,4
0,305,72,20,4
0,305,73,20,4
0,305,74,20,4
0,305,75,20,4
0,305,76,20,4
0,305,77,20,4
0,305,78,20,4
0,305,79,20,4
0,305,80,20,4
0,305,81,20,4
0,305,82,20,4
0,305,83,20,4
0,305,84,20,4
0,305,85,20,4
0,306,68,20,4
0,306,69,20,4
0,306,70,20,4
0,306,71,20,4
0,306,72,20,4
0,306,73,20,4
0,306,74,20,4
0,306,75,20,4
0,306,76,20,4
0,306,77,20,4
0,306,78,20,4
0,306,79,20,4
0,306,80,20,4
0,306,81,20,4
0,306,82,20,4
0,306,83,20,4
0,306,84,20,4
0,306,85,20,4
0,307,68,20,4
0,307,69,20,4
0,307,70,20,4
0,307,71,20,4
0,307,72,20,4
0,307,73,20,4
0,307,74,20,4
0,307,75,20,4
0,307,76,20,4
0,307,77,20,4
0,307,78,20,4
0,307,79,20,4
0,307,80,20,4
0,307,81,20,4
0,307,82,20,4
0,307,83,20,4
0,307,84,20,4
0,307,85,20,4
0,308,68,20,4
0,308,69,20,4
0,308,70,20,4
0,308,71,20,4
0,308,72,20,4
0,308,73,20,4
0,308,74,20,4
0,308,75,20,4
0,308,76,20,4
0,308,77,20,4
0,308,78,20,4
0,308,79,20,4
0,308,80,20,4
0,308,81,20,4
0,308,82,20,4
0,308,83,20,4
0,308,84,20,4
0,308,85,20,4
0,309,68,20,4
0,309,69,20,4
0,309,70,20,4
0,309,71,20,4
0,309,72,20,4
0,309,73,20,4
0,309,74,20,4
0,309,75,20,4
0,309,76,20,4
0,309,77,20,4
0,309,78,20,4
0,309,79,20,4
0,309,80,20,4
0,309,81,20,4
0,309,82,20,4
0,309,83,20,4
0,309,84,20,4
0,309,85,20,4
0,310,68,20,4
0,310,69,20,4
0,310,70,20,4
0,310,71,20,4
0,310,72,20,4
0,310,73,20,4
0,310,74,20,4
0,310,75,20,4
0,310,76,20,4
0,310,77,20,4
0,310,78,20,4
0,310,79,20,4
0,310,80,20,4
0,310,81,20,4
0,310,82,20,4
0,310,83,20,4
0,310,84,20,4
0,310,85,20,4
0,311,68,20,4
0,311,69,20,4
0,311,70,20,4
0,311,71,20,4
0,311,72,20,4
0,311,73,20,4
0,311,74,20,4
0,311,75,20,4
0,311,76,20,4
0,311,77,20,4
0,311,78,20,4
0,311,79,20,4
0,311,80,20,4
0,311,81,20,4
0,311,82,20,4
0,311,83,20,4
0,311,84,20,4
0,311,85,20,4
0,312,68,20,4
0,312,69,20,4
0,312,70,20,4
0,312,71,20,4
0,312,72,20,4
0,312,73,20,4
0,312,74,20,4
0,312,75,20,4
0,312,76,20,4
0,312,77,20,4
0,312,78,20,4
0,312,79,20,4
0,312,80,20,4
0,312,81,20,4
0,312,82,20,4
0,312,83,20,4
0,312,84,20,4
0,312,85,20,4
0,313,68,20,4
0,313,69,20,4
0,313,70,20,4
0,313,71,20,4
0,313,72,20,4
0,313,73,20,4
0,313,74,20,4
0,313,75,20,4
0,313,76,20,4
0,313,77,20,4
0,313,78,20,4
0,313,79,20,4
0,313,80,20,4
0,313,81,20,4
0,313,82,20,4
0,313,83,20,4
0,313,84,20,4
0,313,85,20,4
0,314,68,20,4
0,314,69,20,4
0,314,70,20,4
0,314,71,20,4
0,314,72,20,4
0,314,73,20,4
0,314,74,20,4
0,314,75,20,4
0,314,76,20,4
0,314,77,20,4
0,314,78,20,4
0,314,79,20,4
0,314,80,20,4
0,314,81,20,4
0,314,82,20,4
0,314,83,20,4
0,314,84,20,4
0,314,85,20,4
0,315,68,20,4
0,315,69,20,4
0,315,70,20,4
0,315,71,20,4
0,315,72,20,4
0,315,73,20,4
0,315,74,20,4
0,315,75,20,4
0,315,76,20,4
0,315,77,20,4
0,315,78,20,4
0,315,79,20,4
0,315,80,20,4
0,315,81,20,4
0,315,82,20,4
0,315,83,20,4
0,315,84,20,4
0,315,85,20,4
0,316,68,20,4
0,316,69,20,4
0,316,70,20,4
0,316,71,20,4
0,316,72,20,4
0,316,73,20,4
0,316,74,20,4
0,316,75,20,4
0,316,76,20,4
0,316,77,20,4
0,316,78,20,4
0,316,79,20,4
0,316,80,20,4
0,316,81,20,4
0,316,82,20,4
0,316,83,20,4
0,316,84,20,4
0,316,85,20,4
0,317,68,20,4
0,317,69,20,4
0,317,70,20,4
0,317,71,20,4
0,317,72,20,4
0,317,73,20,4
0,317,74,20,4
0,317,75,20,4
0,317,76,20,4
0,317,77,20,4
0,317,78,20,4
0,317,79,20,4
0,317,80,20,4
0,317,81,20,4
0,317,82,20,4
0,317,83,20,4
0,317,84,20,4
0,317,85,20,4
0,297,86,20,4
0,297,87,20,4
0,297,88,20,4
0,297,89,20,4
0,297,90,20,4
0,297,91,20,4
0,297,92,20,4
0,298,86,20,4
0,298,87,20,4
0,298,88,20,4
0,298,89,20,4
0,298,90,20,4
0,298,91,20,4
0,298,92,20,4
0,299,86,20,4
0,299,87,20,4
0,299,88,20,4
0,299,89,20,4
0,299,90,20,4
0,299,91,20,4
0,299,92,20,4
0,300,86,20,4
0,300,87,20,4
0,300,88,20,4
0,300,89,20,4
0,300,90,20,4
0,300,91,20,4
0,300,92,20,4
0,301,86,20,4
0,301,87,20,4
0,301,88,20,4
0,301,89,20,4
0,301,90,20,4
0,301,91,20,4
0,301,92,20,4
0,302,86,20,4
0,302,87,20,4
0,302,88,20,4
0,302,89,20,4
0,302,90,20,4
0,302,91,20,4
0,302,92,20,4
0,303,86,20,4
0,303,87,20,4
0,303,88,20,4
0,303,89,20,4
0,303,90,20,4
0,303,91,20,4
0,303,92,20,4
0,304,86,20,4
0,304,87,20,4
0,304,88,20,4
0,304,89,20,4
0,304,90,20,4
0,304,91,20,4
0,304,92,20,4
0,305,86,20,4
0,305,87,20,4
0,305,88,20,4
0,305,89,20,4
0,305,90,20,4
0,305,91,20,4
0,305,92,20,4
0,306,86,20,4
0,306,87,20,4
0,306,88,20,4
0,306,89,20,4
0,306,90,20,4
0,306,91,20,4
0,306,92,20,4
0,307,86,20,4
0,307,87,20,4
0,307,88,20,4
0,307,89,20,4
0,307,90,20,4
0,307,91,20,4
0,307,92,20,4
0,308,86,20,4
0,308,87,20,4
0,308,88,20,4
0,308,89,20,4
0,308,90,20,4
0,308,91,20,4
0,308,92,20,4
0,309,86,20,4
0,309,87,20,4
0,309,88,20,4
0,309,89,20,4
0,309,90,20,4
0,309,91,20,4
0,309,92,20,4
0,310,86,20,4
0,310,87,20,4
0,310,88,20,4
0,310,89,20,4
0,310,90,20,4
0,310,91,20,4
0,310,92,20,4
0,311,86,20,4
0,311,87,20,4
0,311,88,20,4
0,311,89,20,4
0,311,90,20,4
0,311,91,20,4
0,311,92,20,4
0,312,86,20,4
0,312,87,20,4
0,312,88,20,4
0,312,89,20,4
0,312,90,20,4
0,312,91,20,4
0,312,92,20,4
0,313,86,20,4
0,313,87,20,4
0,313,88,20,4
0,313,89,20,4
0,313,90,20,4
0,313,91,20,4
0,313,92,20,4
0,314,86,20,4
0,314,87,20,4
0,314,88,20,4
0,314,89,20,4
0,314,90,20,4
0,314,91,20,4
0,314,92,20,4
0,315,86,20,4
0,315,87,20,4
0,315,88,20,4
0,315,89,20,4
0,315,90,20,4
0,315,91,20,4
0,315,92,20,4
0,316,86,20,4
0,316,87,20,4
0,316,88,20,4
0,316,89,20,4
0,316,90,20,4
0,316,91,20,4
0,316,92,20,4
0,317,86,20,4
0,317,87,20,4
0,317,88,20,4
0,317,89,20,4
0,317,90,20,4
0,317,91,20,4
0,317,92,20,4
0,318,86,20,4
0,318,87,20,4
0,318,88,20,4
0,318,89,20,4
0,318,90,20,4
0,318,91,20,4
0,318,92,20,4
0,319,86,20,4
0,319,87,20,4
0,319,88,20,4
0,319,89,20,4
0,319,90,20,4
0,319,91,20,4
0,319,92,20,4
0,320,86,20,4
0,320,87,20,4
0,320,88,20,4
0,320,89,20,4
0,320,90,20,4
0,320,91,20,4
0,320,92,20,4
0,318,68,20,4
0,318,69,20,4
0,318,70,20,4
0,318,71,20,4
0,318,72,20,4
0,318,73,20,4
0,318,74,20,4
0,318,75,20,4
0,318,76,20,4
0,318,77,20,4
0,318,78,20,4
0,318,79,20,4
0,318,80,20,4
0,318,81,20,4
0,318,82,20,4
0,318,83,20,4
0,318,84,20,4
0,318,85,20,4
0,319,68,20,4
0,319,69,20,4
0,319,70,20,4
0,319,71,20,4
0,319,72,20,4
0,319,73,20,4
0,319,74,20,4
0,319,75,20,4
0,319,76,20,4
0,319,77,20,4
0,319,78,20,4
0,319,79,20,4
0,319,80,20,4
0,319,81,20,4
0,319,82,20,4
0,319,83,20,4
0,319,84,20,4
0,319,85,20,4
0,320,68,20,4
0,320,69,20,4
0,320,70,20,4
0,320,71,20,4
0,320,72,20,4
0,320,73,20,4
0,320,74,20,4
0,320,75,20,4
0,320,76,20,4
0,320,77,20,4
0,320,78,20,4
0,320,79,20,4
0,320,80,20,4
0,320,81,20,4
0,320,82,20,4
0,320,83,20,4
0,320,84,20,4
0,320,85,20,4
0,297,65,20,4
0,297,66,20,4
0,297,67,20,4
0,298,65,20,4
0,298,66,20,4
0,298,67,20,4
0,299,65,20,4
0,299,66,20,4
0,299,67,20,4
0,300,65,20,4
0,300,66,20,4
0,300,67,20,4
0,301,65,20,4
0,301,66,20,4
0,301,67,20,4
0,302,65,20,4
0,302,66,20,4
0,302,67,20,4
0,303,65,20,4
0,303,66,20,4
0,303,67,20,4
0,304,65,20,4
0,304,66,20,4
0,304,67,20,4
0,305,65,20,4
0,305,66,20,4
0,305,67,20,4
0,306,65,20,4
0,306,66,20,4
0,306,67,20,4
0,307,65,20,4
0,307,66,20,4
0,307,67,20,4
0,308,65,20,4
0,308,66,20,4
0,308,67,20,4
0,309,65,20,4
0,309,66,20,4
0,309,67,20,4
0,310,65,20,4
0,310,66,20,4
0,310,67,20,4
0,311,65,20,4
0,311,66,20,4
0,311,67,20,4
0,312,65,20,4
0,312,66,20,4
0,312,67,20,4
0,313,65,20,4
0,313,66,20,4
0,313,67,20,4
0,314,65,20,4
0,314,66,20,4
0,314,67,20,4
0,315,65,20,4
0,315,66,20,4
0,315,67,20,4
0,316,65,20,4
0,316,66,20,4
0,316,67,20,4
0,317,65,20,4
0,317,66,20,4
0,317,67,20,4
0,318,65,20,4
0,318,66,20,4
0,318,67,20,4
0,319,65,20,4
0,319,66,20,4
0,319,67,20,4
0,320,65,20,4
0,320,66,20,4
0,320,67,20,4
0,300,63,20,4
0,321,65,20,4
0,321,66,20,4
0,321,67,20,4
0,321,68,20,4
0,321,69,20,4
0,321,70,20,4
0,321,71,20,4
0,321,72,20,4
0,321,73,20,4
0,321,74,20,4
0,321,75,20,4
0,321,76,20,4
0,321,77,20,4
0,321,78,20,4
0,321,79,20,4
0,321,80,20,4
0,321,81,20,4
0,321,82,20,4
0,321,83,20,4
0,321,84,20,4
0,321,85,20,4
0,321,86,20,4
0,321,87,20,4
0,321,88,20,4
0,321,89,20,4
0,321,90,20,4
0,321,91,20,4
0,321,92,20,4
0,322,65,20,4
0,322,66,20,4
0,322,67,20,4
0,322,68,20,4
0,322,69,20,4
0,322,70,20,4
0,322,71,20,4
0,322,72,20,4
0,322,73,20,4
0,322,74,20,4
0,322,75,20,4
0,322,76,20,4
0,322,77,20,4
0,322,78,20,4
0,322,79,20,4
0,322,80,20,4
0,322,81,20,4
0,322,82,20,4
0,322,83,20,4
0,322,84,20,4
0,322,85,20,4
0,322,86,20,4
0,322,87,20,4
0,322,88,20,4
0,322,89,20,4
0,322,90,20,4
0,322,91,20,4
0,322,92,20,4
0,323,65,20,4
0,323,66,20,4
0,323,67,20,4
0,323,68,20,4
0,323,69,20,4
0,323,70,20,4
0,323,71,20,4
0,323,72,20,4
0,323,73,20,4
0,323,74,20,4
0,323,75,20,4
0,323,76,20,4
0,323,77,20,4
0,323,78,20,4
0,323,79,20,4
0,323,80,20,4
0,323,81,20,4
0,323,82,20,4
0,323,83,20,4
0,323,84,20,4
0,323,85,20,4
0,323,86,20,4
0,323,87,20,4
0,323,88,20,4
0,323,89,20,4
0,323,90,20,4
0,323,91,20,4
0,323,92,20,4
0,324,65,20,4
0,324,66,20,4
0,324,67,20,4
0,324,68,20,4
0,324,69,20,4
0,324,70,20,4
0,324,71,20,4
0,324,72,20,4
0,324,73,20,4
0,324,74,20,4
0,324,75,20,4
0,324,76,20,4
0,324,77,20,4
0,324,78,20,4
0,324,79,20,4
0,324,80,20,4
0,324,81,20,4
0,324,82,20,4
0,324,83,20,4
0,324,84,20,4
0,324,85,20,4
0,324,86,20,4
0,324,87,20,4
0,324,88,20,4
0,324,89,20,4
0,324,90,20,4
0,324,91,20,4
0,324,92,20,4
0,325,65,20,4
0,325,66,20,4
0,325,67,20,4
0,325,68,20,4
0,325,69,20,4
0,325,70,20,4
0,325,71,20,4
0,325,72,20,4
0,325,73,20,4
0,325,74,20,4
0,325,75,20,4
0,325,76,20,4
0,325,77,20,4
0,325,78,20,4
0,325,79,20,4
0,325,80,20,4
0,325,81,20,4
0,325,82,20,4
0,325,83,20,4
0,325,84,20,4
0,325,85,20,4
0,325,86,20,4
0,325,87,20,4
0,325,88,20,4
0,325,89,20,4
0,325,90,20,4
0,325,91,20,4
0,325,92,20,4
0,326,65,20,4
0,326,66,20,4
0,326,67,20,4
0,326,68,20,4
0,326,69,20,4
0,326,70,20,4
0,326,71,20,4
0,326,72,20,4
0,326,73,20,4
0,326,74,20,4
0,326,75,20,4
0,326,76,20,4
0,326,77,20,4
0,326,78,20,4
0,326,79,20,4
0,326,80,20,4
0,326,81,20,4
0,326,82,20,4
0,326,83,20,4
0,326,84,20,4
0,326,85,20,4
0,326,86,20,4
0,326,87,20,4
0,326,88,20,4
0,326,89,20,4
0,326,90,20,4
0,326,91,20,4
0,326,92,20,4
0,327,65,20,4
0,327,66,20,4
0,327,67,20,4
0,327,68,20,4
0,327,69,20,4
0,327,70,20,4
0,327,71,20,4
0,327,72,20,4
0,327,73,20,4
0,327,74,20,4
0,327,75,20,4
0,327,76,20,4
0,327,77,20,4
0,327,78,20,4
0,327,79,20,4
0,327,80,20,4
0,327,81,20,4
0,327,82,20,4
0,327,83,20,4
0,327,84,20,4
0,327,85,20,4
0,327,86,20,4
0,327,87,20,4
0,327,88,20,4
0,327,89,20,4
0,327,90,20,4
0,327,91,20,4
0,327,92,20,4
0,328,65,20,4
0,328,66,20,4
0,328,67,20,4
0,328,68,20,4
0,328,69,20,4
0,328,70,20,4
0,328,71,20,4
0,328,72,20,4
0,328,73,20,4
0,328,74,20,4
0,328,75,20,4
0,328,76,20,4
0,328,77,20,4
0,328,78,20,4
0,328,79,20,4
0,328,80,20,4
0,328,81,20,4
0,328,82,20,4
0,328,83,20,4
0,328,84,20,4
0,328,85,20,4
0,328,86,20,4
0,328,87,20,4
0,328,88,20,4
0,328,89,20,4
0,328,90,20,4
0,328,91,20,4
0,328,92,20,4
0,329,65,20,4
0,329,66,20,4
0,329,67,20,4
0,329,68,20,4
0,329,69,20,4
0,329,70,20,4
0,329,71,20,4
0,329,72,20,4
0,329,73,20,4
0,329,74,20,4
0,329,75,20,4
0,329,76,20,4
0,329,77,20,4
0,329,78,20,4
0,329,79,20,4
0,329,80,20,4
0,329,81,20,4
0,329,82,20,4
0,329,83,20,4
0,329,84,20,4
0,329,85,20,4
0,329,86,20,4
0,329,87,20,4
0,329,88,20,4
0,329,89,20,4
0,329,90,20,4
0,329,91,20,4
0,329,92,20,4
0,330,65,20,4
0,330,66,20,4
0,330,67,20,4
0,330,68,20,4
0,330,69,20,4
0,330,70,20,4
0,330,71,20,4
0,330,72,20,4
0,330,73,20,4
0,330,74,20,4
0,330,75,20,4
0,330,76,20,4
0,330,77,20,4
0,330,78,20,4
0,330,79,20,4
0,330,80,20,4
0,330,81,20,4
0,330,82,20,4
0,330,83,20,4
0,330,84,20,4
0,330,85,20,4
0,330,86,20,4
0,330,87,20,4
0,330,88,20,4
0,330,89,20,4
0,330,90,20,4
0,330,91,20,4
0,330,92,20,4
0,331,65,20,4
0,331,66,20,4
0,331,67,20,4
0,331,68,20,4
0,331,69,20,4
0,331,70,20,4
0,331,71,20,4
0,331,72,20,4
0,331,73,20,4
0,331,74,20,4
0,331,75,20,4
0,331,76,20,4
0,331,77,20,4
0,331,78,20,4
0,331,79,20,4
0,331,80,20,4
0,331,81,20,4
0,331,82,20,4
0,331,83,20,4
0,331,84,20,4
0,331,85,20,4
0,331,86,20,4
0,331,87,20,4
0,331,88,20,4
0,331,89,20,4
0,331,90,20,4
0,331,91,20,4
0,331,92,20,4
0,332,65,20,4
0,332,66,20,4
0,332,67,20,4
0,332,68,20,4
0,332,69,20,4
0,332,70,20,4
0,332,71,20,4
0,332,72,20,4
0,332,73,20,4
0,332,74,20,4
0,332,75,20,4
0,332,76,20,4
0,332,77,20,4
0,332,78,20,4
0,332,79,20,4
0,332,80,20,4
0,332,81,20,4
0,332,82,20,4
0,332,83,20,4
0,332,84,20,4
0,332,85,20,4
0,332,86,20,4
0,332,87,20,4
0,332,88,20,4
0,332,89,20,4
0,332,90,20,4
0,332,91,20,4
0,332,92,20,4
0,333,65,20,4
0,333,66,20,4
0,333,67,20,4
0,333,68,20,4
0,333,69,20,4
0,333,70,20,4
0,333,71,20,4
0,333,72,20,4
0,333,73,20,4
0,333,74,20,4
0,333,75,20,4
0,333,76,20,4
0,333,77,20,4
0,333,78,20,4
0,333,79,20,4
0,333,80,20,4
0,333,81,20,4
0,333,82,20,4
0,333,83,20,4
0,333,84,20,4
0,333,85,20,4
0,333,86,20,4
0,333,87,20,4
0,333,88,20,4
0,333,89,20,4
0,333,90,20,4
0,333,91,20,4
0,333,92,20,4
0,334,65,20,4
0,334,66,20,4
0,334,67,20,4
0,334,68,20,4
0,334,69,20,4
0,334,70,20,4
0,334,71,20,4
0,334,72,20,4
0,334,73,20,4
0,334,74,20,4
0,334,75,20,4
0,334,76,20,4
0,334,77,20,4
0,334,78,20,4
0,334,79,20,4
0,334,80,20,4
0,334,81,20,4
0,334,82,20,4
0,334,83,20,4
0,334,84,20,4
0,334,85,20,4
0,334,86,20,4
0,334,87,20,4
0,334,88,20,4
0,334,89,20,4
0,334,90,20,4
0,334,91,20,4
0,334,92,20,4
0,335,65,20,4
0,335,66,20,4
0,335,67,20,4
0,335,68,20,4
0,335,69,20,4
0,335,70,20,4
0,335,71,20,4
0,335,72,20,4
0,335,73,20,4
0,335,74,20,4
0,335,75,20,4
0,335,76,20,4
0,335,77,20,4
0,335,78,20,4
0,335,79,20,4
0,335,80,20,4
0,335,81,20,4
0,335,82,20,4
0,335,83,20,4
0,335,84,20,4
0,335,85,20,4
0,335,86,20,4
0,335,87,20,4
0,335,88,20,4
0,335,89,20,4
0,335,90,20,4
0,335,91,20,4
0,335,92,20,4
0,336,65,20,4
0,336,66,20,4
0,336,67,20,4
0,336,68,20,4
0,336,69,20,4
0,336,70,20,4
0,336,71,20,4
0,336,72,20,4
0,336,73,20,4
0,336,74,20,4
0,336,75,20,4
0,336,76,20,4
0,336,77,20,4
0,336,78,20,4
0,336,79,20,4
0,336,80,20,4
0,336,81,20,4
0,336,82,20,4
0,336,83,20,4
0,336,84,20,4
0,336,85,20,4
0,336,86,20,4
0,336,87,20,4
0,336,88,20,4
0,336,89,20,4
0,336,90,20,4
0,336,91,20,4
0,336,92,20,4
0,337,65,20,4
0,337,66,20,4
0,337,67,20,4
0,337,68,20,4
0,337,69,20,4
0,337,70,20,4
0,337,71,20,4
0,337,72,20,4
0,337,73,20,4
0,337,74,20,4
0,337,75,20,4
0,337,76,20,4
0,337,77,20,4
0,337,78,20,4
0,337,79,20,4
0,337,80,20,4
0,337,81,20,4
0,337,82,20,4
0,337,83,20,4
0,337,84,20,4
0,337,85,20,4
0,337,86,20,4
0,337,87,20,4
0,337,88,20,4
0,337,89,20,4
0,337,90,20,4
0,337,91,20,4
0,337,92,20,4
0,338,65,20,4
0,338,66,20,4
0,338,67,20,4
0,338,68,20,4
0,338,69,20,4
0,338,70,20,4
0,338,71,20,4
0,338,72,20,4
0,338,73,20,4
0,338,74,20,4
0,338,75,20,4
0,338,76,20,4
0,338,77,20,4
0,338,78,20,4
0,338,79,20,4
0,338,80,20,4
0,338,81,20,4
0,338,82,20,4
0,338,83,20,4
0,338,84,20,4
0,338,85,20,4
0,338,86,20,4
0,338,87,20,4
0,338,88,20,4
0,338,89,20,4
0,338,90,20,4
0,338,91,20,4
0,338,92,20,4
0,339,65,20,4
0,339,66,20,4
0,339,67,20,4
0,339,68,20,4
0,339,69,20,4
0,339,70,20,4
0,339,71,20,4
0,339,72,20,4
0,339,73,20,4
0,339,74,20,4
0,339,75,20,4
0,339,76,20,4
0,339,77,20,4
0,339,78,20,4
0,339,79,20,4
0,339,80,20,4
0,339,81,20,4
0,339,82,20,4
0,339,83,20,4
0,339,84,20,4
0,339,85,20,4
0,339,86,20,4
0,339,87,20,4
0,339,88,20,4
0,339,89,20,4
0,339,90,20,4
0,339,91,20,4
0,339,92,20,4
0,340,65,20,4
0,340,66,20,4
0,340,67,20,4
0,340,68,20,4
0,340,69,20,4
0,340,70,20,4
0,340,71,20,4
0,340,72,20,4
0,340,73,20,4
0,340,74,20,4
0,340,75,20,4
0,340,76,20,4
0,340,77,20,4
0,340,78,20,4
0,340,79,20,4
0,340,80,20,4
0,340,81,20,4
0,340,82,20,4
0,340,83,20,4
0,340,84,20,4
0,340,85,20,4
0,340,86,20,4
0,340,87,20,4
0,340,88,20,4
0,340,89,20,4
0,340,90,20,4
0,340,91,20,4
0,340,92,20,4
0,341,65,20,4
0,341,66,20,4
0,341,67,20,4
0,341,68,20,4
0,341,69,20,4
0,341,70,20,4
0,341,71,20,4
0,341,72,20,4
0,341,73,20,4
0,341,74,20,4
0,341,75,20,4
0,341,76,20,4
0,341,77,20,4
0,341,78,20,4
0,341,79,20,4
0,341,80,20,4
0,341,81,20,4
0,341,82,20,4
0,341,83,20,4
0,341,84,20,4
0,341,85,20,4
0,341,86,20,4
0,341,87,20,4
0,341,88,20,4
0,341,89,20,4
0,341,90,20,4
0,341,91,20,4
0,341,92,20,4
0,342,65,20,4
0,342,66,20,4
0,342,67,20,4
0,342,68,20,4
0,342,69,20,4
0,342,70,20,4
0,342,71,20,4
0,342,72,20,4
0,342,73,20,4
0,342,74,20,4
0,342,75,20,4
0,342,76,20,4
0,342,77,20,4
0,342,78,20,4
0,342,79,20,4
0,342,80,20,4
0,342,81,20,4
0,342,82,20,4
0,342,83,20,4
0,342,84,20,4
0,342,85,20,4
0,342,86,20,4
0,342,87,20,4
0,342,88,20,4
0,342,89,20,4
0,342,90,20,4
0,342,91,20,4
0,342,92,20,4
0,343,65,20,4
0,343,66,20,4
0,343,67,20,4
0,343,68,20,4
0,343,69,20,4
0,343,70,20,4
0,343,71,20,4
0,343,72,20,4
0,343,73,20,4
0,343,74,20,4
0,343,75,20,4
0,343,76,20,4
0,343,77,20,4
0,343,78,20,4
0,343,79,20,4
0,343,80,20,4
0,343,81,20,4
0,343,82,20,4
0,343,83,20,4
0,343,84,20,4
0,343,85,20,4
0,343,86,20,4
0,343,87,20,4
0,343,88,20,4
0,343,89,20,4
0,343,90,20,4
0,343,91,20,4
0,343,92,20,4
0,344,65,20,4
0,344,66,20,4
0,344,67,20,4
0,344,68,20,4
0,344,69,20,4
0,344,70,20,4
0,344,71,20,4
0,344,72,20,4
0,344,73,20,4
0,344,74,20,4
0,344,75,20,4
0,344,76,20,4
0,344,77,20,4
0,344,78,20,4
0,344,79,20,4
0,344,80,20,4
0,344,81,20,4
0,344,82,20,4
0,344,83,20,4
0,344,84,20,4
0,344,85,20,4
0,344,86,20,4
0,344,87,20,4
0,344,88,20,4
0,344,89,20,4
0,344,90,20,4
0,344,91,20,4
0,344,92,20,4
0,345,65,20,4
0,345,66,20,4
0,345,67,20,4
0,345,68,20,4
0,345,69,20,4
0,345,70,20,4
0,345,71,20,4
0,345,72,20,4
0,345,73,20,4
0,345,74,20,4
0,345,75,20,4
0,345,76,20,4
0,345,77,20,4
0,345,78,20,4
0,345,79,20,4
0,345,80,20,4
0,345,81,20,4
0,345,82,20,4
0,345,83,20,4
0,345,84,20,4
0,345,85,20,4
0,345,86,20,4
0,345,87,20,4
0,345,88,20,4
0,345,89,20,4
0,345,90,20,4
0,345,91,20,4
0,345,92,20,4
0,346,65,20,4
0,346,66,20,4
0,346,67,20,4
0,346,68,20,4
0,346,69,20,4
0,346,70,20,4
0,346,71,20,4
0,346,72,20,4
0,346,73,20,4
0,346,74,20,4
0,346,75,20,4
0,346,76,20,4
0,346,77,20,4
0,346,78,20,4
0,346,79,20,4
0,346,80,20,4
0,346,81,20,4
0,346,82,20,4
0,346,83,20,4
0,346,84,20,4
0,346,85,20,4
0,346,86,20,4
0,346,87,20,4
0,346,88,20,4
0,346,89,20,4
0,346,90,20,4
0,346,91,20,4
0,346,92,20,4
0,347,65,20,4
0,347,66,20,4
0,347,67,20,4
0,347,68,20,4
0,347,69,20,4
0,347,70,20,4
0,347,71,20,4
0,347,72,20,4
0,347,73,20,4
0,347,74,20,4
0,347,75,20,4
0,347,76,20,4
0,347,77,20,4
0,347,78,20,4
0,347,79,20,4
0,347,80,20,4
0,347,81,20,4
0,347,82,20,4
0,347,83,20,4
0,347,84,20,4
0,347,85,20,4
0,347,86,20,4
0,347,87,20,4
0,347,88,20,4
0,347,89,20,4
0,347,90,20,4
0,347,91,20,4
0,347,92,20,4
0,348,65,20,4
0,348,66,20,4
0,348,67,20,4
0,348,68,20,4
0,348,69,20,4
0,348,70,20,4
0,348,71,20,4
0,348,72,20,4
0,348,73,20,4
0,348,74,20,4
0,348,75,20,4
0,348,76,20,4
0,348,77,20,4
0,348,78,20,4
0,348,79,20,4
0,348,80,20,4
0,348,81,20,4
0,348,82,20,4
0,348,83,20,4
0,348,84,20,4
0,348,85,20,4
0,348,86,20,4
0,348,87,20,4
0,348,88,20,4
0,348,89,20,4
0,348,90,20,4
0,348,91,20,4
0,348,92,20,4
0,349,65,20,4
0,349,66,20,4
0,349,67,20,4
0,349,68,20,4
0,349,69,20,4
0,349,70,20,4
0,349,71,20,4
0,349,72,20,4
0,349,73,20,4
0,349,74,20,4
0,349,75,20,4
0,349,76,20,4
0,349,77,20,4
0,349,78,20,4
0,349,79,20,4
0,349,80,20,4
0,349,81,20,4
0,349,82,20,4
0,349,83,20,4
0,349,84,20,4
0,349,85,20,4
0,349,86,20,4
0,349,87,20,4
0,349,88,20,4
0,349,89,20,4
0,349,90,20,4
0,349,91,20,4
0,349,92,20,4
0,350,65,20,4
0,350,66,20,4
0,350,67,20,4
0,350,68,20,4
0,350,69,20,4
0,350,70,20,4
0,350,71,20,4
0,350,72,20,4
0,350,73,20,4
0,350,74,20,4
0,350,75,20,4
0,350,76,20,4
0,350,77,20,4
0,350,78,20,4
0,350,79,20,4
0,350,80,20,4
0,350,81,20,4
0,350,82,20,4
0,350,83,20,4
0,350,84,20,4
0,350,85,20,4
0,350,86,20,4
0,350,87,20,4
0,350,88,20,4
0,350,89,20,4
0,350,90,20,4
0,350,91,20,4
0,350,92,20,4
0,351,65,20,4
0,351,66,20,4
0,351,67,20,4
0,351,68,20,4
0,351,69,20,4
0,351,70,20,4
0,351,71,20,4
0,351,72,20,4
0,351,73,20,4
0,351,74,20,4
0,351,75,20,4
0,351,76,20,4
0,351,77,20,4
0,351,78,20,4
0,351,79,20,4
0,351,80,20,4
0,351,81,20,4
0,351,82,20,4
0,351,83,20,4
0,351,84,20,4
0,351,85,20,4
0,351,86,20,4
0,351,87,20,4
0,351,88,20,4
0,351,89,20,4
0,351,90,20,4
0,351,91,20,4
0,351,92,20,4
0,352,65,20,4
0,352,66,20,4
0,352,67,20,4
0,352,68,20,4
0,352,69,20,4
0,352,70,20,4
0,352,71,20,4
0,352,72,20,4
0,352,73,20,4
0,352,74,20,4
0,352,75,20,4
0,352,76,20,4
0,352,77,20,4
0,352,78,20,4
0,352,79,20,4
0,352,80,20,4
0,352,81,20,4
0,352,82,20,4
0,352,83,20,4
0,352,84,20,4
0,352,85,20,4
0,352,86,20,4
0,352,87,20,4
0,352,88,20,4
0,352,89,20,4
0,352,90,20,4
0,352,91,20,4
0,352,92,20,4
0,353,65,20,4
0,353,66,20,4
0,353,67,20,4
0,353,68,20,4
0,353,69,20,4
0,353,70,20,4
0,353,71,20,4
0,353,72,20,4
0,353,73,20,4
0,353,74,20,4
0,353,75,20,4
0,353,76,20,4
0,353,77,20,4
0,353,78,20,4
0,353,79,20,4
0,353,80,20,4
0,353,81,20,4
0,353,82,20,4
0,353,83,20,4
0,353,84,20,4
0,353,85,20,4
0,353,86,20,4
0,353,87,20,4
0,353,88,20,4
0,353,89,20,4
0,353,90,20,4
0,353,91,20,4
0,353,92,20,4
0,354,65,20,4
0,354,66,20,4
0,354,67,20,4
0,354,68,20,4
0,354,69,20,4
0,354,70,20,4
0,354,71,20,4
0,354,72,20,4
0,354,73,20,4
0,354,74,20,4
0,354,75,20,4
0,354,76,20,4
0,354,77,20,4
0,354,78,20,4
0,354,79,20,4
0,354,80,20,4
0,354,81,20,4
0,354,82,20,4
0,354,83,20,4
0,354,84,20,4
0,354,85,20,4
0,354,86,20,4
0,354,87,20,4
0,354,88,20,4
0,354,89,20,4
0,354,90,20,4
0,354,91,20,4
0,354,92,20,4
0,355,65,20,4
0,355,66,20,4
0,355,67,20,4
0,355,68,20,4
0,355,69,20,4
0,355,70,20,4
0,355,71,20,4
0,355,72,20,4
0,355,73,20,4
0,355,74,20,4
0,355,75,20,4
0,355,76,20,4
0,355,77,20,4
0,355,78,20,4
0,355,79,20,4
0,355,80,20,4
0,355,81,20,4
0,355,82,20,4
0,355,83,20,4
0,355,84,20,4
0,355,85,20,4
0,355,86,20,4
0,355,87,20,4
0,355,88,20,4
0,355,89,20,4
0,355,90,20,4
0,355,91,20,4
0,355,92,20,4
0,356,65,20,4
0,356,66,20,4
0,356,67,20,4
0,356,68,20,4
0,356,69,20,4
0,356,70,20,4
0,356,71,20,4
0,356,72,20,4
0,356,73,20,4
0,356,74,20,4
0,356,75,20,4
0,356,76,20,4
0,356,77,20,4
0,356,78,20,4
0,356,79,20,4
0,356,80,20,4
0,356,81,20,4
0,356,82,20,4
0,356,83,20,4
0,356,84,20,4
0,356,85,20,4
0,356,86,20,4
0,356,87,20,4
0,356,88,20,4
0,356,89,20,4
0,356,90,20,4
0,356,91,20,4
0,356,92,20,4
0,357,65,20,4
0,357,66,20,4
0,357,67,20,4
0,357,68,20,4
0,357,69,20,4
0,357,70,20,4
0,357,71,20,4
0,357,72,20,4
0,357,73,20,4
0,357,74,20,4
0,357,75,20,4
0,357,76,20,4
0,357,77,20,4
0,357,78,20,4
0,357,79,20,4
0,357,80,20,4
0,357,81,20,4
0,357,82,20,4
0,357,83,20,4
0,357,84,20,4
0,357,85,20,4
0,357,86,20,4
0,357,87,20,4
0,357,88,20,4
0,357,89,20,4
0,357,90,20,4
0,357,91,20,4
0,357,92,20,4
0,358,65,20,4
0,358,66,20,4
0,358,67,20,4
0,358,68,20,4
0,358,69,20,4
0,358,70,20,4
0,358,71,20,4
0,358,72,20,4
0,358,73,20,4
0,358,74,20,4
0,358,75,20,4
0,358,76,20,4
0,358,77,20,4
0,358,78,20,4
0,358,79,20,4
0,358,80,20,4
0,358,81,20,4
0,358,82,20,4
0,358,83,20,4
0,358,84,20,4
0,358,85,20,4
0,358,86,20,4
0,358,87,20,4
0,358,88,20,4
0,358,89,20,4
0,358,90,20,4
0,358,91,20,4
0,358,92,20,4
0,359,65,20,4
0,359,66,20,4
0,359,67,20,4
0,359,68,20,4
0,359,69,20,4
0,359,70,20,4
0,359,71,20,4
0,359,72,20,4
0,359,73,20,4
0,359,74,20,4
0,359,75,20,4
0,359,76,20,4
0,359,77,20,4
0,359,78,20,4
0,359,79,20,4
0,359,80,20,4
0,359,81,20,4
0,359,82,20,4
0,359,83,20,4
0,359,84,20,4
0,359,85,20,4
0,359,86,20,4
0,359,87,20,4
0,359,88,20,4
0,359,89,20,4
0,359,90,20,4
0,359,91,20,4
0,359,92,20,4
0,360,65,20,4
0,360,66,20,4
0,360,67,20,4
0,360,68,20,4
0,360,69,20,4
0,360,70,20,4
0,360,71,20,4
0,360,72,20,4
0,360,73,20,4
0,360,74,20,4
0,360,75,20,4
0,360,76,20,4
0,360,77,20,4
0,360,78,20,4
0,360,79,20,4
0,360,80,20,4
0,360,81,20,4
0,360,82,20,4
0,360,83,20,4
0,360,84,20,4
0,360,85,20,4
0,360,86,20,4
0,360,87,20,4
0,360,88,20,4
0,360,89,20,4
0,360,90,20,4
0,360,91,20,4
0,360,92,20,4
0,361,65,20,4
0,361,66,20,4
0,361,67,20,4
0,361,68,20,4
0,361,69,20,4
0,361,70,20,4
0,361,71,20,4
0,361,72,20,4
0,361,73,20,4
0,361,74,20,4
0,361,75,20,4
0,361,76,20,4
0,361,77,20,4
0,361,78,20,4
0,361,79,20,4
0,361,80,20,4
0,361,81,20,4
0,361,82,20,4
0,361,83,20,4
0,361,84,20,4
0,361,85,20,4
0,361,86,20,4
0,361,87,20,4
0,361,88,20,4
0,361,89,20,4
0,361,90,20,4
0,361,91,20,4
0,361,92,20,4
0,362,65,20,4
0,362,66,20,4
0,362,67,20,4
0,362,68,20,4
0,362,69,20,4
0,362,70,20,4
0,362,71,20,4
0,362,72,20,4
0,362,73,20,4
0,362,74,20,4
0,362,75,20,4
0,362,76,20,4
0,362,77,20,4
0,362,78,20,4
0,362,79,20,4
0,362,80,20,4
0,362,81,20,4
0,362,82,20,4
0,362,83,20,4
0,362,84,20,4
0,362,85,20,4
0,362,86,20,4
0,362,87,20,4
0,362,88,20,4
0,362,89,20,4
0,362,90,20,4
0,362,91,20,4
0,362,92,20,4
0,363,65,20,4
0,363,66,20,4
0,363,67,20,4
0,363,68,20,4
0,363,69,20,4
0,363,70,20,4
0,363,71,20,4
0,363,72,20,4
0,363,73,20,4
0,363,74,20,4
0,363,75,20,4
0,363,76,20,4
0,363,77,20,4
0,363,78,20,4
0,363,79,20,4
0,363,80,20,4
0,363,81,20,4
0,363,82,20,4
0,363,83,20,4
0,363,84,20,4
0,363,85,20,4
0,363,86,20,4
0,363,87,20,4
0,363,88,20,4
0,363,89,20,4
0,363,90,20,4
0,363,91,20,4
0,363,92,20,4
