1,29,19,9,1
1,27,19,9,1
1,25,19,9,1
1,23,19,9,1
1,22,19,8,1
1,24,19,8,1
1,26,19,8,1
1,28,19,8,1
1,30,19,8,1
5,33,20,9,1
1,35,21,9,1
1,34,21,8,1
1,32,20,8,1
1,36,21,8,1
5,37,21,9,1
2,21,18,11,1
2,21,16,11,1
2,21,14,11,1
2,21,12,11,1
2,21,9,15,1
2,21,10,11,1
2,21,11,15,1
2,21,13,15,1
2,21,15,15,1
2,21,17,15,1
0,21,19,15,1
0,21,21,15,1
0,21,23,15,1
0,21,25,15,1
0,21,24,11,1
0,21,22,11,1
0,21,20,11,1
0,21,27,11,1
0,21,29,11,1
0,21,31,11,1
0,21,30,15,1
0,21,28,15,1
0,21,26,15,1
0,20,19,14,1
0,20,17,14,1
0,20,15,14,1
0,20,14,10,1
0,20,16,10,1
0,20,18,10,1
0,20,21,10,1
0,20,23,10,1
0,20,24,14,1
0,20,13,14,1
0,20,11,14,1
0,20,9,14,1
0,20,10,10,1
0,20,12,10,1
0,20,20,10,1
0,20,22,10,1
0,20,26,10,1
0,20,28,10,1
0,20,30,10,1
0,20,31,14,1
0,20,29,14,1
0,20,27,14,1
0,20,25,14,1
0,19,10,11,1
0,19,12,11,1
0,19,14,11,1
0,19,16,11,1
0,19,18,11,1
0,19,20,11,1
0,19,22,11,1
0,19,24,11,1
0,19,26,11,1
0,19,28,11,1
0,19,30,11,1
0,19,31,15,1
0,19,29,15,1
0,19,27,15,1
0,19,25,15,1
0,19,23,15,1
0,19,21,15,1
0,19,19,15,1
0,19,17,15,1
0,19,15,15,1
0,19,13,15,1
0,19,11,15,1
0,19,9,15,1
0,22,20,10,1
0,22,22,10,1
0,22,28,10,1
0,22,30,10,1
0,22,31,14,1
0,22,29,14,1
0,22,23,14,1
0,22,21,14,1
0,23,20,11,1
0,23,22,11,1
0,23,28,11,1
0,23,30,11,1
0,23,31,15,1
0,23,29,15,1
0,23,23,15,1
0,23,21,15,1
0,24,20,10,1
0,24,22,10,1
0,24,28,10,1
0,24,30,10,1
0,24,31,14,1
0,24,29,14,1
0,24,23,14,1
0,24,21,14,1
0,25,20,11,1
0,25,22,11,1
0,25,28,11,1
0,25,30,11,1
0,25,31,15,1
0,25,29,15,1
0,25,23,15,1
0,25,21,15,1
0,26,20,10,1
0,26,22,10,1
0,26,24,10,1
0,26,26,10,1
0,26,28,10,1
0,26,30,10,1
0,26,31,14,1
0,26,29,14,1
0,26,27,14,1
0,26,25,14,1
0,26,23,14,1
0,26,21,14,1
0,27,20,11,1
0,27,22,11,1
0,27,26,11,1
0,27,28,11,1
0,27,30,11,1
0,27,31,15,1
0,27,29,15,1
0,27,27,15,1
0,27,25,15,1
0,27,23,15,1
0,27,21,15,1
0,28,20,10,1
0,28,22,10,1
0,28,28,10,1
0,28,30,10,1
0,28,21,14,1
0,28,23,14,1
0,28,29,14,1
0,28,31,14,1
0,29,20,11,1
0,29,22,11,1
0,29,28,11,1
0,29,30,11,1
0,29,31,15,1
0,29,29,15,1
0,29,23,15,1
0,29,21,15,1
0,30,20,10,1
0,30,22,10,1
0,30,30,10,1
0,30,21,14,1
0,30,23,14,1
0,30,29,14,1
0,30,31,14,1
0,30,28,10,1
0,31,20,11,1
0,31,22,11,1
0,31,28,11,1
0,31,30,11,1
0,31,21,15,1
0,31,23,15,1
0,31,29,15,1
0,31,31,15,1
0,32,22,10,1
0,32,24,10,1
0,32,26,10,1
0,32,28,10,1
0,32,30,10,1
0,32,21,14,1
0,32,23,14,1
0,32,25,14,1
0,32,27,14,1
0,32,29,14,1
0,32,31,14,1
0,33,24,11,1
0,33,26,11,1
0,33,28,11,1
0,33,30,11,1
0,33,22,11,1
0,33,21,15,1
0,33,23,15,1
0,33,25,15,1
0,33,27,15,1
0,33,29,15,1
0,33,31,15,1
0,34,22,10,1
0,34,28,10,1
0,34,29,14,1
0,34,31,14,1
0,34,30,10,1
0,35,22,11,1
0,35,23,15,1
0,27,24,11,1
0,36,22,10,1
0,34,23,14,1
0,36,23,14,1
0,37,22,11,1
0,37,23,15,1
1,38,22,8,1
1,40,22,8,1
5,41,22,9,1
1,39,22,9,1
0,38,23,14,1
0,38,25,14,1
0,38,27,14,1
0,38,29,14,1
0,38,31,14,1
0,38,24,10,1
0,38,26,10,1
0,38,28,10,1
0,38,30,10,1
0,39,23,15,1
0,39,25,15,1
0,39,27,15,1
0,39,29,15,1
0,39,31,15,1
0,39,24,11,1
0,39,26,11,1
0,39,28,11,1
0,39,30,11,1
0,36,28,10,1
0,35,28,11,1
0,37,28,11,1
0,37,29,15,1
0,37,31,15,1
0,35,31,15,1
0,37,30,11,1
0,35,30,11,1
0,36,31,14,1
0,36,29,14,1
0,36,30,10,1
0,35,29,15,1
0,40,24,10,1
0,40,26,10,1
0,40,28,10,1
0,40,30,10,1
0,40,23,14,1
0,40,25,14,1
0,40,27,14,1
0,40,29,14,1
0,40,31,14,1
0,41,23,15,1
0,41,25,15,1
0,41,27,15,1
0,41,29,15,1
0,41,31,15,1
0,41,30,11,1
0,41,28,11,1
0,41,26,11,1
0,41,24,11,1
1,42,23,8,1
5,43,23,9,1
0,42,24,10,1
0,42,26,10,1
0,42,28,10,1
0,42,30,10,1
0,42,25,14,1
0,42,27,14,1
0,42,29,14,1
0,42,31,14,1
0,43,24,11,1
0,43,26,11,1
0,43,28,11,1
0,43,30,11,1
0,43,31,15,1
0,43,29,15,1
0,43,27,15,1
0,43,25,15,1
0,22,10,0,1
0,22,11,0,1
0,22,12,0,1
0,22,13,0,1
0,22,14,0,1
0,22,15,0,1
0,22,16,0,1
0,22,17,0,1
0,22,18,0,1
0,23,10,0,1
0,23,11,0,1
0,23,12,0,1
0,23,13,0,1
0,23,14,0,1
0,23,15,0,1
0,23,16,0,1
0,23,17,0,1
0,23,18,0,1
0,24,10,0,1
0,24,11,0,1
0,24,12,0,1
0,24,13,0,1
0,24,14,0,1
0,24,15,0,1
0,24,16,0,1
0,24,17,0,1
0,24,18,0,1
0,25,10,0,1
0,25,11,0,1
0,25,12,0,1
0,25,13,0,1
0,25,14,0,1
0,25,15,0,1
0,25,16,0,1
0,25,17,0,1
0,25,18,0,1
0,26,10,0,1
0,26,11,0,1
0,26,12,0,1
0,26,13,0,1
0,26,14,0,1
0,26,15,0,1
0,26,16,0,1
0,26,17,0,1
0,26,18,0,1
0,27,10,0,1
0,27,11,0,1
0,27,12,0,1
0,27,13,0,1
0,27,14,0,1
0,27,15,0,1
0,27,16,0,1
0,27,17,0,1
0,27,18,0,1
0,28,10,0,1
0,28,11,0,1
0,28,12,0,1
0,28,13,0,1
0,28,14,0,1
0,28,15,0,1
0,28,16,0,1
0,28,17,0,1
0,28,18,0,1
0,29,10,0,1
0,29,11,0,1
0,29,12,0,1
0,29,13,0,1
0,29,14,0,1
0,29,15,0,1
0,29,16,0,1
0,29,17,0,1
0,29,18,0,1
0,30,10,0,1
0,30,11,0,1
0,30,12,0,1
0,30,13,0,1
0,30,14,0,1
0,30,15,0,1
0,30,16,0,1
0,30,17,0,1
0,30,18,0,1
0,31,10,0,1
0,31,11,0,1
0,31,12,0,1
0,31,13,0,1
0,31,14,0,1
0,31,15,0,1
0,31,16,0,1
0,31,17,0,1
0,31,18,0,1
0,32,10,0,1
0,32,11,0,1
0,32,12,0,1
0,32,13,0,1
0,32,14,0,1
0,32,15,0,1
0,32,16,0,1
0,32,17,0,1
0,32,18,0,1
0,32,19,0,1
0,33,10,0,1
0,33,11,0,1
0,33,12,0,1
0,33,13,0,1
0,33,14,0,1
0,33,15,0,1
0,33,16,0,1
0,33,17,0,1
0,33,18,0,1
0,33,19,0,1
0,34,10,0,1
0,34,11,0,1
0,34,12,0,1
0,34,13,0,1
0,34,14,0,1
0,34,15,0,1
0,34,16,0,1
0,34,17,0,1
0,34,18,0,1
0,34,19,0,1
0,35,10,0,1
0,35,11,0,1
0,35,12,0,1
0,35,13,0,1
0,35,14,0,1
0,35,15,0,1
0,35,16,0,1
0,35,17,0,1
0,35,18,0,1
0,35,19,0,1
0,36,10,0,1
0,36,11,0,1
0,36,12,0,1
0,36,13,0,1
0,36,14,0,1
0,36,15,0,1
0,36,16,0,1
0,36,17,0,1
0,36,18,0,1
0,36,19,0,1
0,37,10,0,1
0,37,11,0,1
0,37,12,0,1
0,37,13,0,1
0,37,14,0,1
0,37,15,0,1
0,37,16,0,1
0,37,17,0,1
0,37,18,0,1
0,37,19,0,1
0,38,10,0,1
0,38,11,0,1
0,38,12,0,1
0,38,13,0,1
0,38,14,0,1
0,38,15,0,1
0,38,16,0,1
0,38,17,0,1
0,38,18,0,1
0,38,19,0,1
0,39,10,0,1
0,39,11,0,1
0,39,12,0,1
0,39,13,0,1
0,39,14,0,1
0,39,15,0,1
0,39,16,0,1
0,39,17,0,1
0,39,18,0,1
0,39,19,0,1
0,34,20,0,1
0,35,20,0,1
0,36,20,0,1
0,37,20,0,1
0,38,20,0,1
0,38,21,0,1
0,39,20,0,1
0,39,21,0,1
0,40,10,0,1
0,40,11,0,1
0,40,12,0,1
0,40,13,0,1
0,40,14,0,1
0,40,15,0,1
0,40,16,0,1
0,40,17,0,1
0,40,18,0,1
0,40,19,0,1
0,40,20,0,1
0,40,21,0,1
0,41,10,0,1
0,41,11,0,1
0,41,12,0,1
0,41,13,0,1
0,41,14,0,1
0,41,15,0,1
0,41,16,0,1
0,41,17,0,1
0,41,18,0,1
0,41,19,0,1
0,41,20,0,1
0,41,21,0,1
0,42,10,0,1
0,42,11,0,1
0,42,12,0,1
0,42,13,0,1
0,42,14,0,1
0,42,15,0,1
0,42,16,0,1
0,42,17,0,1
0,42,18,0,1
0,42,19,0,1
0,42,20,0,1
0,42,21,0,1
0,43,10,0,1
0,43,11,0,1
0,43,12,0,1
0,43,13,0,1
0,43,14,0,1
0,43,15,0,1
0,43,16,0,1
0,43,17,0,1
0,43,18,0,1
0,43,19,0,1
0,43,20,0,1
0,43,21,0,1
0,44,10,0,1
0,44,11,0,1
0,44,12,0,1
0,44,13,0,1
0,44,14,0,1
0,44,15,0,1
0,44,16,0,1
0,44,17,0,1
0,44,18,0,1
0,44,19,0,1
0,44,20,0,1
0,44,21,0,1
0,45,10,0,1
0,45,11,0,1
0,45,12,0,1
0,45,13,0,1
0,45,14,0,1
0,45,15,0,1
0,45,16,0,1
0,45,17,0,1
0,45,18,0,1
0,45,19,0,1
0,45,20,0,1
0,45,21,0,1
0,46,10,0,1
0,46,11,0,1
0,46,12,0,1
0,46,13,0,1
0,46,14,0,1
0,46,15,0,1
0,46,16,0,1
0,46,17,0,1
0,46,18,0,1
0,46,19,0,1
0,46,20,0,1
0,46,21,0,1
0,47,10,0,1
0,47,11,0,1
0,47,12,0,1
0,47,13,0,1
0,47,14,0,1
0,47,15,0,1
0,47,16,0,1
0,47,17,0,1
0,47,18,0,1
0,47,19,0,1
0,47,20,0,1
0,47,21,0,1
0,48,10,0,1
0,48,11,0,1
0,48,12,0,1
0,48,13,0,1
0,48,14,0,1
0,48,15,0,1
0,48,16,0,1
0,48,17,0,1
0,48,18,0,1
0,48,19,0,1
0,48,20,0,1
0,48,21,0,1
0,42,22,0,1
0,43,22,0,1
0,44,22,0,1
0,45,22,0,1
0,45,23,0,1
0,46,22,0,1
0,46,23,0,1
0,47,22,0,1
0,47,23,0,1
0,48,22,0,1
0,48,23,0,1
0,44,23,0,1
1,44,24,8,1
1,46,24,8,1
5,47,24,9,1
1,45,24,9,1
0,44,25,14,1
0,44,29,14,1
0,44,31,14,1
0,44,27,14,1
0,44,26,10,1
0,44,28,10,1
0,44,30,10,1
0,45,25,15,1
0,45,27,15,1
0,45,29,15,1
0,45,31,15,1
0,45,30,11,1
0,45,28,11,1
0,45,26,11,1
0,46,28,10,1
0,46,30,10,1
0,46,25,14,1
0,46,27,14,1
0,46,26,10,1
0,46,29,14,1
0,46,31,14,1
0,47,25,15,1
0,47,27,15,1
0,47,29,15,1
0,47,31,15,1
0,47,30,11,1
0,47,28,11,1
0,47,26,11,1
1,48,25,8,1
1,50,25,8,1
1,49,25,9,1
1,52,26,8,1
1,54,26,8,1
5,55,26,9,1
1,53,26,9,1
death,56,27,3,1
death,57,27,3,1
death,58,27,3,1
death,59,27,3,1
death,60,27,3,1
death,61,27,3,1
death,62,27,3,1
death,63,27,3,1
death,64,27,3,1
death,65,27,3,1
death,66,27,3,1
death,67,27,3,1
death,68,27,3,1
death,69,27,3,1
0,56,28,7,1
0,57,28,7,1
0,58,28,7,1
0,59,28,7,1
0,60,28,7,1
0,61,28,7,1
0,62,28,7,1
0,63,28,7,1
0,64,28,7,1
0,65,28,7,1
0,66,28,7,1
0,67,28,7,1
0,68,28,7,1
0,69,28,7,1
0,49,10,0,1
0,49,11,0,1
0,49,12,0,1
0,49,13,0,1
0,49,14,0,1
0,49,15,0,1
0,49,16,0,1
0,49,17,0,1
0,49,18,0,1
0,49,19,0,1
0,49,20,0,1
0,49,21,0,1
0,49,22,0,1
0,49,23,0,1
0,50,10,0,1
0,50,11,0,1
0,50,12,0,1
0,50,13,0,1
0,50,14,0,1
0,50,15,0,1
0,50,16,0,1
0,50,17,0,1
0,50,18,0,1
0,50,19,0,1
0,50,20,0,1
0,50,21,0,1
0,50,22,0,1
0,50,23,0,1
0,48,24,0,1
0,49,24,0,1
0,50,24,0,1
0,56,26,0,1
0,57,26,0,1
0,58,26,0,1
0,59,26,0,1
0,60,26,0,1
0,61,26,0,1
0,62,26,0,1
0,63,26,0,1
0,64,26,0,1
0,65,26,0,1
0,66,26,0,1
0,67,26,0,1
0,68,26,0,1
0,69,26,0,1
0,51,10,0,1
0,51,11,0,1
0,51,12,0,1
0,51,13,0,1
0,51,14,0,1
0,51,15,0,1
0,51,16,0,1
0,51,17,0,1
0,51,18,0,1
0,51,19,0,1
0,51,20,0,1
0,51,21,0,1
0,51,22,0,1
0,51,23,0,1
0,51,24,0,1
0,52,10,0,1
0,52,11,0,1
0,52,12,0,1
0,52,13,0,1
0,52,14,0,1
0,52,15,0,1
0,52,16,0,1
0,52,17,0,1
0,52,18,0,1
0,52,19,0,1
0,52,20,0,1
0,52,21,0,1
0,52,22,0,1
0,52,23,0,1
0,52,24,0,1
0,52,25,0,1
0,53,10,0,1
0,53,11,0,1
0,53,12,0,1
0,53,13,0,1
0,53,14,0,1
0,53,15,0,1
0,53,16,0,1
0,53,17,0,1
0,53,18,0,1
0,53,19,0,1
0,53,20,0,1
0,53,21,0,1
0,53,22,0,1
0,53,23,0,1
0,53,24,0,1
0,53,25,0,1
0,54,10,0,1
0,54,11,0,1
0,54,12,0,1
0,54,13,0,1
0,54,14,0,1
0,54,15,0,1
0,54,16,0,1
0,54,17,0,1
0,54,18,0,1
0,54,19,0,1
0,54,20,0,1
0,54,21,0,1
0,54,22,0,1
0,54,23,0,1
0,54,24,0,1
0,54,25,0,1
0,55,10,0,1
0,55,11,0,1
0,55,12,0,1
0,55,13,0,1
0,55,14,0,1
0,55,15,0,1
0,55,16,0,1
0,55,17,0,1
0,55,18,0,1
0,55,19,0,1
0,55,20,0,1
0,55,21,0,1
0,55,22,0,1
0,55,23,0,1
0,55,24,0,1
0,55,25,0,1
0,56,10,0,1
0,56,11,0,1
0,56,12,0,1
0,56,13,0,1
0,56,14,0,1
0,56,15,0,1
0,56,16,0,1
0,56,17,0,1
0,56,18,0,1
0,56,19,0,1
0,56,20,0,1
0,56,21,0,1
0,56,22,0,1
0,56,24,0,1
0,56,25,0,1
0,57,10,0,1
0,57,11,0,1
0,57,12,0,1
0,57,13,0,1
0,57,14,0,1
0,57,15,0,1
0,57,16,0,1
0,57,17,0,1
0,57,18,0,1
0,57,19,0,1
0,57,20,0,1
0,57,21,0,1
0,57,22,0,1
0,57,24,0,1
0,57,25,0,1
0,58,10,0,1
0,58,11,0,1
0,58,12,0,1
0,58,13,0,1
0,58,14,0,1
0,58,15,0,1
0,58,16,0,1
0,58,17,0,1
0,58,18,0,1
0,58,19,0,1
0,58,20,0,1
0,58,21,0,1
0,58,22,0,1
0,58,24,0,1
0,58,25,0,1
0,59,10,0,1
0,59,11,0,1
0,59,12,0,1
0,59,13,0,1
0,59,14,0,1
0,59,15,0,1
0,59,16,0,1
0,59,17,0,1
0,59,18,0,1
0,59,19,0,1
0,59,20,0,1
0,59,21,0,1
0,59,22,0,1
0,59,24,0,1
0,59,25,0,1
0,60,10,0,1
0,60,11,0,1
0,60,12,0,1
0,60,13,0,1
0,60,14,0,1
0,60,15,0,1
0,60,16,0,1
0,60,17,0,1
0,60,18,0,1
0,60,19,0,1
0,60,20,0,1
0,60,21,0,1
0,60,22,0,1
0,60,24,0,1
0,60,25,0,1
0,61,10,0,1
0,61,11,0,1
0,61,12,0,1
0,61,13,0,1
0,61,14,0,1
0,61,15,0,1
0,61,16,0,1
0,61,17,0,1
0,61,18,0,1
0,61,19,0,1
0,61,20,0,1
0,61,21,0,1
0,61,22,0,1
0,61,24,0,1
0,61,25,0,1
0,62,10,0,1
0,62,11,0,1
0,62,12,0,1
0,62,13,0,1
0,62,14,0,1
0,62,15,0,1
0,62,16,0,1
0,62,17,0,1
0,62,18,0,1
0,62,19,0,1
0,62,20,0,1
0,62,21,0,1
0,62,22,0,1
0,62,24,0,1
0,62,25,0,1
0,63,10,0,1
0,63,11,0,1
0,63,12,0,1
0,63,13,0,1
0,63,14,0,1
0,63,15,0,1
0,63,16,0,1
0,63,17,0,1
0,63,18,0,1
0,63,19,0,1
0,63,20,0,1
0,63,21,0,1
0,63,22,0,1
0,63,24,0,1
0,63,25,0,1
0,64,10,0,1
0,64,11,0,1
0,64,12,0,1
0,64,13,0,1
0,64,14,0,1
0,64,15,0,1
0,64,16,0,1
0,64,17,0,1
0,64,18,0,1
0,64,19,0,1
0,64,20,0,1
0,64,21,0,1
0,64,22,0,1
0,64,24,0,1
0,64,25,0,1
0,65,10,0,1
0,65,11,0,1
0,65,12,0,1
0,65,13,0,1
0,65,14,0,1
0,65,15,0,1
0,65,16,0,1
0,65,17,0,1
0,65,18,0,1
0,65,19,0,1
0,65,20,0,1
0,65,21,0,1
0,65,22,0,1
0,65,24,0,1
0,65,25,0,1
0,66,24,0,1
0,66,25,0,1
0,67,24,0,1
0,67,25,0,1
0,68,24,0,1
0,68,25,0,1
0,69,24,0,1
0,69,25,0,1
5,51,25,9,1
0,56,23,0,1
0,57,23,0,1
0,58,23,0,1
0,59,23,0,1
0,60,23,0,1
0,61,23,0,1
0,62,23,0,1
0,63,23,0,1
0,64,23,0,1
0,65,23,0,1
5,66,22,12,1
0,66,23,1,1
0,67,23,1,1
0,68,23,1,1
0,69,23,1,1
3,67,22,13,1
3,68,22,12,1
3,70,22,12,1
3,72,22,12,1
3,74,22,12,1
3,76,22,12,1
3,69,22,13,1
3,71,22,13,1
3,73,22,13,1
3,75,22,13,1
3,77,22,13,1
3,79,22,13,1
3,78,22,12,1
3,80,22,12,1
3,81,22,13,1
5,82,22,12,1
0,67,21,15,1
0,69,21,15,1
0,71,21,15,1
0,73,21,15,1
0,75,21,15,1
0,77,21,15,1
0,79,21,15,1
0,81,21,15,1
4,66,21,14,1
0,68,21,14,1
0,70,21,14,1
0,72,21,14,1
0,74,21,14,1
0,76,21,14,1
0,78,21,14,1
0,80,21,14,1
2,82,21,14,1
4,66,9,14,1
4,66,11,14,1
4,66,13,14,1
4,66,15,14,1
4,66,17,14,1
4,66,19,14,1
4,66,20,10,1
4,66,18,10,1
4,66,16,10,1
4,66,14,10,1
4,66,12,10,1
4,66,10,10,1
0,67,20,11,1
0,67,18,11,1
0,67,16,11,1
0,67,14,11,1
0,67,12,11,1
0,67,10,11,1
0,67,9,15,1
0,67,11,15,1
0,67,13,15,1
0,67,15,15,1
0,67,17,15,1
0,67,19,15,1
0,68,20,10,1
0,68,18,10,1
0,68,16,10,1
0,68,14,10,1
0,68,12,10,1
0,68,10,10,1
0,68,9,14,1
0,68,11,14,1
0,68,13,14,1
0,68,15,14,1
0,68,17,14,1
0,68,19,14,1
0,69,20,11,1
0,69,18,11,1
0,69,16,11,1
0,69,14,11,1
0,69,12,11,1
0,69,10,11,1
0,69,9,15,1
0,69,11,15,1
0,69,13,15,1
0,69,15,15,1
0,69,17,15,1
0,69,19,15,1
0,71,11,15,1
0,71,15,15,1
0,71,9,15,1
0,71,10,11,1
0,71,12,11,1
0,71,13,15,1
0,71,14,11,1
0,70,9,11,1
0,70,14,10,1
0,70,12,10,1
0,70,10,10,1
0,70,11,14,1
0,70,13,14,1
0,70,15,14,1
0,74,20,10,1
0,74,18,10,1
0,74,16,10,1
0,74,14,10,1
0,74,12,10,1
0,74,10,10,1
0,74,9,14,1
0,74,11,14,1
0,74,13,14,1
0,74,15,14,1
0,74,17,14,1
0,74,19,14,1
0,73,13,15,1
0,73,11,15,1
0,73,9,15,1
0,73,10,11,1
0,73,12,11,1
0,73,14,11,1
0,73,15,15,1
0,72,15,14,1
0,72,13,14,1
0,72,11,14,1
0,72,9,14,1
0,72,10,10,1
0,72,12,10,1
0,72,14,10,1
0,75,16,11,1
0,75,18,11,1
0,75,20,11,1
0,75,19,15,1
0,75,17,15,1
0,73,20,11,1
0,71,20,11,1
0,72,20,10,1
0,70,20,10,1
0,76,20,10,1
0,78,20,10,1
0,77,20,11,1
0,79,20,11,1
0,81,20,11,1
2,82,20,10,1
0,80,20,10,1
0,80,16,10,1
0,80,18,10,1
0,80,14,10,1
0,80,12,10,1
0,80,10,10,1
0,80,9,14,1
0,80,11,14,1
0,80,13,14,1
0,80,15,14,1
0,80,17,14,1
0,80,19,14,1
0,75,15,15,1
0,75,14,11,1
0,75,12,11,1
0,75,13,15,1
0,75,11,15,1
0,75,9,15,1
0,75,10,11,1
0,76,15,14,1
0,78,15,14,1
0,79,15,15,1
0,77,15,15,1
0,79,14,11,1
0,77,14,11,1
0,77,12,11,1
0,77,10,11,1
0,79,10,11,1
0,79,12,11,1
0,79,13,15,1
0,79,11,15,1
0,79,9,15,1
0,77,9,15,1
0,77,11,15,1
0,77,13,15,1
0,78,9,14,1
0,78,11,14,1
0,78,13,14,1
0,78,14,10,1
0,78,12,10,1
0,78,10,10,1
0,76,10,10,1
0,76,12,10,1
0,76,14,10,1
0,76,13,14,1
0,76,11,14,1
0,76,9,14,1
0,81,9,15,1
0,81,11,15,1
0,81,13,15,1
0,81,15,15,1
0,81,17,15,1
0,81,19,15,1
0,81,18,11,1
0,81,16,11,1
0,81,14,11,1
0,81,12,11,1
0,81,10,11,1
0,82,9,14,1
0,82,11,14,1
0,82,13,14,1
0,82,15,14,1
0,82,14,10,1
0,82,12,10,1
0,82,10,10,1
3,83,20,13,1
3,85,20,13,1
3,87,20,13,1
3,89,20,13,1
3,91,20,13,1
3,93,20,13,1
3,95,20,13,1
8,98,19,0,1
8,98,20,0,1
8,98,21,0,1
9,98,18,0,1
5,97,20,13,1
3,96,20,12,1
3,94,20,12,1
3,92,20,12,1
3,90,20,12,1
3,88,20,12,1
3,86,20,12,1
3,84,20,12,1
0,86,19,14,1
0,86,17,14,1
0,86,15,14,1
0,86,13,14,1
0,86,11,14,1
0,86,9,14,1
0,86,10,10,1
0,86,12,10,1
0,86,14,10,1
0,86,16,10,1
0,86,18,10,1
0,87,18,11,1
0,87,16,11,1
0,87,14,11,1
0,87,12,11,1
0,87,10,11,1
0,87,9,15,1
0,87,11,15,1
0,87,13,15,1
0,87,15,15,1
0,87,17,15,1
0,87,19,15,1
2,97,19,15,1
2,97,17,15,1
2,97,15,15,1
2,97,13,15,1
2,97,11,15,1
2,97,9,15,1
2,97,10,11,1
2,97,12,11,1
2,97,14,11,1
2,97,16,11,1
2,97,18,11,1
0,96,19,14,1
0,96,17,14,1
0,96,15,14,1
0,96,13,14,1
0,96,11,14,1
0,96,9,14,1
0,96,10,10,1
0,96,12,10,1
0,96,14,10,1
0,96,16,10,1
0,96,18,10,1
0,95,19,15,1
0,93,19,15,1
0,95,17,15,1
0,93,17,15,1
0,93,15,15,1
0,95,15,15,1
0,95,13,15,1
0,93,13,15,1
0,93,11,15,1
0,95,11,15,1
0,95,9,15,1
0,93,9,15,1
0,93,10,11,1
0,93,12,11,1
0,93,14,11,1
0,93,16,11,1
0,93,18,11,1
0,95,18,11,1
0,95,16,11,1
0,95,14,11,1
0,95,12,11,1
0,95,10,11,1
0,94,9,14,1
0,94,11,14,1
0,94,13,14,1
0,94,15,14,1
0,94,17,14,1
0,94,19,14,1
0,94,18,10,1
0,94,16,10,1
0,94,14,10,1
0,94,12,10,1
0,94,10,10,1
0,83,15,15,1
0,83,13,15,1
0,83,11,15,1
0,83,9,15,1
0,83,10,11,1
0,83,12,11,1
0,83,14,11,1
0,84,15,14,1
0,84,13,14,1
0,84,11,14,1
0,84,9,14,1
0,84,10,10,1
0,84,12,10,1
0,84,14,10,1
0,85,15,15,1
0,85,13,15,1
0,85,11,15,1
0,85,9,15,1
0,85,10,11,1
0,85,12,11,1
0,85,14,11,1
0,92,19,14,1
0,92,17,14,1
0,92,15,14,1
0,92,13,14,1
0,92,11,14,1
0,92,9,14,1
0,92,10,10,1
0,92,12,10,1
0,92,14,10,1
0,92,16,10,1
0,92,18,10,1
0,91,15,15,1
0,89,15,15,1
0,88,15,14,1
0,90,15,14,1
0,88,13,14,1
0,88,11,14,1
0,88,9,14,1
0,90,9,14,1
0,90,11,14,1
0,90,13,14,1
0,88,14,10,1
0,90,12,10,1
0,88,12,10,1
0,88,10,10,1
0,90,10,10,1
0,89,9,15,1
0,91,9,15,1
0,89,11,15,1
0,91,11,15,1
0,89,13,15,1
0,91,13,15,1
0,90,14,10,1
0,89,14,11,1
0,91,14,11,1
0,91,12,11,1
0,89,12,11,1
0,89,10,11,1
0,91,10,11,1
death,70,27,3,1
death,71,27,3,1
death,72,27,3,1
death,73,27,3,1
death,74,27,3,1
death,75,27,3,1
death,76,27,3,1
death,77,27,3,1
death,78,27,3,1
death,79,27,3,1
death,80,27,3,1
death,81,27,3,1
death,82,27,3,1
death,83,27,3,1
death,84,27,3,1
death,85,27,3,1
death,86,27,3,1
death,87,27,3,1
death,88,27,3,1
death,89,27,3,1
death,90,27,3,1
death,91,27,3,1
death,92,27,3,1
death,93,27,3,1
death,94,27,3,1
death,95,27,3,1
death,96,27,3,1
death,97,27,3,1
death,98,27,3,1
death,99,27,3,1
0,70,28,7,1
0,71,28,7,1
0,72,28,7,1
0,73,28,7,1
0,74,28,7,1
0,75,28,7,1
0,76,28,7,1
0,77,28,7,1
0,78,28,7,1
0,79,28,7,1
0,80,28,7,1
0,81,28,7,1
0,82,28,7,1
0,83,28,7,1
0,84,28,7,1
0,85,28,7,1
0,86,28,7,1
0,87,28,7,1
0,88,28,7,1
0,89,28,7,1
0,90,28,7,1
0,91,28,7,1
0,92,28,7,1
0,93,28,7,1
0,94,28,7,1
0,95,28,7,1
0,96,28,7,1
0,97,28,7,1
0,98,28,7,1
0,99,28,7,1
5,99,20,13,1
3,101,20,13,1
3,103,20,13,1
5,104,20,12,1
3,102,20,12,1
3,100,20,12,1
0,104,19,15,1
0,102,19,15,1
0,100,19,15,1
0,101,19,14,1
0,103,19,14,1
0,103,18,10,1
5,99,18,8,1
4,99,19,14,1
1,100,18,9,1
1,102,18,9,1
1,101,18,8,1
4,103,17,14,1
5,103,16,8,1
1,104,16,9,1
5,105,16,4,1
5,106,16,4,1
5,107,16,4,1
5,108,16,4,1
5,109,16,4,1
5,110,16,4,1
2,104,17,15,1
0,70,24,0,1
0,70,25,0,1
0,70,26,0,1
0,71,24,0,1
0,71,25,0,1
0,71,26,0,1
0,72,24,0,1
0,72,25,0,1
0,72,26,0,1
0,73,24,0,1
0,73,25,0,1
0,73,26,0,1
0,74,24,0,1
0,74,25,0,1
0,74,26,0,1
0,75,24,0,1
0,75,25,0,1
0,75,26,0,1
0,76,24,0,1
0,76,25,0,1
0,76,26,0,1
0,77,24,0,1
0,77,25,0,1
0,77,26,0,1
0,78,24,0,1
0,78,25,0,1
0,78,26,0,1
0,79,24,0,1
0,79,25,0,1
0,79,26,0,1
0,80,24,0,1
0,80,25,0,1
0,80,26,0,1
0,81,24,0,1
0,81,25,0,1
0,81,26,0,1
0,82,24,0,1
0,82,25,0,1
0,82,26,0,1
0,98,9,0,1
0,98,10,0,1
0,98,11,0,1
0,98,12,0,1
0,98,13,0,1
0,98,14,0,1
0,98,15,0,1
0,98,16,0,1
0,98,17,0,1
0,99,9,0,1
0,99,10,0,1
0,99,11,0,1
0,99,12,0,1
0,99,13,0,1
0,99,14,0,1
0,99,15,0,1
0,99,16,0,1
0,99,17,0,1
0,100,9,0,1
0,100,10,0,1
0,100,11,0,1
0,100,12,0,1
0,100,13,0,1
0,100,14,0,1
0,100,15,0,1
0,100,16,0,1
0,100,17,0,1
0,101,9,0,1
0,101,10,0,1
0,101,11,0,1
0,101,12,0,1
0,101,13,0,1
0,101,14,0,1
0,101,15,0,1
0,101,16,0,1
0,101,17,0,1
0,102,9,0,1
0,102,10,0,1
0,102,11,0,1
0,102,12,0,1
0,102,13,0,1
0,102,14,0,1
0,102,15,0,1
0,102,16,0,1
0,102,17,0,1
0,83,22,0,1
0,83,23,0,1
0,83,24,0,1
0,83,25,0,1
0,83,26,0,1
0,84,22,0,1
0,84,23,0,1
0,84,24,0,1
0,84,25,0,1
0,84,26,0,1
0,85,22,0,1
0,85,23,0,1
0,85,24,0,1
0,85,25,0,1
0,85,26,0,1
0,86,22,0,1
0,86,23,0,1
0,86,24,0,1
0,86,25,0,1
0,86,26,0,1
0,87,22,0,1
0,87,23,0,1
0,87,24,0,1
0,87,25,0,1
0,87,26,0,1
0,88,22,0,1
0,88,23,0,1
0,88,24,0,1
0,88,25,0,1
0,88,26,0,1
0,89,22,0,1
0,89,23,0,1
0,89,24,0,1
0,89,25,0,1
0,89,26,0,1
0,90,22,0,1
0,90,23,0,1
0,90,24,0,1
0,90,25,0,1
0,90,26,0,1
0,91,22,0,1
0,91,23,0,1
0,91,24,0,1
0,91,25,0,1
0,91,26,0,1
0,92,22,0,1
0,92,23,0,1
0,92,24,0,1
0,92,25,0,1
0,92,26,0,1
0,93,22,0,1
0,93,23,0,1
0,93,24,0,1
0,93,25,0,1
0,93,26,0,1
0,94,22,0,1
0,94,23,0,1
0,94,24,0,1
0,94,25,0,1
0,94,26,0,1
0,95,22,0,1
0,95,23,0,1
0,95,24,0,1
0,95,25,0,1
0,95,26,0,1
0,96,22,0,1
0,96,23,0,1
0,96,24,0,1
0,96,25,0,1
0,96,26,0,1
0,97,22,0,1
0,97,23,0,1
0,97,24,0,1
0,97,25,0,1
0,97,26,0,1
0,98,22,0,1
0,98,23,0,1
0,98,24,0,1
0,98,25,0,1
0,98,26,0,1
0,99,22,0,1
0,99,23,0,1
0,99,24,0,1
0,99,25,0,1
0,99,26,0,1
0,100,22,0,1
0,100,23,0,1
0,100,24,0,1
0,100,25,0,1
0,100,26,0,1
0,101,22,0,1
0,101,23,0,1
0,101,24,0,1
0,101,25,0,1
0,101,26,0,1
0,102,22,0,1
0,102,23,0,1
0,102,24,0,1
0,102,25,0,1
0,102,26,0,1
0,103,22,0,1
0,103,23,0,1
0,103,24,0,1
0,103,25,0,1
0,103,26,0,1
0,104,22,0,1
0,104,23,0,1
0,104,24,0,1
0,104,25,0,1
0,104,26,0,1
0,83,21,1,1
0,84,21,1,1
0,85,21,1,1
0,86,21,1,1
0,87,21,1,1
0,88,21,1,1
0,89,21,1,1
0,90,21,1,1
0,91,21,1,1
0,92,21,1,1
0,93,21,1,1
0,94,21,1,1
0,95,21,1,1
0,96,21,1,1
0,97,21,1,1
0,70,23,1,1
0,71,23,1,1
0,72,23,1,1
0,73,23,1,1
0,74,23,1,1
0,75,23,1,1
0,76,23,1,1
0,77,23,1,1
0,78,23,1,1
0,79,23,1,1
0,80,23,1,1
0,81,23,1,1
0,82,23,1,1
0,99,21,1,1
0,100,21,1,1
0,101,21,1,1
0,102,21,1,1
0,103,21,1,1
0,104,21,1,1
0,105,20,1,1
0,107,20,1,1
0,108,20,1,1
0,105,21,0,1
0,105,22,0,1
0,105,23,0,1
0,105,24,0,1
0,105,25,0,1
0,105,26,0,1
0,106,22,0,1
0,106,23,0,1
0,106,24,0,1
0,106,25,0,1
0,106,26,0,1
0,106,21,0,1
8,106,20,0,1
9,106,19,0,1
5,105,19,4,1
5,107,19,4,1
5,108,19,4,1
2,104,18,11,1
5,109,19,5,1
5,109,20,5,1
5,109,21,5,1
5,109,22,5,1
5,109,23,5,1
5,109,24,5,1
5,109,25,5,1
5,109,26,5,1
5,109,27,5,1
5,109,28,5,1
5,109,29,5,1
0,107,21,0,1
0,107,22,0,1
0,107,23,0,1
0,107,24,0,1
0,107,25,0,1
0,107,26,0,1
0,108,21,0,1
0,108,22,0,1
0,108,23,0,1
0,108,24,0,1
0,108,25,0,1
0,108,26,0,1
0,105,18,0,1
0,106,18,0,1
0,107,18,0,1
0,108,18,0,1
0,109,18,0,1
0,110,18,0,1
0,105,17,1,1
0,106,17,1,1
0,107,17,1,1
0,108,17,1,1
0,109,17,1,1
0,110,17,1,1
5,111,16,5,1
5,111,17,5,1
5,111,18,5,1
5,111,19,5,1
5,111,20,5,1
5,111,21,5,1
5,111,22,5,1
5,111,23,5,1
5,111,24,5,1
5,111,25,5,1
5,111,26,5,1
5,111,27,5,1
5,111,28,5,1
5,111,29,5,1
5,111,30,5,1
0,103,9,0,1
0,103,10,0,1
0,103,11,0,1
0,103,12,0,1
0,103,13,0,1
0,103,14,0,1
0,103,15,0,1
0,104,9,0,1
0,104,10,0,1
0,104,11,0,1
0,104,12,0,1
0,104,13,0,1
0,104,14,0,1
0,104,15,0,1
0,105,9,0,1
0,105,10,0,1
0,105,11,0,1
0,105,12,0,1
0,105,13,0,1
0,105,14,0,1
0,105,15,0,1
0,106,9,0,1
0,106,10,0,1
0,106,11,0,1
0,106,12,0,1
0,106,13,0,1
0,106,14,0,1
0,106,15,0,1
0,107,9,0,1
0,107,10,0,1
0,107,11,0,1
0,107,12,0,1
0,107,13,0,1
0,107,14,0,1
0,107,15,0,1
0,108,9,0,1
0,108,10,0,1
0,108,11,0,1
0,108,12,0,1
0,108,13,0,1
0,108,14,0,1
0,108,15,0,1
0,109,9,0,1
0,109,10,0,1
0,109,11,0,1
0,109,12,0,1
0,109,13,0,1
0,109,14,0,1
0,109,15,0,1
0,110,9,0,1
0,110,10,0,1
0,110,11,0,1
0,110,12,0,1
0,110,13,0,1
0,110,14,0,1
0,110,15,0,1
0,111,9,0,1
0,111,10,0,1
0,111,11,0,1
0,111,12,0,1
0,111,13,0,1
0,111,14,0,1
0,111,15,0,1
0,112,9,0,1
0,112,10,0,1
0,112,11,0,1
0,112,12,0,1
0,112,13,0,1
0,112,14,0,1
0,112,15,0,1
9,112,16,0,1
8,112,17,0,1
8,112,18,0,1
8,112,19,0,1
8,112,20,0,1
8,112,21,0,1
8,112,22,0,1
8,112,23,0,1
8,112,24,0,1
8,112,25,0,1
8,112,26,0,1
8,112,27,0,1
8,112,28,0,1
8,112,29,0,1
8,112,30,0,1
0,48,26,10,1
0,48,28,10,1
0,48,30,10,1
0,50,26,10,1
0,50,28,10,1
0,50,30,10,1
0,52,28,10,1
0,52,30,10,1
0,54,28,10,1
0,54,30,10,1
0,49,26,11,1
0,49,28,11,1
0,49,30,11,1
0,51,26,11,1
0,51,28,11,1
0,51,30,11,1
0,53,28,11,1
0,53,30,11,1
0,55,28,11,1
0,55,30,11,1
0,48,27,14,1
0,48,29,14,1
0,50,29,14,1
0,50,27,14,1
0,52,27,14,1
0,52,29,14,1
0,54,29,14,1
0,54,27,14,1
0,53,27,15,1
0,55,27,15,1
0,55,29,15,1
0,53,29,15,1
0,51,29,15,1
0,51,27,15,1
0,49,27,15,1
0,49,29,15,1
death,100,27,3,1
death,101,27,3,1
death,102,27,3,1
death,103,27,3,1
death,104,27,3,1
death,105,27,3,1
death,106,27,3,1
death,107,27,3,1
death,108,27,3,1
0,100,28,7,1
0,101,28,7,1
0,102,28,7,1
0,103,28,7,1
0,104,28,7,1
0,105,28,7,1
0,106,28,7,1
0,107,28,7,1
0,108,28,7,1
4,113,9,10,1
4,113,11,10,1
4,113,13,10,1
4,113,15,10,1
4,113,17,10,1
4,113,19,10,1
4,113,23,10,1
4,113,25,10,1
4,113,27,10,1
4,113,29,10,1
4,113,16,14,1
4,113,14,14,1
4,113,12,14,1
4,113,10,14,1
4,113,18,14,1
4,113,20,14,1
4,113,21,10,1
4,113,22,14,1
4,113,24,14,1
4,113,26,14,1
4,113,28,14,1
4,113,30,14,1
3,98,8,0,1
3,99,8,0,1
3,100,8,0,1
3,101,8,0,1
3,102,8,0,1
3,103,8,0,1
3,104,8,0,1
3,105,8,0,1
3,106,8,0,1
3,107,8,0,1
3,108,8,0,1
3,109,8,0,1
3,110,8,0,1
3,111,8,0,1
3,112,8,0,1
3,22,9,0,1
3,23,9,0,1
3,24,9,0,1
3,25,9,0,1
3,26,9,0,1
3,27,9,0,1
3,28,9,0,1
3,29,9,0,1
3,30,9,0,1
3,31,9,0,1
3,32,9,0,1
3,33,9,0,1
3,34,9,0,1
3,35,9,0,1
3,36,9,0,1
3,37,9,0,1
3,38,9,0,1
3,39,9,0,1
3,40,9,0,1
3,41,9,0,1
3,42,9,0,1
3,43,9,0,1
3,44,9,0,1
3,45,9,0,1
3,46,9,0,1
3,47,9,0,1
3,48,9,0,1
3,49,9,0,1
3,50,9,0,1
3,51,9,0,1
3,52,9,0,1
3,53,9,0,1
3,54,9,0,1
3,55,9,0,1
3,56,9,0,1
3,57,9,0,1
3,58,9,0,1
3,59,9,0,1
3,60,9,0,1
3,61,9,0,1
3,62,9,0,1
3,63,9,0,1
3,64,9,0,1
3,65,9,0,1
0,114,16,15,1
0,114,14,15,1
0,114,12,15,1
0,114,10,15,1
0,114,11,11,1
0,114,9,11,1
0,114,13,11,1
0,114,15,11,1
0,114,18,11,1
0,114,20,11,1
0,114,22,11,1
0,114,24,11,1
0,114,26,11,1
0,114,28,11,1
0,114,30,11,1
0,114,29,15,1
0,114,27,15,1
0,114,25,15,1
0,114,23,15,1
0,114,21,15,1
0,114,19,15,1
0,114,17,15,1
9,110,19,0,1
8,110,20,0,1
8,110,21,0,1
8,110,22,0,1
8,110,23,0,1
8,110,24,0,1
8,110,25,0,1
8,110,26,0,1
8,110,27,0,1
8,110,28,0,1
8,110,29,0,1
8,110,30,0,1
8,110,31,0,1
8,110,32,0,1
8,110,33,0,1
8,110,34,0,1
8,112,31,0,1
8,112,32,0,1
8,112,33,0,1
8,112,34,0,1
5,109,30,4,1
3,108,30,4,1
3,101,30,4,1
3,102,30,4,1
3,103,30,4,1
3,104,30,4,1
3,105,30,4,1
3,106,30,4,1
3,107,30,4,1
0,100,30,11,1
0,99,30,10,1
0,99,31,14,1
2,100,31,15,1
2,100,32,11,1
2,100,34,11,1
2,100,36,11,1
2,100,38,11,1
2,100,40,11,1
2,100,39,15,1
2,100,37,15,1
2,100,35,15,1
2,100,33,15,1
0,99,32,10,1
0,99,34,10,1
0,99,36,10,1
0,99,38,10,1
0,99,40,10,1
0,99,39,14,1
0,99,37,14,1
0,99,35,14,1
0,99,33,14,1
5,31,19,9,1
