5,110,35,4,1
8,110,34,0,1
8,110,26,0,1
8,110,27,0,1
8,110,28,0,1
8,110,29,0,1
8,110,30,0,1
8,110,31,0,1
8,110,32,0,1
8,110,33,0,1
8,112,32,0,1
8,112,33,0,1
8,112,34,0,1
8,112,35,0,1
8,112,36,0,1
8,112,37,0,1
8,112,38,0,1
8,112,39,0,1
8,112,40,0,1
8,112,41,0,1
8,112,42,0,1
8,112,43,0,1
8,112,26,0,1
8,112,27,0,1
8,112,28,0,1
8,112,29,0,1
8,112,30,0,1
8,112,31,0,1
5,111,26,5,1
5,111,27,5,1
5,111,28,5,1
5,111,29,5,1
5,111,30,5,1
5,111,31,5,1
5,111,32,5,1
5,111,33,5,1
5,111,34,5,1
5,111,35,5,1
5,111,36,5,1
5,109,30,4,1
3,108,30,4,1
2,109,20,5,1
2,109,21,5,1
2,109,22,5,1
2,109,23,5,1
2,109,24,5,1
2,109,25,5,1
2,109,26,5,1
2,109,27,5,1
2,109,28,5,1
2,109,29,5,1
3,101,30,4,1
3,102,30,4,1
3,103,30,4,1
3,104,30,4,1
3,105,30,4,1
3,106,30,4,1
3,107,30,4,1
0,100,30,11,1
2,100,31,15,1
2,100,33,15,1
2,100,35,15,1
2,100,37,15,1
2,100,39,15,1
2,100,41,15,1
2,100,43,15,1
2,100,42,11,1
2,100,40,11,1
2,100,38,11,1
2,100,36,11,1
2,100,34,11,1
2,100,32,11,1
0,99,30,10,1
0,99,32,10,1
0,99,34,10,1
0,99,36,10,1
0,99,38,10,1
0,99,40,10,1
0,99,42,10,1
0,99,43,14,1
0,99,41,14,1
0,99,39,14,1
0,99,37,14,1
0,99,35,14,1
0,99,33,14,1
0,99,31,14,1
5,109,35,4,1
5,107,35,4,1
5,108,35,4,1
5,106,35,4,1
5,105,35,4,1
5,104,35,4,1
5,103,35,4,1
9,102,35,0,1
8,102,36,0,1
8,102,37,0,1
8,102,38,0,1
5,101,39,4,1
5,102,39,4,1
5,103,39,4,1
5,104,39,4,1
5,105,39,4,1
5,106,39,4,1
5,107,39,4,1
5,108,39,4,1
9,109,39,0,1
8,109,40,0,1
8,109,41,0,1
8,109,42,0,1
5,111,37,5,1
5,111,38,5,1
5,111,39,5,1
5,111,40,5,1
5,111,41,5,1
5,111,42,5,1
5,111,43,5,1
5,111,44,5,1
5,111,45,5,1
5,103,43,4,1
5,104,43,4,1
5,105,43,4,1
5,106,43,4,1
5,107,43,4,1
5,108,43,4,1
5,109,43,4,1
5,110,43,4,1
5,102,43,5,1
9,101,43,0,1
8,101,44,0,1
8,101,45,0,1
8,101,46,0,1
8,101,47,0,1
8,101,48,0,1
8,101,49,0,1
8,101,50,0,1
8,101,51,0,1
8,101,52,0,1
0,111,46,1,1
0,103,44,1,1
0,104,44,1,1
0,105,44,1,1
0,106,44,1,1
0,107,44,1,1
0,108,44,1,1
0,109,44,1,1
0,110,44,1,1
0,103,45,0,1
0,103,46,0,1
0,103,47,0,1
0,103,48,0,1
0,103,49,0,1
0,103,50,0,1
0,104,45,0,1
0,104,46,0,1
0,104,47,0,1
0,104,48,0,1
0,104,49,0,1
0,104,50,0,1
0,105,45,0,1
0,105,46,0,1
0,105,47,0,1
0,105,48,0,1
0,105,49,0,1
0,105,50,0,1
0,106,45,0,1
0,106,46,0,1
0,106,47,0,1
0,106,48,0,1
0,106,49,0,1
0,106,50,0,1
0,107,45,0,1
0,107,46,0,1
0,107,47,0,1
0,107,48,0,1
0,107,49,0,1
0,107,50,0,1
0,108,45,0,1
0,108,46,0,1
0,108,47,0,1
0,108,48,0,1
0,108,49,0,1
0,108,50,0,1
0,109,45,0,1
0,109,46,0,1
0,109,47,0,1
0,109,48,0,1
0,109,49,0,1
0,109,50,0,1
0,110,45,0,1
0,110,46,0,1
0,110,47,0,1
0,110,48,0,1
0,110,49,0,1
0,110,50,0,1
0,111,47,0,1
0,111,48,0,1
0,111,49,0,1
0,111,50,0,1
5,102,44,5,1
5,102,45,5,1
5,102,46,5,1
5,102,47,5,1
5,102,48,5,1
5,102,49,5,1
5,102,50,5,1
0,114,26,11,1
0,114,28,11,1
0,114,30,11,1
0,114,32,11,1
0,114,34,11,1
0,114,36,11,1
0,114,38,11,1
0,114,40,11,1
0,114,42,11,1
0,114,44,11,1
0,114,46,11,1
0,114,48,11,1
0,114,47,15,1
0,114,45,15,1
0,114,43,15,1
0,114,41,15,1
0,114,39,15,1
0,114,37,15,1
0,114,35,15,1
0,114,33,15,1
0,114,31,15,1
0,114,29,15,1
0,114,27,15,1
4,113,26,10,1
4,113,28,10,1
4,113,30,10,1
4,113,32,10,1
4,113,34,10,1
4,113,36,10,1
4,113,38,10,1
4,113,40,10,1
4,113,42,10,1
4,113,44,10,1
4,113,46,10,1
4,113,48,10,1
4,113,27,14,1
4,113,29,14,1
4,113,31,14,1
4,113,33,14,1
4,113,35,14,1
4,113,37,14,1
4,113,39,14,1
4,113,41,14,1
4,113,43,14,1
4,113,45,14,1
4,113,47,14,1
8,112,44,0,1
8,112,45,0,1
8,112,46,0,1
8,112,47,0,1
8,112,48,0,1
0,101,41,0,1
0,101,42,0,1
0,102,41,0,1
0,102,42,0,1
0,103,41,0,1
0,103,42,0,1
0,104,41,0,1
0,104,42,0,1
0,105,41,0,1
0,105,42,0,1
0,106,41,0,1
0,106,42,0,1
0,107,41,0,1
0,107,42,0,1
0,108,41,0,1
0,108,42,0,1
0,102,40,1,1
0,103,40,1,1
0,104,40,1,1
0,105,40,1,1
0,106,40,1,1
0,107,40,1,1
0,108,40,1,1
0,101,40,1,1
0,103,36,1,1
0,104,36,1,1
0,105,36,1,1
0,106,36,1,1
0,107,36,1,1
0,108,36,1,1
0,109,36,1,1
0,110,36,1,1
0,101,31,1,1
0,102,31,1,1
0,103,31,1,1
0,104,31,1,1
0,105,31,1,1
0,106,31,1,1
0,107,31,1,1
0,108,31,1,1
0,109,31,1,1
0,101,32,0,1
0,101,33,0,1
0,101,34,0,1
0,102,32,0,1
0,102,33,0,1
0,102,34,0,1
0,103,32,0,1
0,103,33,0,1
0,103,34,0,1
0,104,32,0,1
0,104,33,0,1
0,104,34,0,1
0,105,32,0,1
0,105,33,0,1
0,105,34,0,1
0,106,32,0,1
0,106,33,0,1
0,106,34,0,1
0,107,32,0,1
0,107,33,0,1
0,107,34,0,1
0,108,32,0,1
0,108,33,0,1
0,108,34,0,1
0,109,32,0,1
0,109,33,0,1
0,109,34,0,1
0,101,35,0,1
0,101,36,0,1
0,101,37,0,1
0,101,38,0,1
0,103,37,0,1
0,103,38,0,1
0,104,37,0,1
0,104,38,0,1
0,105,37,0,1
0,105,38,0,1
0,106,37,0,1
0,106,38,0,1
0,107,37,0,1
0,107,38,0,1
0,108,37,0,1
0,108,38,0,1
0,109,37,0,1
0,109,38,0,1
0,110,37,0,1
0,110,38,0,1
0,110,39,0,1
0,110,40,0,1
0,110,41,0,1
0,110,42,0,1
0,100,44,11,1
0,100,46,11,1
0,100,48,11,1
0,100,50,11,1
0,100,45,15,1
0,100,47,15,1
0,100,49,15,1
0,99,44,10,1
0,99,46,10,1
0,99,48,10,1
0,99,50,10,1
0,99,49,14,1
0,99,47,14,1
0,99,45,14,1
