8,112,41,0,1
8,112,42,0,1
8,112,43,0,1
2,100,41,15,1
2,100,43,15,1
2,100,42,11,1
0,99,42,10,1
0,99,43,14,1
0,99,41,14,1
8,109,41,0,1
8,109,42,0,1
5,111,41,5,1
5,111,42,5,1
5,111,43,5,1
5,111,44,5,1
5,111,45,5,1
5,103,43,4,1
5,104,43,4,1
5,105,43,4,1
5,106,43,4,1
5,107,43,4,1
5,108,43,4,1
5,109,43,4,1
5,110,43,4,1
5,102,43,5,1
9,101,43,0,1
8,101,44,0,1
8,101,45,0,1
8,101,46,0,1
8,101,47,0,1
8,101,48,0,1
8,101,49,0,1
8,101,50,0,1
8,101,51,0,1
8,101,52,0,1
0,111,46,1,1
0,103,44,1,1
0,104,44,1,1
0,105,44,1,1
0,106,44,1,1
0,107,44,1,1
0,108,44,1,1
0,109,44,1,1
0,110,44,1,1
0,103,45,0,1
0,103,46,0,1
0,103,47,0,1
0,103,48,0,1
0,103,49,0,1
0,103,50,0,1
0,104,45,0,1
0,104,46,0,1
0,104,47,0,1
0,104,48,0,1
0,105,45,0,1
0,105,46,0,1
0,105,47,0,1
0,105,48,0,1
0,106,45,0,1
0,106,46,0,1
0,106,47,0,1
0,106,48,0,1
0,107,45,0,1
0,107,46,0,1
0,107,47,0,1
0,107,48,0,1
0,108,45,0,1
0,108,46,0,1
0,108,47,0,1
0,108,48,0,1
0,109,45,0,1
0,109,46,0,1
0,109,47,0,1
0,109,48,0,1
0,110,45,0,1
0,110,46,0,1
0,110,47,0,1
0,110,48,0,1
0,111,47,0,1
0,111,48,0,1
5,102,44,5,1
5,102,45,5,1
5,102,46,5,1
5,102,47,5,1
5,102,48,5,1
5,102,49,5,1
5,102,50,5,1
0,114,42,11,1
0,114,44,11,1
0,114,46,11,1
0,114,48,11,1
0,114,47,15,1
0,114,45,15,1
0,114,43,15,1
0,114,41,15,1
4,113,42,10,1
4,113,44,10,1
4,113,46,10,1
4,113,48,10,1
4,113,41,14,1
4,113,43,14,1
4,113,45,14,1
4,113,47,14,1
8,112,44,0,1
8,112,45,0,1
8,112,46,0,1
8,112,47,0,1
8,112,48,0,1
0,101,41,0,1
0,101,42,0,1
0,102,41,0,1
0,102,42,0,1
0,103,41,0,1
0,103,42,0,1
0,104,41,0,1
0,104,42,0,1
0,105,41,0,1
0,105,42,0,1
0,106,41,0,1
0,106,42,0,1
0,107,41,0,1
0,107,42,0,1
0,108,41,0,1
0,108,42,0,1
0,110,41,0,1
0,110,42,0,1
0,99,44,10,1
0,99,46,10,1
0,99,48,10,1
0,99,50,10,1
0,99,49,14,1
0,99,47,14,1
0,99,45,14,1
5,112,49,4,1
5,111,49,4,1
5,110,49,4,1
5,109,49,4,1
5,108,49,4,1
5,107,49,4,1
5,106,49,4,1
5,105,49,4,1
9,104,49,0,1
8,104,50,0,1
8,104,51,0,1
8,104,52,0,1
0,113,49,14,1
0,114,49,15,1
0,114,51,15,1
0,114,53,15,1
0,114,55,15,1
0,114,57,15,1
0,114,59,15,1
0,114,60,11,1
0,114,58,11,1
0,114,56,11,1
0,114,54,11,1
0,114,52,11,1
0,114,50,11,1
0,105,50,1,1
0,106,50,1,1
0,107,50,1,1
0,108,50,1,1
0,109,50,1,1
0,110,50,1,1
0,111,50,1,1
0,112,50,1,1
5,102,51,5,1
5,102,52,5,1
5,102,53,5,1
5,103,53,4,1
5,104,53,4,1
5,105,53,4,1
5,106,53,4,1
5,107,53,4,1
5,108,53,4,1
5,109,53,4,1
5,110,53,5,1
5,110,54,5,1
5,110,55,5,1
5,110,56,5,1
5,110,57,5,1
9,111,53,0,1
8,111,54,0,1
8,111,55,0,1
8,111,56,0,1
8,111,57,0,1
8,111,58,0,1
8,111,59,0,1
8,111,60,0,1
8,111,61,0,1
5,110,58,5,1
5,110,59,5,1
0,102,54,1,1
0,103,54,1,1
0,104,54,1,1
0,105,54,1,1
0,106,54,1,1
0,107,54,1,1
0,108,54,1,1
0,109,54,1,1
0,102,55,0,1
0,103,55,0,1
0,104,55,0,1
0,105,55,0,1
0,106,55,0,1
0,107,55,0,1
0,108,55,0,1
0,109,55,0,1
5,102,56,4,1
5,103,56,4,1
5,104,56,4,1
5,105,56,4,1
5,106,56,4,1
5,107,56,4,1
5,108,56,4,1
5,109,56,4,1
0,102,57,1,1
0,103,57,1,1
0,104,57,1,1
0,105,57,1,1
0,106,57,1,1
0,107,57,1,1
0,108,57,1,1
0,109,57,1,1
0,102,58,0,1
0,103,58,0,1
0,104,58,0,1
0,105,58,0,1
0,106,58,0,1
0,107,58,0,1
0,108,58,0,1
0,109,58,0,1
5,102,59,4,1
5,103,59,4,1
5,104,59,4,1
5,105,59,4,1
5,106,59,4,1
5,107,59,4,1
5,108,59,4,1
5,109,59,4,1
8,101,53,0,1
8,101,54,0,1
8,101,55,0,1
8,101,56,0,1
8,101,57,0,1
8,101,58,0,1
8,101,59,0,1
8,101,60,0,1
8,101,61,0,1
2,100,44,11,1
2,100,46,11,1
2,100,48,11,1
2,100,50,11,1
2,100,52,11,1
2,100,54,11,1
2,100,56,11,1
2,100,58,11,1
2,100,60,11,1
2,100,62,11,1
2,100,64,11,1
2,100,66,11,1
2,100,68,11,1
2,100,45,15,1
2,100,47,15,1
2,100,49,15,1
2,100,51,15,1
2,100,53,15,1
2,100,55,15,1
2,100,57,15,1
2,100,59,15,1
2,100,61,15,1
2,100,63,15,1
2,100,65,15,1
2,100,67,15,1
2,100,69,15,1
0,99,51,14,1
0,99,53,14,1
0,99,55,14,1
0,99,57,14,1
0,99,59,14,1
0,99,61,14,1
0,99,63,14,1
0,99,65,14,1
0,99,69,14,1
0,99,52,10,1
0,99,54,10,1
0,99,56,10,1
0,99,58,10,1
0,99,60,10,1
0,99,62,10,1
0,99,64,10,1
0,99,66,10,1
0,99,68,10,1
0,99,67,14,1
0,105,51,0,1
0,105,52,0,1
0,106,51,0,1
0,106,52,0,1
0,107,51,0,1
0,107,52,0,1
0,108,51,0,1
0,108,52,0,1
0,109,51,0,1
0,109,52,0,1
0,110,51,0,1
0,110,52,0,1
0,111,51,0,1
0,111,52,0,1
0,112,51,0,1
0,112,52,0,1
0,103,51,0,1
0,103,52,0,1
0,112,53,0,1
0,112,54,0,1
0,112,55,0,1
0,112,56,0,1
0,112,57,0,1
0,112,58,0,1
0,112,59,0,1
0,112,60,0,1
0,102,61,0,1
0,102,62,0,1
0,102,63,0,1
0,102,64,0,1
0,102,65,0,1
0,102,66,0,1
0,102,67,0,1
0,103,61,0,1
0,103,62,0,1
0,103,63,0,1
0,103,64,0,1
0,103,65,0,1
0,103,66,0,1
0,103,67,0,1
0,104,61,0,1
0,104,62,0,1
0,104,63,0,1
0,104,64,0,1
0,104,65,0,1
0,104,66,0,1
0,104,67,0,1
0,105,61,0,1
0,105,62,0,1
0,105,63,0,1
0,105,64,0,1
0,105,65,0,1
0,105,66,0,1
0,105,67,0,1
0,106,61,0,1
0,106,62,0,1
0,106,63,0,1
0,106,64,0,1
0,106,65,0,1
0,106,66,0,1
0,106,67,0,1
0,107,61,0,1
0,107,62,0,1
0,107,63,0,1
0,107,64,0,1
0,107,65,0,1
0,107,66,0,1
0,107,67,0,1
0,108,61,0,1
0,108,62,0,1
0,108,63,0,1
0,108,64,0,1
0,108,65,0,1
0,108,66,0,1
0,108,67,0,1
0,109,61,0,1
0,109,62,0,1
0,109,63,0,1
0,109,64,0,1
0,109,65,0,1
0,109,66,0,1
0,109,67,0,1
0,110,61,0,1
0,110,62,0,1
0,110,63,0,1
0,110,64,0,1
0,110,65,0,1
0,110,66,0,1
0,110,67,0,1
0,102,60,1,1
0,103,60,1,1
0,104,60,1,1
0,105,60,1,1
0,106,60,1,1
0,107,60,1,1
0,108,60,1,1
0,109,60,1,1
0,110,60,1,1
0,112,61,0,1
0,112,62,0,1
0,112,63,0,1
0,112,64,0,1
0,112,65,0,1
0,112,66,0,1
0,112,67,0,1
0,111,62,0,1
0,111,63,0,1
0,111,64,0,1
0,111,65,0,1
0,111,66,0,1
0,111,67,0,1
0,101,62,0,1
0,101,63,0,1
0,101,64,0,1
0,101,65,0,1
0,101,66,0,1
0,101,67,0,1
4,113,50,10,1
4,113,53,10,1
4,113,55,10,1
4,113,57,10,1
4,113,59,10,1
4,113,51,14,1
4,113,52,10,1
4,113,54,14,1
4,113,56,14,1
4,113,58,14,1
4,113,60,14,1
4,113,62,14,1
4,113,64,14,1
4,113,68,14,1
4,113,67,10,1
4,113,65,10,1
4,113,66,14,1
4,113,63,10,1
4,113,61,10,1
0,114,61,15,1
0,114,65,15,1
0,114,67,15,1
0,114,63,15,1
0,114,62,11,1
0,114,64,11,1
0,114,66,11,1
0,114,68,11,1
