0,114,55,15,1
0,114,57,15,1
0,114,59,15,1
0,114,60,11,1
0,114,58,11,1
0,114,56,11,1
5,110,55,5,1
5,110,56,5,1
5,110,57,5,1
8,111,55,0,1
8,111,56,0,1
8,111,57,0,1
8,111,58,0,1
8,111,59,0,1
8,111,60,0,1
8,111,61,0,1
5,110,58,5,1
5,110,59,5,1
0,102,55,0,1
0,103,55,0,1
0,104,55,0,1
0,105,55,0,1
0,106,55,0,1
0,107,55,0,1
0,108,55,0,1
0,109,55,0,1
5,102,56,4,1
5,103,56,4,1
5,104,56,4,1
5,105,56,4,1
5,106,56,4,1
5,107,56,4,1
5,108,56,4,1
5,109,56,4,1
0,102,57,1,1
0,103,57,1,1
0,104,57,1,1
0,105,57,1,1
0,106,57,1,1
0,107,57,1,1
0,108,57,1,1
0,109,57,1,1
0,102,58,0,1
0,103,58,0,1
0,104,58,0,1
0,105,58,0,1
0,106,58,0,1
0,107,58,0,1
0,108,58,0,1
0,109,58,0,1
5,102,59,4,1
5,103,59,4,1
5,104,59,4,1
5,105,59,4,1
5,106,59,4,1
5,107,59,4,1
5,108,59,4,1
5,109,59,4,1
8,101,55,0,1
8,101,56,0,1
8,101,57,0,1
8,101,58,0,1
8,101,59,0,1
8,101,60,0,1
8,101,61,0,1
2,100,56,11,1
2,100,58,11,1
2,100,60,11,1
2,100,62,11,1
2,100,64,11,1
2,100,66,11,1
2,100,68,11,1
2,100,55,15,1
2,100,57,15,1
2,100,59,15,1
2,100,61,15,1
2,100,63,15,1
2,100,65,15,1
2,100,67,15,1
2,100,69,15,1
0,99,55,14,1
0,99,57,14,1
0,99,59,14,1
0,99,61,14,1
0,99,63,14,1
0,99,65,14,1
0,99,69,14,1
0,99,56,10,1
0,99,58,10,1
0,99,60,10,1
0,99,62,10,1
0,99,64,10,1
0,99,66,10,1
0,99,68,10,1
0,99,67,14,1
0,112,55,0,1
0,112,56,0,1
0,112,57,0,1
0,112,58,0,1
0,112,59,0,1
0,112,60,0,1
0,102,61,0,1
0,102,62,0,1
0,102,63,0,1
0,102,64,0,1
0,102,65,0,1
0,102,66,0,1
0,102,67,0,1
0,103,61,0,1
0,103,62,0,1
0,103,63,0,1
0,103,64,0,1
0,103,65,0,1
0,103,66,0,1
0,103,67,0,1
0,104,61,0,1
0,104,62,0,1
0,104,63,0,1
0,104,64,0,1
0,104,65,0,1
0,104,66,0,1
0,104,67,0,1
0,105,61,0,1
0,105,62,0,1
0,105,63,0,1
0,105,64,0,1
0,105,65,0,1
0,105,66,0,1
0,105,67,0,1
0,106,61,0,1
0,106,62,0,1
0,106,63,0,1
0,106,64,0,1
0,106,65,0,1
0,106,66,0,1
0,106,67,0,1
0,107,61,0,1
0,107,62,0,1
0,107,63,0,1
0,107,64,0,1
0,107,65,0,1
0,107,66,0,1
0,107,67,0,1
0,108,61,0,1
0,108,62,0,1
0,108,63,0,1
0,108,64,0,1
0,108,65,0,1
0,108,66,0,1
0,108,67,0,1
0,109,61,0,1
0,109,62,0,1
0,109,63,0,1
0,109,64,0,1
0,109,65,0,1
0,109,66,0,1
0,109,67,0,1
0,110,61,0,1
0,110,62,0,1
0,110,63,0,1
0,110,64,0,1
0,110,65,0,1
0,110,66,0,1
0,110,67,0,1
0,102,60,1,1
0,103,60,1,1
0,104,60,1,1
0,105,60,1,1
0,106,60,1,1
0,107,60,1,1
0,108,60,1,1
0,109,60,1,1
0,110,60,1,1
0,112,61,0,1
0,112,62,0,1
0,112,63,0,1
0,112,64,0,1
0,112,65,0,1
0,112,66,0,1
0,112,67,0,1
0,101,62,0,1
0,101,63,0,1
0,101,64,0,1
0,101,65,0,1
0,101,66,0,1
0,101,67,0,1
4,113,55,10,1
4,113,57,10,1
4,113,59,10,1
4,113,56,14,1
4,113,58,14,1
4,113,60,14,1
4,113,62,14,1
4,113,64,14,1
4,113,68,14,1
4,113,67,10,1
4,113,65,10,1
4,113,66,14,1
4,113,63,10,1
4,113,61,10,1
0,114,61,15,1
0,114,65,15,1
0,114,67,15,1
0,114,63,15,1
0,114,62,11,1
0,114,64,11,1
0,114,66,11,1
0,114,68,11,1
0,111,62,0,1
0,111,63,0,1
0,111,64,0,1
0,111,65,0,1
0,111,66,0,1
0,111,67,0,1
0,111,68,0,1
0,111,69,0,1
5,111,70,4,1
4,113,69,10,1
4,113,71,10,1
5,113,73,12,1
3,114,73,13,1
0,111,77,7,1
0,112,77,7,1
0,113,77,7,1
0,114,77,7,1
4,113,70,14,1
4,113,72,14,1
0,114,69,15,1
0,114,71,15,1
0,114,72,11,1
0,114,70,11,1
0,110,77,7,1
0,99,77,7,1
0,100,77,7,1
0,101,77,7,1
0,102,77,7,1
5,103,77,5,1
5,103,76,5,1
5,103,75,5,1
5,106,75,5,1
5,106,76,5,1
5,106,77,5,1
0,112,68,0,1
0,112,69,0,1
0,112,70,0,1
0,112,71,0,1
0,112,72,0,1
0,101,68,0,1
0,101,69,0,1
0,101,70,0,1
0,101,71,0,1
0,101,72,0,1
0,102,68,0,1
0,102,69,0,1
0,102,70,0,1
0,102,71,0,1
0,102,72,0,1
0,103,68,0,1
0,103,69,0,1
0,103,70,0,1
0,103,71,0,1
0,103,72,0,1
0,104,68,0,1
0,104,69,0,1
0,104,70,0,1
0,104,71,0,1
0,104,72,0,1
0,105,68,0,1
0,105,69,0,1
0,105,70,0,1
0,105,71,0,1
0,105,72,0,1
0,106,68,0,1
0,106,69,0,1
0,106,70,0,1
0,106,71,0,1
0,106,72,0,1
0,107,68,0,1
0,107,69,0,1
0,107,70,0,1
0,107,71,0,1
0,107,72,0,1
0,108,68,0,1
0,108,69,0,1
0,108,70,0,1
0,108,71,0,1
0,108,72,0,1
0,109,68,0,1
0,109,69,0,1
0,109,70,0,1
0,109,71,0,1
0,109,72,0,1
0,110,68,0,1
0,110,69,0,1
0,110,70,0,1
0,110,71,0,1
0,110,72,0,1
0,111,71,0,1
0,111,72,0,1
0,101,73,0,1
0,102,73,0,1
0,103,73,0,1
0,104,73,0,1
0,105,73,0,1
0,106,73,0,1
0,107,73,0,1
0,108,73,0,1
0,109,73,0,1
0,110,73,0,1
0,111,73,0,1
0,112,73,0,1
0,101,74,0,1
0,102,74,0,1
0,103,74,0,1
0,104,74,0,1
0,105,74,0,1
0,106,74,0,1
0,107,74,0,1
0,108,74,0,1
0,109,74,0,1
0,110,74,0,1
0,111,74,0,1
0,112,74,0,1
0,113,74,1,1
0,114,74,1,1
0,99,74,1,1
0,100,74,1,1
2,98,74,16,1
2,98,75,16,1
4,115,74,16,1
4,115,75,16,1
death,99,76,3,1
death,100,76,3,1
death,101,76,3,1
death,102,76,3,1
2,100,70,11,1
2,100,72,11,1
2,100,71,15,1
0,99,70,10,1
0,99,72,10,1
0,99,71,14,1
5,100,73,15,1
3,99,73,14,1
0,107,77,7,1
0,108,77,7,1
0,109,77,7,1
0,99,75,0,1
0,100,75,0,1
0,101,75,0,1
0,102,75,0,1
0,107,75,0,1
0,108,75,0,1
0,109,75,0,1
0,110,75,0,1
0,111,75,0,1
0,112,75,0,1
0,113,75,0,1
0,114,75,0,1
death,107,76,3,1
death,108,76,3,1
death,109,76,3,1
death,110,76,3,1
death,111,76,3,1
death,112,76,3,1
death,113,76,3,1
death,114,76,3,1
0,104,75,0,1
0,104,76,0,1
0,104,77,0,1
0,105,75,0,1
0,105,76,0,1
0,105,77,0,1
0,104,78,0,1
0,105,78,0,1
5,103,78,5,1
5,106,78,5,1
