5,103,78,5,1
5,106,78,5,1
0,104,78,0,1
0,105,78,0,1
2,103,79,15,1
2,103,81,15,1
2,103,83,15,1
2,103,85,15,1
2,103,87,15,1
2,103,80,11,1
2,103,82,11,1
2,103,84,11,1
2,103,86,11,1
2,103,88,11,1
4,106,79,14,1
5,106,86,12,1
3,108,86,12,1
3,110,86,12,1
3,112,86,12,1
3,114,86,12,1
3,116,86,12,1
3,118,86,12,1
3,120,86,12,1
3,122,86,12,1
3,124,86,12,1
3,126,86,12,1
3,128,86,12,1
3,130,86,12,1
3,132,86,12,1
3,134,86,12,1
3,136,86,12,1
3,138,86,12,1
3,140,86,12,1
3,142,86,12,1
3,144,86,12,1
3,148,86,12,1
3,109,86,13,1
3,111,86,13,1
3,113,86,13,1
3,115,86,13,1
3,117,86,13,1
3,119,86,13,1
3,121,86,13,1
3,123,86,13,1
3,125,86,13,1
3,127,86,13,1
3,129,86,13,1
3,131,86,13,1
3,133,86,13,1
3,135,86,13,1
3,137,86,13,1
3,139,86,13,1
3,141,86,13,1
3,143,86,13,1
3,145,86,13,1
3,147,86,13,1
3,146,86,12,1
1,104,89,8,1
1,106,89,8,1
1,108,89,8,1
1,110,89,8,1
1,112,89,8,1
1,114,89,8,1
1,116,89,8,1
1,118,89,8,1
1,120,89,8,1
1,122,89,8,1
1,126,89,8,1
1,128,89,8,1
1,130,89,8,1
1,134,89,8,1
1,136,89,8,1
1,138,89,8,1
1,140,89,8,1
1,142,89,8,1
1,144,89,8,1
1,146,89,8,1
1,148,89,8,1
3,107,86,13,1
1,105,89,9,1
1,107,89,9,1
1,109,89,9,1
1,111,89,9,1
1,113,89,9,1
1,115,89,9,1
1,117,89,9,1
1,119,89,9,1
1,121,89,9,1
1,123,89,9,1
1,124,89,8,1
1,125,89,9,1
1,127,89,9,1
1,129,89,9,1
1,131,89,9,1
1,132,89,8,1
1,133,89,9,1
1,135,89,9,1
1,137,89,9,1
1,139,89,9,1
1,141,89,9,1
1,143,89,9,1
1,145,89,9,1
1,147,89,9,1
5,149,89,9,1
5,149,86,13,1
0,103,90,11,1
0,103,89,15,1
0,102,80,10,1
0,102,82,10,1
0,102,84,10,1
0,102,86,10,1
0,102,88,10,1
0,102,90,10,1
0,102,81,14,1
0,102,83,14,1
0,102,85,14,1
0,102,87,14,1
0,102,89,14,1
0,102,79,14,1
0,101,79,15,1
0,101,81,15,1
0,101,83,15,1
0,101,85,15,1
0,101,87,15,1
0,101,89,15,1
0,101,80,11,1
0,101,82,11,1
0,101,84,11,1
0,101,86,11,1
0,101,88,11,1
0,101,90,11,1
0,100,80,10,1
0,100,81,10,1
0,100,83,10,1
0,100,85,10,1
0,100,87,10,1
0,100,89,10,1
0,100,82,14,1
0,100,84,14,1
0,100,86,14,1
0,100,88,14,1
0,100,90,14,1
0,99,79,15,1
0,99,81,15,1
0,99,83,15,1
0,99,85,15,1
0,99,87,15,1
0,99,89,15,1
0,99,80,11,1
0,99,82,11,1
0,99,84,11,1
0,99,86,11,1
0,99,88,11,1
0,99,90,11,1
0,103,91,15,1
0,103,93,15,1
0,103,95,15,1
0,103,92,11,1
0,103,94,11,1
0,102,91,14,1
0,102,92,10,1
0,102,94,10,1
0,102,95,14,1
0,102,93,14,1
0,101,91,15,1
0,101,93,15,1
0,101,95,15,1
0,101,94,11,1
0,101,92,11,1
0,100,91,10,1
0,100,93,10,1
0,100,95,10,1
0,100,92,14,1
0,100,94,14,1
0,99,91,15,1
0,99,93,15,1
0,99,95,15,1
0,99,92,11,1
0,99,94,11,1
0,104,90,10,1
0,104,92,10,1
0,104,94,10,1
0,104,91,14,1
0,104,93,14,1
0,104,95,14,1
0,105,91,15,1
0,105,93,15,1
0,105,95,15,1
0,105,90,11,1
0,105,92,11,1
0,105,94,11,1
0,106,90,10,1
0,106,91,14,1
0,106,92,10,1
0,106,93,14,1
0,106,94,10,1
0,106,95,14,1
0,107,90,11,1
0,107,91,15,1
0,107,92,11,1
0,107,93,15,1
0,107,94,11,1
0,107,95,15,1
0,108,90,10,1
0,108,91,14,1
0,108,92,10,1
0,108,93,14,1
0,108,94,10,1
0,108,95,14,1
0,109,90,11,1
0,109,91,15,1
0,109,92,11,1
0,109,93,15,1
0,109,94,11,1
0,109,95,15,1
0,110,90,10,1
0,110,91,14,1
0,110,92,10,1
0,110,93,14,1
0,110,94,10,1
0,110,95,14,1
0,111,90,11,1
0,111,91,15,1
0,111,93,15,1
0,111,94,11,1
0,111,95,15,1
0,111,92,11,1
0,100,79,14,1
0,100,80,10,1
0,100,81,14,1
0,100,82,10,1
0,100,83,14,1
0,100,84,10,1
0,100,85,14,1
0,100,86,10,1
0,100,87,14,1
0,100,88,10,1
0,100,89,14,1
0,100,90,10,1
0,100,91,14,1
0,100,92,10,1
0,100,93,14,1
0,100,94,10,1
0,100,95,14,1
0,112,90,14,1
0,112,91,10,1
0,112,92,14,1
0,112,93,10,1
0,112,94,14,1
0,112,95,10,1
0,113,90,11,1
0,113,91,15,1
0,113,92,11,1
0,113,93,15,1
0,113,94,11,1
0,113,95,15,1
0,114,90,10,1
0,114,91,14,1
0,114,92,10,1
0,114,93,14,1
0,114,94,10,1
0,114,95,14,1
0,115,90,11,1
0,115,91,15,1
0,115,92,11,1
0,115,93,15,1
0,115,94,11,1
0,115,95,15,1
0,116,90,10,1
0,116,91,14,1
0,116,92,10,1
0,116,93,14,1
0,116,94,10,1
0,116,95,14,1
0,117,90,11,1
0,117,91,15,1
0,117,92,11,1
0,117,93,15,1
0,117,94,11,1
0,117,95,15,1
0,118,90,10,1
0,118,91,14,1
0,118,92,10,1
0,118,93,14,1
0,118,94,10,1
0,118,95,14,1
0,119,90,11,1
0,119,91,15,1
0,119,92,11,1
0,119,93,15,1
0,119,94,11,1
0,119,95,15,1
0,120,90,10,1
0,120,91,14,1
0,120,92,10,1
0,120,93,14,1
0,120,94,10,1
0,120,95,14,1
0,121,90,11,1
0,121,91,15,1
0,121,92,11,1
0,121,93,15,1
0,121,94,11,1
0,121,95,15,1
0,122,90,10,1
0,122,91,14,1
0,122,92,10,1
0,122,93,14,1
0,122,94,10,1
0,122,95,14,1
0,123,90,11,1
0,123,91,15,1
0,123,92,11,1
0,123,93,15,1
0,123,94,11,1
0,123,95,15,1
0,124,90,14,1
0,124,91,10,1
0,124,92,14,1
0,124,93,10,1
0,124,94,14,1
0,124,95,10,1
0,125,90,11,1
0,125,91,15,1
0,125,92,11,1
0,125,93,15,1
0,125,94,11,1
0,125,95,15,1
0,126,90,10,1
0,126,91,14,1
0,126,92,10,1
0,126,93,14,1
0,126,94,10,1
0,126,95,14,1
0,127,90,11,1
0,127,91,15,1
0,127,92,11,1
0,127,93,15,1
0,127,94,11,1
0,127,95,15,1
0,128,90,10,1
0,128,91,14,1
0,128,92,10,1
0,128,93,14,1
0,128,94,10,1
0,128,95,14,1
0,129,90,11,1
0,129,91,15,1
0,129,92,11,1
0,129,93,15,1
0,129,94,11,1
0,129,95,15,1
0,130,90,10,1
0,130,91,14,1
0,130,92,10,1
0,130,93,14,1
0,130,94,10,1
0,130,95,14,1
0,131,90,11,1
0,131,91,15,1
0,131,92,11,1
0,131,93,15,1
0,131,94,11,1
0,131,95,15,1
0,132,90,10,1
0,132,91,14,1
0,132,92,10,1
0,132,93,14,1
0,132,94,10,1
0,132,95,14,1
0,133,90,11,1
0,133,91,15,1
0,133,92,11,1
0,133,93,15,1
0,133,94,11,1
0,133,95,15,1
0,134,90,10,1
0,134,91,14,1
0,134,92,10,1
0,134,93,14,1
0,134,94,10,1
0,134,95,14,1
0,135,90,11,1
0,135,91,15,1
0,135,92,11,1
0,135,93,15,1
0,135,94,11,1
0,135,95,15,1
0,136,90,14,1
0,136,91,10,1
0,136,92,14,1
0,136,93,10,1
0,136,94,14,1
0,136,95,10,1
0,137,90,11,1
0,137,91,15,1
0,137,92,11,1
0,137,93,15,1
0,137,94,11,1
0,137,95,15,1
0,138,91,14,1
0,138,92,10,1
0,138,93,14,1
0,138,94,10,1
0,138,95,14,1
0,139,90,11,1
0,139,91,15,1
0,139,92,11,1
0,139,93,15,1
0,139,94,11,1
0,139,95,15,1
0,140,90,10,1
0,140,91,14,1
0,140,92,10,1
0,140,93,14,1
0,140,94,10,1
0,140,95,14,1
0,141,90,11,1
0,141,91,15,1
0,141,92,11,1
0,141,93,15,1
0,141,94,11,1
0,141,95,15,1
0,142,90,10,1
0,142,91,14,1
0,142,92,10,1
0,142,93,14,1
0,142,94,10,1
0,142,95,14,1
0,143,90,11,1
0,143,91,15,1
0,143,92,11,1
0,143,93,15,1
0,143,94,11,1
0,143,95,15,1
0,144,90,10,1
0,144,91,14,1
0,144,92,10,1
0,144,93,14,1
0,144,94,10,1
0,144,95,14,1
0,145,90,11,1
0,145,91,15,1
0,145,92,11,1
0,145,93,15,1
0,145,94,11,1
0,145,95,15,1
0,146,90,10,1
0,146,91,14,1
0,146,92,10,1
0,146,93,14,1
0,146,94,10,1
0,146,95,14,1
0,147,90,11,1
0,147,91,15,1
0,147,92,11,1
0,147,93,15,1
0,147,94,11,1
0,147,95,15,1
0,138,90,14,1
0,138,91,10,1
0,138,92,14,1
0,138,93,10,1
0,138,94,14,1
0,138,95,10,1
0,139,90,11,1
0,139,91,15,1
0,139,92,11,1
0,139,93,15,1
0,139,94,11,1
0,139,95,15,1
0,140,90,10,1
0,140,91,14,1
0,140,92,10,1
0,140,93,14,1
0,140,94,10,1
0,140,95,14,1
0,141,90,11,1
0,141,91,15,1
0,141,92,11,1
0,141,93,15,1
0,141,94,11,1
0,141,95,15,1
0,142,90,10,1
0,142,91,14,1
0,142,92,10,1
0,142,93,14,1
0,142,94,10,1
0,142,95,14,1
0,143,90,11,1
0,143,91,15,1
0,143,92,11,1
0,143,93,15,1
0,143,94,11,1
0,143,95,15,1
0,144,90,10,1
0,144,91,14,1
0,144,92,10,1
0,144,93,14,1
0,144,94,10,1
0,144,95,14,1
0,145,90,11,1
0,145,91,15,1
0,145,92,11,1
0,145,93,15,1
0,145,94,11,1
0,145,95,15,1
0,146,90,10,1
0,146,91,14,1
0,146,92,10,1
0,146,93,14,1
0,146,94,10,1
0,146,95,14,1
0,147,90,11,1
0,147,91,15,1
0,147,92,11,1
0,147,93,15,1
0,147,94,11,1
0,147,95,15,1
0,148,90,10,1
0,148,91,14,1
0,148,92,10,1
0,148,93,14,1
0,148,94,10,1
0,148,95,14,1
0,149,90,11,1
0,149,91,15,1
0,149,92,11,1
0,149,93,15,1
0,149,94,11,1
0,149,95,15,1
0,107,79,15,1
0,107,80,11,1
0,107,81,15,1
0,107,82,11,1
0,107,83,15,1
0,107,84,11,1
0,107,85,15,1
0,106,84,14,1
4,106,80,10,1
4,106,82,10,1
4,106,84,10,1
4,106,85,10,1
4,106,85,14,1
4,106,83,14,1
4,106,81,14,1
0,108,79,14,1
0,108,80,10,1
0,108,81,10,1
0,108,82,14,1
0,108,83,10,1
0,108,84,14,1
0,108,85,10,1
0,109,79,15,1
0,109,80,11,1
0,109,81,15,1
0,109,82,11,1
0,109,83,15,1
0,109,84,11,1
0,109,85,15,1
0,110,79,14,1
0,110,80,10,1
0,110,81,10,1
0,110,82,14,1
0,110,83,10,1
0,110,84,14,1
0,110,85,10,1
0,111,79,15,1
0,111,80,11,1
0,111,81,15,1
0,111,82,11,1
0,111,83,15,1
0,111,84,11,1
0,111,85,15,1
0,112,79,14,1
0,112,80,10,1
0,112,81,10,1
0,112,82,14,1
0,112,83,10,1
0,112,84,14,1
0,112,85,10,1
0,113,79,15,1
0,113,80,11,1
0,113,81,15,1
0,113,82,11,1
0,113,83,15,1
0,113,84,11,1
0,113,85,15,1
0,114,79,14,1
0,114,80,10,1
0,114,81,10,1
0,114,82,14,1
0,114,83,10,1
0,114,84,14,1
0,114,85,10,1
0,115,79,15,1
0,115,80,11,1
0,115,81,15,1
0,115,82,11,1
0,115,83,15,1
0,115,84,11,1
0,115,85,15,1
0,116,79,14,1
0,116,80,10,1
0,116,81,10,1
0,116,82,14,1
0,116,83,10,1
0,116,84,14,1
0,116,85,10,1
0,117,79,15,1
0,117,80,11,1
0,117,81,15,1
0,117,82,11,1
0,117,83,15,1
0,117,84,11,1
0,117,85,15,1
0,118,79,14,1
0,118,80,10,1
0,118,81,10,1
0,118,82,14,1
0,118,83,10,1
0,118,84,14,1
0,118,85,10,1
0,119,79,15,1
0,119,80,11,1
0,119,81,15,1
0,119,82,11,1
0,119,83,15,1
0,119,84,11,1
0,119,85,15,1
0,120,79,14,1
0,120,80,10,1
0,120,81,10,1
0,120,82,14,1
0,120,83,10,1
0,120,84,14,1
0,120,85,10,1
0,121,79,15,1
0,121,80,11,1
0,121,81,15,1
0,121,82,11,1
0,121,83,15,1
0,121,84,11,1
0,121,85,15,1
0,122,79,14,1
0,122,80,10,1
0,122,81,10,1
0,122,82,14,1
0,122,83,10,1
0,122,84,14,1
0,122,85,10,1
0,123,79,15,1
0,123,80,11,1
0,123,81,15,1
0,123,82,11,1
0,123,83,15,1
0,123,84,11,1
0,123,85,15,1
0,124,79,14,1
0,124,80,10,1
0,124,81,10,1
0,124,82,14,1
0,124,83,10,1
0,124,84,14,1
0,124,85,10,1
0,125,79,15,1
0,125,80,11,1
0,125,81,15,1
0,125,82,11,1
0,125,83,15,1
0,125,84,11,1
0,125,85,15,1
0,126,79,14,1
0,126,80,10,1
0,126,81,10,1
0,126,82,14,1
0,126,83,10,1
0,126,84,14,1
0,126,85,10,1
0,127,79,15,1
0,127,80,11,1
0,127,81,15,1
0,127,82,11,1
0,127,83,15,1
0,127,84,11,1
0,127,85,15,1
0,128,79,14,1
0,128,80,10,1
0,128,81,10,1
0,128,82,14,1
0,128,83,10,1
0,128,84,14,1
0,128,85,10,1
0,129,79,15,1
0,129,80,11,1
0,129,81,15,1
0,129,82,11,1
0,129,83,15,1
0,129,84,11,1
0,129,85,15,1
0,130,79,14,1
0,130,80,10,1
0,130,81,10,1
0,130,82,14,1
0,130,83,10,1
0,130,84,14,1
0,130,85,10,1
0,131,79,15,1
0,131,80,11,1
0,131,81,15,1
0,131,82,11,1
0,131,83,15,1
0,131,84,11,1
0,131,85,15,1
0,132,79,14,1
0,132,80,10,1
0,132,81,10,1
0,132,82,14,1
0,132,83,10,1
0,132,84,14,1
0,132,85,10,1
0,133,79,15,1
0,133,80,11,1
0,133,81,15,1
0,133,82,11,1
0,133,83,15,1
0,133,84,11,1
0,133,85,15,1
0,134,79,14,1
0,134,80,10,1
0,134,81,10,1
0,134,82,14,1
0,134,83,10,1
0,134,84,14,1
0,134,85,10,1
0,135,79,15,1
0,135,80,11,1
0,135,81,15,1
0,135,82,11,1
0,135,83,15,1
0,135,84,11,1
0,135,85,15,1
0,136,79,14,1
0,136,80,10,1
0,136,81,10,1
0,136,82,14,1
0,136,83,10,1
0,136,84,14,1
0,136,85,10,1
0,137,79,15,1
0,137,80,11,1
0,137,81,15,1
0,137,82,11,1
0,137,83,15,1
0,137,84,11,1
0,137,85,15,1
0,138,79,14,1
0,138,80,10,1
0,138,81,10,1
0,138,82,14,1
0,138,83,10,1
0,138,84,14,1
0,138,85,10,1
0,139,79,15,1
0,139,80,11,1
0,139,81,15,1
0,139,82,11,1
0,139,83,15,1
0,139,84,11,1
0,139,85,15,1
0,140,79,14,1
0,140,80,10,1
0,140,81,10,1
0,140,82,14,1
0,140,83,10,1
0,140,84,14,1
0,140,85,10,1
0,141,79,15,1
0,141,80,11,1
0,141,81,15,1
0,141,82,11,1
0,141,83,15,1
0,141,84,11,1
0,141,85,15,1
0,142,79,14,1
0,142,80,10,1
0,142,81,10,1
0,142,82,14,1
0,142,83,10,1
0,142,84,14,1
0,142,85,10,1
0,143,79,15,1
0,143,80,11,1
0,143,81,15,1
0,143,82,11,1
0,143,83,15,1
0,143,84,11,1
0,143,85,15,1
0,144,79,14,1
0,144,80,10,1
0,144,81,10,1
0,144,82,14,1
0,144,83,10,1
0,144,84,14,1
0,144,85,10,1
0,145,79,15,1
0,145,80,11,1
0,145,81,15,1
0,145,82,11,1
0,145,83,15,1
0,145,84,11,1
0,145,85,15,1
0,146,79,14,1
0,146,80,10,1
0,146,81,10,1
0,146,82,14,1
0,146,83,10,1
0,146,84,14,1
0,146,85,10,1
0,147,79,15,1
0,147,80,11,1
0,147,81,15,1
0,147,82,11,1
0,147,83,15,1
0,147,84,11,1
0,147,85,15,1
0,148,79,14,1
0,148,80,10,1
0,148,81,10,1
0,148,82,14,1
0,148,83,10,1
0,148,84,14,1
0,148,85,10,1
0,149,79,15,1
0,149,80,11,1
0,149,81,15,1
0,149,82,11,1
0,149,83,15,1
0,149,84,11,1
0,149,85,15,1
