1,182,83,8,1
0,182,84,10,1
0,182,85,14,1
0,182,86,10,1
0,182,87,14,1
0,182,88,10,1
0,182,89,14,1
0,182,90,10,1
0,182,91,14,1
0,182,92,10,1
0,182,93,14,1
2,182,94,10,1
0,182,95,14,1
0,182,96,10,1
0,182,97,14,1
1,183,83,9,1
0,183,84,11,1
0,183,85,15,1
0,183,86,11,1
0,183,87,15,1
0,183,88,11,1
0,183,89,15,1
0,183,90,11,1
0,183,91,15,1
0,183,92,11,1
3,183,93,13,1
5,183,95,15,1
2,183,96,11,1
5,183,97,13,1
1,184,83,8,1
0,184,84,10,1
0,184,85,14,1
0,184,86,10,1
0,184,87,14,1
0,184,88,10,1
0,184,89,14,1
0,184,90,10,1
2,184,91,14,1
2,184,92,10,1
5,184,93,13,1
1,185,83,9,1
0,185,84,11,1
0,185,85,15,1
0,185,86,11,1
0,185,87,15,1
0,185,88,11,1
0,185,89,15,1
3,185,90,13,1
1,186,83,8,1
0,186,84,10,1
0,186,85,14,1
0,186,86,10,1
0,186,87,14,1
0,186,88,10,1
0,186,89,14,1
5,186,90,13,1
5,187,83,9,1
2,187,84,11,1
2,187,85,15,1
2,187,86,11,1
2,187,87,15,1
2,187,88,11,1
5,187,89,13,1
9,188,83,0,1
8,188,84,0,1
8,188,85,0,1
8,188,86,0,1
8,188,87,0,1
8,188,88,0,1
8,188,89,0,1
8,188,90,0,1
4,189,83,14,1
4,189,84,10,1
4,189,85,14,1
4,189,86,10,1
4,189,87,14,1
4,189,88,10,1
4,189,89,14,1
5,189,90,12,1
0,190,83,15,1
0,190,84,11,1
0,190,85,15,1
0,190,86,11,1
0,190,87,15,1
0,190,88,11,1
0,190,89,15,1
3,190,90,13,1
0,191,83,14,1
0,191,84,10,1
0,191,85,14,1
0,191,86,10,1
0,191,87,14,1
0,191,88,10,1
0,191,89,14,1
0,191,90,10,1
5,191,91,12,1
0,192,83,15,1
0,192,84,11,1
0,192,85,15,1
0,192,86,11,1
0,192,87,15,1
0,192,88,11,1
0,192,89,15,1
0,192,90,11,1
0,192,91,15,1
4,192,92,10,1
5,192,93,12,1
1,178,83,8,1
0,178,84,10,1
0,178,85,14,1
0,178,90,10,1
0,178,91,14,1
0,178,92,10,1
0,178,93,14,1
0,178,94,10,1
0,178,95,14,1
0,178,96,10,1
0,178,97,14,1
0,178,98,10,1
0,178,99,14,1
1,179,83,9,1
0,179,84,11,1
0,179,85,15,1
0,179,90,11,1
0,179,91,15,1
0,179,92,11,1
0,179,93,15,1
0,179,94,11,1
0,179,95,15,1
0,179,96,11,1
0,179,97,15,1
0,179,98,11,1
0,179,99,15,1
1,180,83,8,1
0,180,84,10,1
0,180,85,14,1
0,180,90,10,1
0,180,91,14,1
0,180,92,10,1
0,180,93,14,1
0,180,94,10,1
0,180,95,14,1
0,180,96,10,1
0,180,97,14,1
0,180,98,10,1
0,180,99,14,1
1,181,83,9,1
0,181,84,11,1
0,181,85,15,1
0,181,90,11,1
0,181,91,15,1
0,181,92,11,1
0,181,93,15,1
0,181,94,11,1
0,181,95,15,1
0,181,96,11,1
0,181,97,15,1
0,181,98,11,1
0,181,99,15,1
1,170,83,8,1
0,170,84,10,1
0,170,85,14,1
0,170,86,10,1
0,170,87,14,1
0,170,88,10,1
0,170,89,14,1
0,170,90,10,1
0,170,91,14,1
0,170,92,10,1
0,170,93,14,1
0,170,94,10,1
0,170,95,14,1
0,170,96,10,1
0,170,97,14,1
0,170,98,10,1
0,170,99,14,1
1,171,83,9,1
0,171,84,11,1
0,171,85,15,1
0,171,86,11,1
0,171,87,15,1
0,171,88,11,1
0,171,89,15,1
0,171,90,11,1
0,171,91,15,1
0,171,92,11,1
0,171,93,15,1
0,171,94,11,1
0,171,95,15,1
0,171,96,11,1
0,171,97,15,1
0,171,98,11,1
0,171,99,15,1
1,172,83,8,1
0,172,84,10,1
0,172,85,14,1
0,172,86,10,1
0,172,87,14,1
0,172,92,10,1
0,172,93,14,1
0,172,94,10,1
0,172,95,14,1
0,172,96,10,1
0,172,97,14,1
0,172,98,10,1
0,172,99,14,1
1,173,83,9,1
0,173,84,11,1
0,173,85,15,1
0,173,86,11,1
0,173,87,15,1
0,173,92,11,1
0,173,93,15,1
0,173,94,11,1
0,173,95,15,1
0,173,96,11,1
0,173,97,15,1
0,173,98,11,1
0,173,99,15,1
1,174,83,8,1
0,174,84,10,1
0,174,85,14,1
0,174,86,10,1
0,174,87,14,1
0,174,92,10,1
0,174,93,14,1
0,174,94,10,1
0,174,95,14,1
0,174,96,10,1
0,174,97,14,1
0,174,98,10,1
0,174,99,14,1
1,175,83,9,1
0,175,84,11,1
0,175,85,15,1
0,175,86,11,1
0,175,87,15,1
0,175,92,11,1
0,175,93,15,1
0,175,94,11,1
0,175,95,15,1
0,175,96,11,1
0,175,97,15,1
0,175,98,11,1
0,175,99,15,1
1,176,83,8,1
0,176,84,10,1
0,176,85,14,1
0,176,86,10,1
0,176,87,14,1
0,176,88,10,1
0,176,89,14,1
0,176,90,10,1
0,176,91,14,1
0,176,92,10,1
0,176,93,14,1
0,176,94,10,1
0,176,95,14,1
0,176,96,10,1
0,176,97,14,1
0,176,98,10,1
0,176,99,14,1
1,177,83,9,1
0,177,84,11,1
0,177,85,15,1
0,177,86,11,1
0,177,87,15,1
0,177,88,11,1
0,177,89,15,1
0,177,90,11,1
0,177,91,15,1
0,177,92,11,1
0,177,93,15,1
0,177,94,11,1
0,177,95,15,1
0,177,96,11,1
0,177,97,15,1
0,177,98,11,1
0,177,99,15,1
4,193,96,10,1
4,193,97,14,1
4,193,98,10,1
4,193,99,14,1
4,193,100,10,1
4,193,101,14,1
4,193,102,10,1
4,193,103,14,1
0,194,96,11,1
0,194,97,15,1
0,194,98,11,1
0,194,99,15,1
0,194,100,11,1
0,194,101,15,1
0,194,102,11,1
0,194,103,15,1
0,195,96,10,1
0,195,97,14,1
0,195,98,10,1
0,195,99,14,1
0,195,100,10,1
0,195,101,14,1
0,195,102,10,1
0,195,103,14,1
0,196,96,11,1
0,196,97,15,1
0,196,98,11,1
0,196,99,15,1
0,196,100,11,1
0,196,101,15,1
0,196,102,11,1
0,196,103,15,1
0,197,96,10,1
0,197,97,14,1
0,197,98,10,1
0,197,99,14,1
0,197,100,10,1
0,197,101,14,1
0,197,102,10,1
0,197,103,14,1
0,198,96,11,1
0,198,97,15,1
0,198,98,11,1
0,198,99,15,1
0,198,100,11,1
0,198,101,15,1
0,198,102,11,1
0,198,103,15,1
0,199,96,10,1
0,199,97,14,1
0,199,98,10,1
0,199,99,14,1
0,199,100,10,1
0,199,101,14,1
0,199,102,10,1
0,199,103,14,1
0,200,96,11,1
0,200,97,15,1
0,200,98,11,1
0,200,99,15,1
0,200,100,11,1
0,200,101,15,1
0,200,102,11,1
0,200,103,15,1
0,201,96,10,1
0,201,97,14,1
0,201,98,10,1
0,201,99,14,1
0,201,100,10,1
0,201,101,14,1
0,201,102,10,1
0,201,103,14,1
0,202,96,11,1
0,202,97,15,1
0,202,98,11,1
0,202,99,15,1
0,202,100,11,1
0,202,101,15,1
0,202,102,11,1
0,202,103,15,1
0,193,70,10,1
0,193,71,14,1
0,193,72,10,1
0,193,73,14,1
0,193,74,10,1
0,193,75,14,1
0,193,76,10,1
0,193,77,14,1
0,193,78,10,1
0,193,79,14,1
0,193,80,10,1
0,193,81,14,1
0,193,82,10,1
0,193,83,14,1
0,193,84,10,1
0,193,85,14,1
0,193,86,10,1
0,193,87,14,1
0,193,88,10,1
0,193,89,14,1
0,193,90,10,1
0,193,91,14,1
0,193,92,10,1
0,193,93,14,1
4,193,94,10,1
4,193,95,14,1
0,194,70,11,1
0,194,71,15,1
0,194,72,11,1
0,194,73,15,1
0,194,74,11,1
0,194,75,15,1
0,194,76,11,1
0,194,77,15,1
0,194,78,11,1
0,194,79,15,1
0,194,80,11,1
0,194,81,15,1
0,194,82,11,1
0,194,83,15,1
0,194,84,11,1
0,194,85,15,1
0,194,86,11,1
0,194,87,15,1
0,194,88,11,1
0,194,89,15,1
0,194,90,11,1
0,194,91,15,1
0,194,92,11,1
0,194,93,15,1
0,194,94,11,1
0,194,95,15,1
0,195,70,10,1
0,195,71,14,1
0,195,72,10,1
0,195,73,14,1
0,195,74,10,1
0,195,75,14,1
0,195,76,10,1
0,195,77,14,1
0,195,78,10,1
0,195,79,14,1
0,195,80,10,1
0,195,81,14,1
0,195,82,10,1
0,195,83,14,1
0,195,84,10,1
0,195,85,14,1
0,195,86,10,1
0,195,87,14,1
0,195,88,10,1
0,195,89,14,1
0,195,90,10,1
0,195,91,14,1
0,195,92,10,1
0,195,93,14,1
0,195,94,10,1
0,195,95,14,1
0,196,70,11,1
0,196,71,15,1
0,196,72,11,1
0,196,73,15,1
0,196,74,11,1
0,196,75,15,1
0,196,76,11,1
0,196,77,15,1
0,196,78,11,1
0,196,79,15,1
0,196,80,11,1
0,196,81,15,1
0,196,82,11,1
0,196,83,15,1
0,196,84,11,1
0,196,85,15,1
0,196,86,11,1
0,196,87,15,1
0,196,88,11,1
0,196,89,15,1
0,196,90,11,1
0,196,91,15,1
0,196,92,11,1
0,196,93,15,1
0,196,94,11,1
0,196,95,15,1
0,197,70,10,1
0,197,71,14,1
0,197,72,10,1
0,197,73,14,1
0,197,74,10,1
0,197,75,14,1
0,197,76,10,1
0,197,77,14,1
0,197,78,10,1
0,197,79,14,1
0,197,80,10,1
0,197,81,14,1
0,197,82,10,1
0,197,83,14,1
0,197,84,10,1
0,197,85,14,1
0,197,86,10,1
0,197,87,14,1
0,197,88,10,1
0,197,89,14,1
0,197,90,10,1
0,197,91,14,1
0,197,92,10,1
0,197,93,14,1
0,197,94,10,1
0,197,95,14,1
0,198,70,11,1
0,198,71,15,1
0,198,72,11,1
0,198,73,15,1
0,198,74,11,1
0,198,75,15,1
0,198,76,11,1
0,198,77,15,1
0,198,78,11,1
0,198,79,15,1
0,198,80,11,1
0,198,81,15,1
0,198,82,11,1
0,198,83,15,1
0,198,84,11,1
0,198,85,15,1
0,198,86,11,1
0,198,87,15,1
0,198,88,11,1
0,198,89,15,1
0,198,90,11,1
0,198,91,15,1
0,198,92,11,1
0,198,93,15,1
0,198,94,11,1
0,198,95,15,1
0,199,70,10,1
0,199,71,14,1
0,199,72,10,1
0,199,73,14,1
0,199,74,10,1
0,199,75,14,1
0,199,76,10,1
0,199,77,14,1
0,199,78,10,1
0,199,79,14,1
0,199,80,10,1
0,199,81,14,1
0,199,82,10,1
0,199,83,14,1
0,199,84,10,1
0,199,85,14,1
0,199,86,10,1
0,199,87,14,1
0,199,88,10,1
0,199,89,14,1
0,199,90,10,1
0,199,91,14,1
0,199,92,10,1
0,199,93,14,1
0,199,94,10,1
0,199,95,14,1
0,200,70,11,1
0,200,71,15,1
0,200,72,11,1
0,200,73,15,1
0,200,74,11,1
0,200,75,15,1
0,200,76,11,1
0,200,77,15,1
0,200,78,11,1
0,200,79,15,1
0,200,80,11,1
0,200,81,15,1
0,200,82,11,1
0,200,83,15,1
0,200,84,11,1
0,200,85,15,1
0,200,86,11,1
0,200,87,15,1
0,200,88,11,1
0,200,89,15,1
0,200,90,11,1
0,200,91,15,1
0,200,92,11,1
0,200,93,15,1
0,200,94,11,1
0,200,95,15,1
0,201,70,10,1
0,201,71,14,1
0,201,72,10,1
0,201,73,14,1
0,201,74,10,1
0,201,75,14,1
0,201,76,10,1
0,201,77,14,1
0,201,78,10,1
0,201,79,14,1
0,201,80,10,1
0,201,81,14,1
0,201,82,10,1
0,201,83,14,1
0,201,84,10,1
0,201,85,14,1
0,201,86,10,1
0,201,87,14,1
0,201,88,10,1
0,201,89,14,1
0,201,90,10,1
0,201,91,14,1
0,201,92,10,1
0,201,93,14,1
0,201,94,10,1
0,201,95,14,1
0,202,70,11,1
0,202,71,15,1
0,202,72,11,1
0,202,73,15,1
0,202,74,11,1
0,202,75,15,1
0,202,76,11,1
0,202,77,15,1
0,202,78,11,1
0,202,79,15,1
0,202,80,11,1
0,202,81,15,1
0,202,82,11,1
0,202,83,15,1
0,202,84,11,1
0,202,85,15,1
0,202,86,11,1
0,202,87,15,1
0,202,88,11,1
0,202,89,15,1
0,202,90,11,1
0,202,91,15,1
0,202,92,11,1
0,202,93,15,1
0,202,94,11,1
0,202,95,15,1
4,189,70,10,1
4,189,71,14,1
4,189,72,10,1
4,189,73,14,1
4,189,74,10,1
4,189,75,14,1
4,189,76,10,1
4,189,77,14,1
4,189,78,10,1
4,189,79,14,1
4,189,80,10,1
4,189,81,14,1
4,189,82,10,1
0,190,70,11,1
0,190,71,15,1
0,190,72,11,1
0,190,73,15,1
0,190,74,11,1
0,190,75,15,1
0,190,76,11,1
0,190,77,15,1
0,190,78,11,1
0,190,79,15,1
0,190,80,11,1
0,190,81,15,1
0,190,82,11,1
0,191,70,10,1
0,191,71,14,1
0,191,72,10,1
0,191,73,14,1
0,191,74,10,1
0,191,75,14,1
0,191,76,10,1
0,191,77,14,1
0,191,78,10,1
0,191,79,14,1
0,191,80,10,1
0,191,81,14,1
0,191,82,10,1
0,192,70,11,1
0,192,71,15,1
0,192,72,11,1
0,192,73,15,1
0,192,74,11,1
0,192,75,15,1
0,192,76,11,1
0,192,77,15,1
0,192,78,11,1
0,192,79,15,1
0,192,80,11,1
0,192,81,15,1
0,192,82,11,1
0,203,70,10,1
0,203,71,14,1
0,203,72,10,1
0,203,73,14,1
0,203,74,10,1
0,203,75,14,1
0,203,76,10,1
0,203,77,14,1
0,203,78,10,1
0,203,79,14,1
0,203,80,10,1
0,203,81,14,1
0,203,82,10,1
0,203,83,14,1
0,203,84,10,1
0,203,85,14,1
0,203,86,10,1
0,203,87,14,1
0,203,88,10,1
0,203,89,14,1
0,204,70,11,1
0,204,71,15,1
0,204,72,11,1
0,204,73,15,1
0,204,74,11,1
0,204,75,15,1
0,204,76,11,1
0,204,77,15,1
0,204,78,11,1
0,204,79,15,1
0,204,80,11,1
0,204,81,15,1
0,204,82,11,1
0,204,83,15,1
0,204,84,11,1
0,204,85,15,1
0,204,86,11,1
0,204,87,15,1
0,204,88,11,1
0,204,89,15,1
0,203,90,10,1
0,203,91,14,1
0,203,92,10,1
0,203,93,14,1
0,203,94,10,1
0,203,95,14,1
0,203,96,10,1
0,203,97,14,1
0,203,98,10,1
0,203,99,14,1
0,203,100,10,1
0,203,101,14,1
0,203,102,10,1
0,203,103,14,1
0,203,104,10,1
0,203,105,14,1
0,203,106,10,1
0,203,107,14,1
0,204,90,11,1
0,204,91,15,1
0,204,92,11,1
0,204,93,15,1
0,204,94,11,1
0,204,95,15,1
0,204,96,11,1
0,204,97,15,1
0,204,98,11,1
0,204,99,15,1
0,204,100,11,1
0,204,101,15,1
0,204,102,11,1
0,204,103,15,1
0,204,104,11,1
0,204,105,15,1
0,204,106,11,1
0,204,107,15,1
5,188,98,4,1
5,182,99,12,1
2,182,98,10,1
0,170,100,10,1
0,170,101,14,1
0,170,102,10,1
0,170,103,14,1
0,171,100,11,1
0,171,101,15,1
0,171,102,11,1
0,171,103,15,1
0,172,100,10,1
0,172,101,14,1
0,172,102,10,1
0,172,103,14,1
0,173,100,11,1
0,173,101,15,1
0,173,102,11,1
0,173,103,15,1
0,174,100,10,1
0,174,101,14,1
0,174,102,10,1
0,174,103,14,1
0,175,100,11,1
0,175,101,15,1
0,175,102,11,1
0,175,103,15,1
0,176,100,10,1
0,176,101,14,1
0,176,102,10,1
0,176,103,14,1
0,177,100,11,1
0,177,101,15,1
0,177,102,11,1
0,177,103,15,1
0,178,100,10,1
0,178,101,14,1
0,178,102,10,1
0,178,103,14,1
0,179,100,11,1
0,179,101,15,1
0,179,102,11,1
0,179,103,15,1
0,180,100,10,1
0,180,101,14,1
0,180,102,10,1
2,181,100,11,1
2,181,101,15,1
5,181,102,13,1
0,170,104,10,1
0,170,105,14,1
0,170,106,10,1
0,170,107,14,1
0,171,104,11,1
0,171,105,15,1
0,171,106,11,1
0,171,107,15,1
0,172,104,10,1
0,172,105,14,1
0,172,106,10,1
0,172,107,14,1
0,173,104,11,1
0,173,105,15,1
0,173,106,11,1
0,173,107,15,1
0,174,104,10,1
0,174,105,14,1
0,174,106,10,1
0,174,107,14,1
0,175,104,11,1
0,175,105,15,1
0,175,106,11,1
0,175,107,15,1
0,176,104,10,1
0,176,105,14,1
0,176,106,10,1
0,176,107,14,1
0,177,104,11,1
0,177,105,15,1
0,177,106,11,1
0,177,107,15,1
0,178,104,10,1
0,178,105,14,1
0,178,106,10,1
0,178,107,14,1
0,179,104,11,1
0,179,105,15,1
0,179,106,11,1
0,179,107,15,1
2,180,104,10,1
2,180,105,14,1
0,180,106,10,1
2,180,107,14,1
2,180,108,10,1
2,180,109,14,1
2,180,110,10,1
death,181,106,3,1
death,181,107,7,1
3,181,108,4,1
death,182,106,3,1
death,182,107,7,1
5,182,108,4,1
5,185,106,4,1
death,187,106,3,1
death,187,107,7,1
5,187,108,4,1
death,188,106,3,1
death,188,107,7,1
3,188,108,4,1
5,189,104,4,1
death,189,106,3,1
death,189,107,7,1
3,189,108,4,1
death,190,106,3,1
death,190,107,7,1
3,190,108,4,1
death,191,106,3,1
death,191,107,7,1
3,191,108,4,1
death,192,106,3,1
death,192,107,7,1
3,192,108,4,1
4,193,104,10,1
4,193,105,14,1
4,193,106,10,1
4,193,107,14,1
0,194,104,11,1
0,194,105,15,1
0,194,106,11,1
0,194,107,15,1
0,195,104,10,1
0,195,105,14,1
0,195,106,10,1
0,195,107,14,1
0,196,104,11,1
0,196,105,15,1
0,196,106,11,1
0,196,107,15,1
0,197,104,10,1
0,197,105,14,1
0,197,106,10,1
0,197,107,14,1
0,198,104,11,1
0,198,105,15,1
0,198,106,11,1
0,198,107,15,1
0,199,104,10,1
0,199,105,14,1
0,199,106,10,1
0,199,107,14,1
0,200,104,11,1
0,200,105,15,1
0,200,106,11,1
0,200,107,15,1
0,201,104,10,1
0,201,105,14,1
0,201,106,10,1
0,201,107,14,1
0,202,104,11,1
0,202,105,15,1
0,202,106,11,1
0,202,107,15,1
2,180,103,14,1
0,181,109,1,1
0,182,109,1,1
0,187,109,1,1
0,188,109,1,1
0,189,109,1,1
0,190,109,1,1
0,191,109,1,1
0,192,109,1,1
4,193,108,10,1
4,193,109,14,1
4,193,110,10,1
0,194,108,11,1
0,194,109,15,1
0,194,110,11,1
0,195,108,10,1
0,195,109,14,1
0,195,110,10,1
0,196,108,11,1
0,196,109,15,1
0,196,110,11,1
0,197,108,10,1
0,197,109,14,1
0,197,110,10,1
0,198,108,11,1
0,198,109,15,1
0,198,110,11,1
0,199,108,10,1
0,199,109,14,1
0,199,110,10,1
0,200,108,11,1
0,200,109,15,1
0,200,110,11,1
0,201,108,10,1
0,201,109,14,1
0,201,110,10,1
0,202,108,11,1
0,202,109,15,1
0,202,110,11,1
0,203,108,14,1
0,203,109,10,1
0,203,110,14,1
0,204,108,15,1
0,204,109,11,1
0,204,110,15,1
0,170,108,10,1
0,170,109,14,1
0,170,110,10,1
0,171,108,11,1
0,171,109,15,1
0,171,110,11,1
0,172,108,10,1
0,172,109,14,1
0,172,110,10,1
0,173,108,11,1
0,173,109,15,1
0,173,110,11,1
0,174,108,10,1
0,174,109,14,1
0,174,110,10,1
0,175,108,11,1
0,175,109,15,1
0,175,110,11,1
0,176,108,10,1
0,176,109,14,1
0,176,110,10,1
0,177,108,11,1
0,177,109,15,1
0,177,110,11,1
0,178,108,10,1
0,178,109,14,1
0,178,110,10,1
0,179,108,11,1
0,179,109,15,1
0,179,110,11,1
