0,170,110,10,1
0,170,111,14,1
0,170,112,10,1
0,170,113,14,1
0,170,114,10,1
0,170,115,14,1
0,170,116,10,1
0,170,117,14,1
0,170,118,10,1
0,170,119,14,1
0,171,110,11,1
0,171,111,15,1
0,171,112,11,1
0,171,113,15,1
0,171,114,11,1
0,171,115,15,1
0,171,116,11,1
0,171,117,15,1
0,171,118,11,1
0,171,119,15,1
0,172,110,10,1
0,172,111,14,1
0,172,112,10,1
0,172,113,14,1
0,172,114,10,1
0,172,115,14,1
0,172,116,10,1
0,172,117,14,1
0,172,118,10,1
0,172,119,14,1
0,173,110,11,1
0,173,111,15,1
0,173,112,11,1
0,173,113,15,1
0,173,114,11,1
0,173,115,15,1
0,173,116,11,1
0,173,117,15,1
0,173,118,11,1
0,173,119,15,1
0,174,110,10,1
0,174,111,14,1
0,174,112,10,1
0,174,113,14,1
0,174,114,10,1
0,174,115,14,1
0,174,116,10,1
0,174,117,14,1
0,174,118,10,1
0,174,119,14,1
0,175,110,11,1
0,175,111,15,1
0,175,112,11,1
0,175,113,15,1
0,175,114,11,1
0,175,115,15,1
0,175,116,11,1
0,175,117,15,1
0,175,118,11,1
0,175,119,15,1
0,176,110,10,1
0,176,111,14,1
0,176,112,10,1
0,176,113,14,1
0,176,114,10,1
0,176,115,14,1
0,176,116,10,1
0,176,117,14,1
0,176,118,10,1
0,176,119,14,1
0,177,110,11,1
0,177,111,15,1
0,177,112,11,1
0,177,113,15,1
0,177,114,11,1
0,177,115,15,1
0,177,116,11,1
0,177,117,15,1
0,177,118,11,1
0,177,119,15,1
0,178,110,10,1
0,178,111,14,1
0,178,112,10,1
0,178,113,14,1
0,178,114,10,1
0,178,115,14,1
0,178,116,10,1
0,178,117,14,1
0,178,118,10,1
0,178,119,14,1
0,179,110,11,1
0,179,111,15,1
0,179,112,11,1
0,179,113,15,1
0,179,114,11,1
0,179,115,15,1
0,179,116,11,1
0,179,117,15,1
0,179,118,11,1
0,179,119,15,1
2,180,110,10,1
2,180,111,14,1
2,180,112,10,1
2,180,113,14,1
2,180,114,10,1
2,180,115,14,1
2,180,116,10,1
2,180,117,14,1
2,180,118,10,1
2,180,119,14,1
5,183,116,4,1
5,191,115,4,1
5,192,115,4,1
4,193,110,10,1
4,193,111,14,1
4,193,112,10,1
4,193,113,14,1
4,193,114,10,1
4,193,115,14,1
4,193,116,10,1
4,193,117,14,1
4,193,118,10,1
4,193,119,14,1
4,193,120,10,1
4,193,121,14,1
4,193,122,10,1
4,193,123,14,1
0,194,110,11,1
0,194,111,15,1
0,194,112,11,1
0,194,113,15,1
0,194,114,11,1
0,194,115,15,1
0,194,116,11,1
0,194,117,15,1
0,194,118,11,1
0,194,119,15,1
0,194,120,11,1
0,194,121,15,1
0,194,122,11,1
0,194,123,15,1
0,195,110,10,1
0,195,111,14,1
0,195,112,10,1
0,195,113,14,1
0,195,114,10,1
0,195,115,14,1
0,195,116,10,1
0,195,117,14,1
0,195,118,10,1
0,195,119,14,1
0,195,120,10,1
0,195,121,14,1
0,195,122,10,1
0,195,123,14,1
0,196,110,11,1
0,196,111,15,1
0,196,112,11,1
0,196,113,15,1
0,196,114,11,1
0,196,115,15,1
0,196,116,11,1
0,196,117,15,1
0,196,118,11,1
0,196,119,15,1
0,196,120,11,1
0,196,121,15,1
0,196,122,11,1
0,196,123,15,1
0,197,110,10,1
0,197,111,14,1
0,197,112,10,1
0,197,113,14,1
0,197,114,10,1
0,197,115,14,1
0,197,116,10,1
0,197,117,14,1
0,197,118,10,1
0,197,119,14,1
0,197,120,10,1
0,197,121,14,1
0,197,122,10,1
0,197,123,14,1
0,198,110,11,1
0,198,111,15,1
0,198,112,11,1
0,198,113,15,1
0,198,114,11,1
0,198,115,15,1
0,198,116,11,1
0,198,117,15,1
0,198,118,11,1
0,198,119,15,1
0,198,120,11,1
0,198,121,15,1
0,198,122,11,1
0,198,123,15,1
0,199,110,10,1
0,199,111,14,1
0,199,112,10,1
0,199,113,14,1
0,199,114,10,1
0,199,115,14,1
0,199,116,10,1
0,199,117,14,1
0,199,118,10,1
0,199,119,14,1
0,199,120,10,1
0,199,121,14,1
0,199,122,10,1
0,199,123,14,1
0,200,110,11,1
0,200,111,15,1
0,200,112,11,1
0,200,113,15,1
0,200,114,11,1
0,200,115,15,1
0,200,116,11,1
0,200,117,15,1
0,200,118,11,1
0,200,119,15,1
0,200,120,11,1
0,200,121,15,1
0,200,122,11,1
0,200,123,15,1
0,201,110,10,1
0,201,111,14,1
0,201,112,10,1
0,201,113,14,1
0,201,114,10,1
0,201,115,14,1
0,201,116,10,1
0,201,117,14,1
0,201,118,10,1
0,201,119,14,1
0,201,120,10,1
0,201,121,14,1
0,201,122,10,1
0,201,123,14,1
0,202,110,11,1
0,202,111,15,1
0,202,112,11,1
0,202,113,15,1
0,202,114,11,1
0,202,115,15,1
0,202,116,11,1
0,202,117,15,1
0,202,118,11,1
0,202,119,15,1
0,202,120,11,1
0,202,121,15,1
0,202,122,11,1
0,202,123,15,1
death,182,123,3,1
death,183,123,3,1
death,184,123,3,1
death,182,124,7,1
death,183,124,7,1
death,184,124,7,1
5,185,122,5,1
5,185,123,5,1
5,185,124,5,1
5,185,125,5,1
5,188,122,5,1
5,188,123,5,1
5,188,124,5,1
5,188,125,5,1
death,189,123,3,1
death,190,123,3,1
death,191,123,3,1
death,192,123,3,1
death,189,124,7,1
death,190,124,7,1
death,191,124,7,1
death,192,124,7,1
4,193,124,10,1
4,193,125,14,1
4,193,126,10,1
4,193,127,14,1
0,194,124,11,1
0,194,125,15,1
0,194,126,11,1
0,194,127,15,1
0,195,124,10,1
0,195,125,14,1
0,195,126,10,1
0,195,127,14,1
0,196,124,11,1
0,196,125,15,1
0,196,126,11,1
0,196,127,15,1
0,197,124,10,1
0,197,125,14,1
0,197,126,10,1
0,197,127,14,1
0,198,124,11,1
0,198,125,15,1
0,198,126,11,1
0,198,127,15,1
0,199,124,10,1
0,199,125,14,1
0,199,126,10,1
0,199,127,14,1
0,200,124,11,1
0,200,125,15,1
0,200,126,11,1
0,200,127,15,1
0,201,124,10,1
0,201,125,14,1
0,201,126,10,1
0,201,127,14,1
0,202,124,11,1
0,202,125,15,1
0,202,126,11,1
0,202,127,15,1
4,170,120,10,1
4,170,121,14,1
4,170,122,10,1
4,170,123,14,1
4,170,124,10,1
4,170,125,14,1
4,170,126,10,1
4,170,127,14,1
0,171,120,11,1
0,171,121,15,1
0,171,122,11,1
0,171,123,15,1
0,171,124,11,1
0,171,125,15,1
0,171,126,11,1
0,171,127,15,1
4,172,120,10,1
4,172,121,14,1
4,172,122,10,1
4,172,123,14,1
4,172,124,10,1
4,172,125,14,1
4,172,126,10,1
4,172,127,14,1
0,173,120,11,1
0,173,121,15,1
0,173,122,11,1
0,173,123,15,1
0,173,124,11,1
0,173,125,15,1
0,173,126,11,1
0,173,127,15,1
0,174,120,10,1
0,174,121,14,1
0,174,122,10,1
0,174,123,14,1
0,174,124,10,1
0,174,125,14,1
0,174,126,10,1
0,174,127,14,1
0,175,120,11,1
0,175,121,15,1
0,175,122,11,1
0,175,123,15,1
0,175,124,11,1
0,175,125,15,1
0,175,126,11,1
0,175,127,15,1
0,176,120,10,1
0,176,121,14,1
0,176,122,10,1
0,176,123,14,1
0,176,124,10,1
0,176,125,14,1
0,176,126,10,1
0,176,127,14,1
0,177,120,11,1
0,177,121,15,1
0,177,122,11,1
0,177,123,15,1
0,177,124,11,1
0,177,125,15,1
0,177,126,11,1
0,177,127,15,1
0,178,120,10,1
0,178,121,14,1
0,178,122,10,1
0,178,123,14,1
0,178,124,10,1
0,178,125,14,1
0,178,126,10,1
0,178,127,14,1
0,179,120,11,1
0,179,121,15,1
0,179,122,11,1
0,179,123,15,1
0,179,124,11,1
0,179,125,15,1
0,179,126,11,1
0,179,127,15,1
2,180,120,10,1
2,180,122,10,1
2,180,121,14,1
2,180,123,14,1
2,180,125,14,1
2,180,127,14,1
2,180,126,10,1
2,180,124,10,1
death,181,123,3,1
death,181,124,7,1
