5,0,14,0,1
5,1,14,0,1
5,2,14,0,1
5,3,14,0,1
5,4,14,0,1
5,5,14,0,1
5,6,14,0,1
5,7,14,0,1
5,8,14,0,1
5,9,14,0,1
5,10,14,0,1
5,11,14,0,1
5,12,14,0,1
5,13,14,0,1
5,14,14,0,1
5,15,14,0,1
5,16,14,0,1
5,17,14,0,1
5,18,14,0,1
5,19,14,0,1
5,20,14,0,1
5,0,15,0,1
5,1,15,0,1
5,2,15,0,1
5,3,15,0,1
5,4,15,0,1
5,5,15,0,1
5,6,15,0,1
5,7,15,0,1
5,8,15,0,1
5,9,15,0,1
5,10,15,0,1
5,11,15,0,1
5,12,15,0,1
5,13,15,0,1
5,14,15,0,1
5,15,15,0,1
5,16,15,0,1
5,17,15,0,1
5,18,15,0,1
5,19,15,0,1
5,20,15,0,1
5,24,12,0,1
5,25,12,0,1
5,28,11,0,1
5,29,11,0,1
5,30,14,0,1
5,31,14,0,1
5,32,14,0,1
5,33,14,0,1
5,34,14,0,1
5,35,14,0,1
5,36,14,0,1
5,37,14,0,1
5,38,14,0,1
5,39,14,0,1
5,30,15,0,1
5,31,15,0,1
5,32,15,0,1
5,33,15,0,1
5,34,15,0,1
5,35,15,0,1
5,36,15,0,1
5,37,15,0,1
5,38,15,0,1
5,39,15,0,1
0,10,5,1,3
0,22,4,1,3
0,35,6,1,3