1,12,15,0,1
1,13,15,0,1
1,14,15,0,1
1,15,15,0,1
1,16,15,0,1
1,17,15,0,1
1,18,15,0,1
1,19,15,0,1
1,20,15,0,1
1,21,15,0,1
1,22,15,0,1
1,23,15,0,1
1,24,15,0,1
1,25,15,0,1
1,26,15,0,1
1,27,15,0,1
0,13,16,2,1
0,15,16,2,1
0,17,16,2,1
0,19,16,2,1
0,21,16,2,1
0,23,16,2,1
0,25,16,2,1
0,27,16,2,1
0,29,16,2,1
0,31,16,2,1
0,13,17,2,1
0,17,17,2,1
0,19,17,2,1
0,21,17,2,1
0,23,17,2,1
0,25,17,2,1
0,27,17,2,1
0,29,17,2,1
0,-33,43,2,1
0,12,16,3,1
0,14,16,3,1
0,16,16,3,1
0,18,16,3,1
0,20,16,3,1
0,22,16,3,1
0,24,16,3,1
0,26,16,3,1
0,28,16,3,1
0,30,16,3,1
0,32,16,3,1
0,32,17,3,1
0,32,18,3,1
0,30,18,3,1
0,28,17,3,1
0,28,18,3,1
0,26,17,3,1
0,26,18,3,1
0,24,17,3,1
0,24,18,3,1
0,22,17,3,1
0,22,18,3,1
0,20,17,3,1
0,20,18,3,1
0,18,17,3,1
0,18,18,3,1
0,16,17,3,1
0,16,18,3,1
0,15,17,3,1
0,14,17,3,1
0,14,18,3,1
0,12,17,3,1
0,12,18,3,1
0,13,18,2,1
0,15,18,2,1
0,17,18,2,1
0,19,18,2,1
0,21,18,2,1
0,23,18,2,1
0,25,18,2,1
0,27,18,2,1
0,29,18,2,1
0,31,18,2,1
0,29,15,2,1
0,31,15,2,1
0,30,15,3,1
0,28,15,3,1
0,33,16,2,1
0,33,17,2,1
0,33,18,2,1
0,35,17,2,1
0,35,18,2,1
0,37,16,2,1
0,37,17,2,1
0,37,18,2,1
0,34,16,3,1
0,36,16,3,1
0,36,17,3,1
0,36,18,3,1
0,34,17,3,1
0,34,18,3,1
0,35,13,45,1
0,38,15,3,1
0,38,16,3,1
0,38,17,3,1
0,38,18,3,1
0,40,15,3,1
0,40,16,3,1
0,40,17,3,1
0,40,18,3,1
0,39,15,2,1
0,39,17,2,1
0,39,18,2,1
0,41,15,2,1
0,41,16,2,1
0,41,17,2,1
0,41,18,2,1
1,29,14,0,1
1,30,14,0,1
1,33,15,0,1
1,34,15,0,1
1,35,15,0,1
1,36,15,0,1
1,37,15,0,1
1,39,14,0,1
1,40,14,0,1
1,41,14,0,1
0,35,16,2,1
0,17,-9,49,1
0,16,-10,49,1
0,6,0,48,1
0,6,1,48,1
0,6,2,48,1
0,6,3,48,1
0,6,4,48,1
0,6,5,48,1
0,7,0,48,1
0,7,1,48,1
0,7,2,48,1
0,7,3,48,1
0,7,4,48,1
0,7,5,48,1
0,8,0,48,1
0,8,2,48,1
0,8,3,48,1
0,13,20,48,1
0,15,19,48,1
0,45,19,48,1
0,45,20,48,1
0,45,21,48,1
0,45,22,48,1
0,45,23,48,1
0,46,19,48,1
0,46,20,48,1
0,46,21,48,1
0,46,22,48,1
0,46,23,48,1
0,47,19,48,1
0,47,20,48,1
0,47,21,48,1
0,47,22,48,1
0,47,23,48,1
0,48,19,48,1
0,48,20,48,1
0,48,21,48,1
0,48,22,48,1
0,48,23,48,1
0,49,19,48,1
0,49,20,48,1
0,49,21,48,1
0,49,22,48,1
0,49,23,48,1
0,53,9,48,1
0,53,10,48,1
0,53,11,48,1
0,54,10,48,1
0,55,10,48,1
0,43,9,48,1
0,43,10,48,1
0,44,9,48,1
0,44,10,48,1
5,28,14,0,1
5,38,14,0,1
5,42,14,0,1
0,15,22,49,1
0,39,16,2,1
0,16,14,14,1
0,16,13,14,1
0,16,11,14,1
0,15,14,15,1
0,14,14,16,1
0,12,14,15,1
0,17,9,23,1
0,15,9,23,1
0,15,8,23,1
0,16,8,23,1
0,17,8,23,1
0,12,7,23,1
0,13,7,23,1
0,14,8,23,1
0,15,7,23,1
0,16,7,23,1
0,17,7,23,1
0,14,7,23,1
0,12,0,23,1
0,12,1,23,1
0,12,2,23,1
0,12,3,23,1
0,12,4,23,1
0,12,5,23,1
0,12,6,23,1
0,13,0,23,1
0,13,1,23,1
0,13,2,23,1
0,13,3,23,1
0,13,4,23,1
0,13,5,23,1
0,13,6,23,1
0,14,0,23,1
0,14,1,23,1
0,14,2,23,1
0,14,3,23,1
0,14,4,23,1
0,14,5,23,1
0,14,6,23,1
0,15,0,23,1
0,15,1,23,1
0,15,2,23,1
0,15,3,23,1
0,15,4,23,1
0,15,5,23,1
0,15,6,23,1
0,16,0,23,1
0,16,1,23,1
0,16,2,23,1
0,16,3,23,1
0,16,4,23,1
0,16,5,23,1
0,16,6,23,1
0,17,0,23,1
0,17,1,23,1
0,17,2,23,1
0,17,3,23,1
0,17,4,23,1
0,17,5,23,1
0,17,6,23,1
0,14,9,23,1
0,16,10,25,1
0,13,8,23,1
0,12,8,24,1
0,17,14,15,1
0,19,14,15,1
0,18,14,16,1
0,18,9,23,1
0,18,8,23,1
0,18,7,23,1
0,18,0,23,1
0,18,1,23,1
0,18,2,23,1
0,18,3,23,1
0,18,4,23,1
0,18,5,23,1
0,18,6,23,1
0,21,7,23,1
0,21,0,23,1
0,21,1,23,1
0,21,2,23,1
0,21,3,23,1
0,21,5,23,1
0,21,6,23,1
0,25,9,25,1
0,24,9,25,1
0,22,8,23,1
0,23,8,23,1
0,24,8,23,1
0,25,8,23,1
0,21,8,23,1
0,24,14,14,1
0,24,13,14,1
0,24,12,14,1
0,24,11,14,1
0,24,10,14,1
0,17,10,25,1
0,21,14,15,1
0,23,14,15,1
0,22,14,16,1
0,19,9,21,1
0,22,0,23,1
0,22,1,23,1
0,22,2,23,1
0,22,3,23,1
0,22,4,23,1
0,22,5,23,1
0,22,6,23,1
0,22,7,23,1
0,23,0,23,1
0,23,1,23,1
0,23,2,23,1
0,23,3,23,1
0,23,4,23,1
0,23,5,23,1
0,23,6,23,1
0,23,7,23,1
0,24,0,23,1
0,24,1,23,1
0,24,2,23,1
0,24,3,23,1
0,24,4,23,1
0,24,5,23,1
0,24,6,23,1
0,24,7,23,1
0,25,0,23,1
0,25,1,23,1
0,25,2,23,1
0,25,3,23,1
0,25,4,23,1
0,25,5,23,1
0,25,6,23,1
0,25,7,23,1
0,18,10,21,1
0,19,0,22,1
0,19,1,22,1
0,19,2,22,1
0,19,3,22,1
0,19,4,22,1
0,19,5,22,1
0,19,6,22,1
0,19,7,22,1
0,19,8,22,1
0,20,1,23,1
0,20,2,23,1
0,20,3,23,1
0,20,4,23,1
0,20,5,23,1
0,20,6,23,1
0,20,7,23,1
0,22,9,25,1
0,23,9,25,1
0,26,14,16,1
0,25,14,15,1
0,27,14,15,1
0,28,13,16,1
5,31,14,0,1
0,30,12,14,1
0,30,13,14,1
0,30,11,14,1
0,30,10,25,1
0,32,14,16,1
0,29,0,23,1
0,29,1,23,1
0,29,2,23,1
0,29,3,23,1
0,29,4,23,1
0,29,5,23,1
0,29,6,23,1
0,29,7,23,1
0,29,8,23,1
0,30,0,23,1
0,30,1,23,1
0,30,2,23,1
0,30,3,23,1
0,30,4,23,1
0,30,5,23,1
0,30,6,23,1
0,30,7,23,1
0,30,8,23,1
0,30,9,23,1
0,31,0,23,1
0,31,1,23,1
0,31,2,23,1
0,31,3,23,1
0,31,4,23,1
0,31,5,23,1
0,31,6,23,1
0,31,7,23,1
0,31,8,23,1
0,31,9,23,1
0,0,21,49,1
0,21,4,23,1
0,26,9,25,1
0,29,9,23,1
0,27,9,21,1
0,27,8,22,1
0,27,7,22,1
0,26,0,23,1
0,26,1,23,1
0,26,2,23,1
0,26,3,23,1
0,26,4,23,1
0,26,5,23,1
0,26,6,23,1
0,27,0,23,1
0,27,1,23,1
0,27,2,23,1
0,27,3,23,1
0,27,4,23,1
0,27,6,23,1
0,28,0,23,1
0,28,1,23,1
0,28,2,23,1
0,28,3,23,1
0,28,4,23,1
0,28,5,23,1
0,28,6,23,1
0,26,7,23,1
0,28,7,23,1
0,26,8,23,1
0,32,0,23,1
0,32,1,23,1
0,32,2,23,1
0,32,3,23,1
0,32,4,23,1
0,32,5,23,1
0,32,6,23,1
0,31,10,25,1
0,32,10,21,1
0,33,9,21,1
0,32,9,23,1
0,32,7,23,1
0,32,8,23,1
0,33,0,23,1
0,33,1,23,1
0,33,2,23,1
0,33,3,23,1
0,33,4,23,1
0,33,5,23,1
0,33,6,23,1
0,37,14,16,1
0,33,14,15,1
0,34,14,15,1
0,35,14,15,1
0,36,14,15,1
0,39,11,14,1
0,39,12,14,1
0,38,10,24,1
0,39,10,25,1
0,38,9,23,1
0,39,9,23,1
0,40,9,23,1
0,40,10,25,1
0,41,10,21,1
0,42,9,21,1
0,41,9,23,1
0,38,0,23,1
0,38,1,23,1
0,38,2,23,1
0,38,3,23,1
0,38,4,23,1
0,38,5,23,1
0,38,6,23,1
0,38,7,23,1
0,38,8,23,1
0,39,0,23,1
0,39,1,23,1
0,39,2,23,1
0,39,3,23,1
0,39,4,23,1
0,39,5,23,1
0,39,6,23,1
0,39,7,23,1
0,39,8,23,1
0,40,0,23,1
0,40,1,23,1
0,40,3,23,1
0,40,4,23,1
0,40,5,23,1
0,40,6,23,1
0,40,7,23,1
0,40,8,23,1
0,41,0,23,1
0,41,1,23,1
0,41,2,23,1
0,41,3,23,1
0,41,4,23,1
0,41,5,23,1
0,41,6,23,1
0,41,7,23,1
0,41,8,23,1
0,38,13,15,1
0,40,13,15,1
0,41,13,16,1
0,42,13,15,1
0,37,9,25,1
0,36,9,25,1
0,35,9,24,1
0,35,1,23,1
0,35,2,23,1
0,35,3,23,1
0,35,4,23,1
0,35,5,23,1
0,35,6,23,1
0,35,7,23,1
0,35,8,23,1
0,36,0,23,1
0,36,1,23,1
0,36,2,23,1
0,36,3,23,1
0,36,4,23,1
0,36,5,23,1
0,36,7,23,1
0,36,8,23,1
0,37,0,23,1
0,37,1,23,1
0,37,2,23,1
0,37,3,23,1
0,37,4,23,1
0,37,5,23,1
0,37,6,23,1
0,37,7,23,1
0,37,8,23,1
0,34,6,30,1
0,34,0,23,1
0,34,1,23,1
0,34,2,23,1
0,34,3,23,1
0,34,4,23,1
0,34,5,23,1
0,33,7,23,1
0,33,8,23,1
0,79,69,30,1
0,34,7,22,1
1,32,15,0,1
1,6,15,0,1
1,7,15,0,1
1,8,15,0,1
1,9,15,0,1
1,10,15,0,1
1,11,15,0,1
0,42,15,3,1
0,42,16,3,1
0,42,17,3,1
0,42,18,3,1
0,43,14,2,1
0,43,15,2,1
0,43,16,2,1
0,43,17,2,1
0,43,18,2,1
0,44,14,3,1
0,44,15,3,1
0,44,16,3,1
0,44,17,3,1
0,44,18,3,1
0,46,14,3,1
0,46,15,3,1
0,46,16,3,1
0,46,17,3,1
0,46,18,3,1
0,48,15,3,1
0,48,16,3,1
0,48,17,3,1
0,48,18,3,1
0,50,15,3,1
0,50,16,3,1
0,50,17,3,1
0,50,18,3,1
0,49,15,2,1
0,49,16,2,1
0,49,17,2,1
0,49,18,2,1
0,47,14,2,1
0,47,15,2,1
0,47,16,2,1
0,47,17,2,1
0,47,18,2,1
0,45,14,2,1
0,45,15,2,1
0,45,16,2,1
0,45,17,2,1
0,45,18,2,1
0,51,16,2,1
0,51,17,2,1
0,51,18,2,1
0,53,16,2,1
0,53,17,2,1
0,53,18,2,1
0,55,16,2,1
0,55,17,2,1
0,55,18,2,1
0,57,16,2,1
0,57,17,2,1
0,57,18,2,1
0,59,16,2,1
0,59,17,2,1
0,59,18,2,1
0,52,16,3,1
0,52,17,3,1
0,52,18,3,1
0,54,16,3,1
0,54,17,3,1
0,54,18,3,1
0,56,16,3,1
0,56,17,3,1
0,56,18,3,1
0,58,16,3,1
0,58,17,3,1
0,58,18,3,1
0,16,12,14,1
0,29,10,24,1
0,42,0,23,1
0,42,1,23,1
0,42,2,23,1
0,42,3,23,1
0,42,4,23,1
0,42,5,23,1
0,42,6,23,1
0,42,7,23,1
0,42,8,23,1
0,13,9,24,1
0,13,14,15,1
0,16,9,23,1
0,29,13,15,1
0,31,13,15,1
0,39,13,14,1
0,60,16,3,1
0,60,17,3,1
0,60,18,3,1
0,36,6,23,1
5,43,13,0,1
0,35,0,23,1
0,28,8,23,1
0,28,9,25,1
0,-9,-4,40,1
0,27,5,23,1
0,20,14,15,1
0,43,0,23,1
0,43,1,23,1
0,43,2,23,1
0,43,3,23,1
0,43,4,23,1
0,43,5,23,1
0,44,0,23,1
0,44,1,23,1
0,44,2,23,1
0,44,3,23,1
0,44,4,23,1
0,44,5,23,1
0,45,0,23,1
0,45,1,23,1
0,45,2,23,1
0,45,3,23,1
0,45,4,23,1
0,45,5,23,1
0,46,0,23,1
0,46,1,23,1
0,46,2,23,1
0,46,3,23,1
0,46,4,23,1
0,46,5,23,1
0,47,0,23,1
0,47,1,23,1
0,47,2,23,1
0,47,3,23,1
0,47,4,23,1
0,47,5,23,1
0,48,0,23,1
0,48,1,23,1
0,48,2,23,1
0,48,3,23,1
0,48,4,23,1
0,48,5,23,1
0,49,0,23,1
0,49,1,23,1
0,49,2,23,1
0,49,3,23,1
0,49,4,23,1
0,49,5,23,1
0,50,0,23,1
0,50,1,23,1
0,50,2,23,1
0,50,3,23,1
0,50,4,23,1
0,50,5,23,1
0,51,0,23,1
0,51,1,23,1
0,51,2,23,1
0,51,3,23,1
0,51,4,23,1
0,51,5,23,1
0,52,0,23,1
0,52,1,23,1
0,52,2,23,1
0,52,3,23,1
0,52,4,23,1
0,52,5,23,1
0,53,0,23,1
0,53,1,23,1
0,53,2,23,1
0,53,3,23,1
0,53,4,23,1
0,53,5,23,1
0,54,0,23,1
0,54,1,23,1
0,54,2,23,1
0,54,3,23,1
0,54,4,23,1
0,55,0,23,1
0,55,1,23,1
0,55,2,23,1
0,55,3,23,1
0,56,0,23,1
0,56,1,23,1
0,56,2,23,1
0,56,3,23,1
0,56,4,23,1
0,57,0,23,1
0,57,1,23,1
0,57,2,23,1
0,57,3,23,1
0,57,4,23,1
0,58,0,23,1
0,58,1,23,1
0,58,2,23,1
0,58,3,23,1
0,59,0,23,1
0,59,1,23,1
0,59,2,23,1
0,59,3,23,1
0,60,0,23,1
0,60,1,23,1
0,60,2,23,1
0,60,3,23,1
0,61,0,23,1
0,61,1,23,1
0,61,2,23,1
0,61,3,23,1
0,62,0,23,1
0,62,1,23,1
0,62,2,23,1
0,62,3,23,1
0,63,0,23,1
0,63,1,23,1
0,63,2,23,1
0,63,3,23,1
0,63,4,23,1
0,63,5,23,1
0,65,0,23,1
0,65,1,23,1
0,65,2,23,1
0,65,3,23,1
0,65,4,23,1
0,65,5,23,1
0,66,0,23,1
0,66,1,23,1
0,66,2,23,1
0,66,3,23,1
0,66,4,23,1
0,66,5,23,1
0,67,0,23,1
0,67,1,23,1
0,67,2,23,1
0,67,3,23,1
0,67,4,23,1
0,67,5,23,1
0,68,0,23,1
0,68,1,23,1
0,68,2,23,1
0,68,3,23,1
0,68,4,23,1
0,68,5,23,1
1,44,13,0,1
1,45,13,0,1
1,46,13,0,1
1,47,13,0,1
1,48,13,0,1
1,49,13,0,1
1,50,13,0,1
1,51,13,0,1
1,52,13,0,1
1,53,13,0,1
1,54,13,0,1
1,55,13,0,1
1,56,13,0,1
0,48,14,3,1
0,50,14,3,1
0,52,14,3,1
0,54,14,3,1
0,56,14,3,1
2,57,14,2,1
5,57,13,0,1
0,51,14,2,1
0,53,14,2,1
0,55,14,2,1
0,51,15,2,1
0,53,15,2,1
0,55,15,2,1
0,57,15,2,1
0,56,15,3,1
0,54,15,3,1
0,52,15,3,1
0,49,14,2,1
1,58,14,0,1
1,59,14,0,1
1,60,14,0,1
1,61,14,0,1
1,62,14,0,1
1,63,14,0,1
1,64,14,0,1
5,65,14,0,1
1,67,15,0,1
1,68,15,0,1
1,69,15,0,1
1,70,15,0,1
1,71,15,0,1
1,72,15,0,1
1,73,15,0,1
1,74,15,0,1
1,75,15,0,1
1,76,15,0,1
1,77,15,0,1
1,78,15,0,1
1,79,15,0,1
1,80,15,0,1
1,81,15,0,1
1,82,15,0,1
1,83,15,0,1
1,84,15,0,1
1,85,15,0,1
1,86,15,0,1
1,87,15,0,1
9,88,15,0,1
8,88,16,0,1
8,88,17,0,1
8,88,18,0,1
8,88,19,0,1
8,88,20,0,1
8,88,21,0,1
8,88,22,0,1
8,88,23,0,1
8,88,24,0,1
8,88,25,0,1
8,88,26,0,1
0,43,12,16,1
0,44,12,15,1
0,46,12,15,1
0,47,12,15,1
0,48,12,15,1
0,49,12,16,1
0,50,12,15,1
0,52,12,15,1
0,53,12,15,1
0,54,12,15,1
0,55,12,15,1
0,56,12,15,1
0,57,12,15,1
0,58,15,3,1
0,60,15,3,1
0,61,15,2,1
0,61,16,2,1
0,61,17,2,1
0,61,18,2,1
0,63,16,2,1
0,63,17,2,1
0,63,18,2,1
0,65,16,2,1
0,65,17,2,1
0,65,18,2,1
0,67,16,2,1
0,67,17,2,1
0,67,18,2,1
0,69,16,2,1
0,69,17,2,1
0,69,18,2,1
0,71,16,2,1
0,71,17,2,1
0,71,18,2,1
0,73,16,2,1
0,73,17,2,1
0,73,18,2,1
0,75,16,2,1
0,75,17,2,1
0,75,18,2,1
0,77,16,2,1
0,77,17,2,1
0,77,18,2,1
0,79,16,2,1
0,79,17,2,1
0,79,18,2,1
0,79,19,2,1
0,79,20,2,1
0,79,21,2,1
0,79,22,2,1
0,79,23,2,1
0,79,24,2,1
0,77,19,2,1
0,81,16,2,1
0,81,17,2,1
0,81,18,2,1
0,81,19,2,1
0,81,20,2,1
0,81,21,2,1
0,81,22,2,1
0,81,23,2,1
0,81,24,2,1
0,81,25,2,1
0,81,26,2,1
0,83,16,2,1
0,83,17,2,1
0,83,18,2,1
0,83,19,2,1
0,83,20,2,1
0,83,21,2,1
0,83,22,2,1
0,83,23,2,1
0,83,24,2,1
0,85,16,2,1
0,85,17,2,1
0,85,18,2,1
0,85,19,2,1
0,85,20,2,1
0,85,21,2,1
0,85,22,2,1
0,85,23,2,1
0,85,24,2,1
0,87,16,2,1
0,87,17,2,1
0,87,18,2,1
0,87,19,2,1
0,87,20,2,1
0,87,21,2,1
0,87,22,2,1
0,87,23,2,1
0,87,24,2,1
0,62,15,3,1
0,62,16,3,1
0,62,17,3,1
0,62,18,3,1
0,64,15,3,1
0,64,16,3,1
0,64,17,3,1
0,64,18,3,1
1,66,15,0,1
0,66,16,3,1
0,66,17,3,1
0,66,18,3,1
0,68,16,3,1
0,68,17,3,1
0,68,18,3,1
0,70,16,3,1
0,70,17,3,1
0,70,18,3,1
0,72,16,3,1
0,72,17,3,1
0,72,18,3,1
0,74,16,3,1
0,74,17,3,1
0,74,18,3,1
0,76,16,3,1
0,76,17,3,1
0,76,18,3,1
0,78,16,3,1
0,78,17,3,1
0,78,18,3,1
0,78,19,3,1
0,78,20,3,1
0,78,21,3,1
0,78,22,3,1
0,80,16,3,1
0,80,17,3,1
0,80,18,3,1
0,80,19,3,1
0,80,20,3,1
0,80,21,3,1
0,80,22,3,1
0,80,23,3,1
0,80,24,3,1
0,82,16,3,1
0,82,17,3,1
0,82,18,3,1
0,82,19,3,1
0,82,20,3,1
0,82,21,3,1
0,82,22,3,1
0,82,23,3,1
0,82,24,3,1
0,84,16,3,1
0,84,17,3,1
0,84,18,3,1
0,84,19,3,1
0,84,20,3,1
0,84,21,3,1
0,84,22,3,1
0,84,23,3,1
0,84,24,3,1
0,86,16,3,1
0,86,17,3,1
0,86,18,3,1
0,86,19,3,1
0,86,20,3,1
0,86,21,3,1
0,86,22,3,1
0,86,23,3,1
0,86,24,3,1
0,90,3,3,1
0,90,4,3,1
0,90,5,3,1
0,90,6,3,1
0,90,7,3,1
0,90,8,3,1
0,90,9,3,1
0,90,10,3,1
0,90,11,3,1
0,90,12,3,1
0,90,13,3,1
0,90,14,3,1
0,90,15,3,1
0,90,16,3,1
0,90,17,3,1
0,90,18,3,1
0,90,19,3,1
0,90,20,3,1
0,90,21,3,1
0,90,22,3,1
0,90,23,3,1
0,90,24,3,1
0,92,4,3,1
0,92,5,3,1
0,92,6,3,1
0,92,7,3,1
0,92,8,3,1
0,92,9,3,1
0,92,10,3,1
0,92,11,3,1
0,92,12,3,1
0,92,13,3,1
0,92,14,3,1
0,92,15,3,1
0,92,16,3,1
0,92,17,3,1
0,92,18,3,1
0,92,19,3,1
0,92,20,3,1
0,92,21,3,1
0,92,22,3,1
0,92,23,3,1
0,92,24,3,1
0,94,3,3,1
0,94,4,3,1
0,94,5,3,1
0,94,6,3,1
0,94,7,3,1
0,94,8,3,1
0,94,9,3,1
0,94,10,3,1
0,94,11,3,1
0,94,12,3,1
0,94,13,3,1
0,94,14,3,1
0,94,15,3,1
0,94,16,3,1
0,94,17,3,1
0,94,18,3,1
0,94,19,3,1
0,94,20,3,1
0,94,21,3,1
0,94,22,3,1
0,94,23,3,1
0,94,24,3,1
0,96,3,3,1
0,96,4,3,1
0,96,5,3,1
0,96,6,3,1
0,96,7,3,1
0,96,8,3,1
0,96,9,3,1
0,96,10,3,1
0,96,11,3,1
0,96,12,3,1
0,96,13,3,1
0,96,14,3,1
0,96,15,3,1
0,96,16,3,1
0,96,17,3,1
0,96,18,3,1
0,96,19,3,1
0,96,20,3,1
0,96,21,3,1
0,96,22,3,1
0,96,23,3,1
0,96,24,3,1
0,98,3,3,1
0,98,4,3,1
0,98,5,3,1
0,98,6,3,1
0,98,7,3,1
0,98,8,3,1
0,98,9,3,1
0,98,10,3,1
0,98,11,3,1
0,98,12,3,1
0,98,13,3,1
0,98,14,3,1
0,98,15,3,1
0,98,16,3,1
0,98,17,3,1
0,98,18,3,1
0,98,19,3,1
0,98,20,3,1
0,98,21,3,1
0,98,22,3,1
0,98,23,3,1
0,98,24,3,1
4,89,3,2,1
4,89,4,2,1
4,89,5,2,1
4,89,6,2,1
4,89,7,2,1
4,89,8,2,1
4,89,9,2,1
4,89,11,2,1
4,89,12,2,1
4,89,13,2,1
4,89,14,2,1
4,89,15,2,1
4,89,16,2,1
4,89,17,2,1
4,89,18,2,1
4,89,19,2,1
4,89,20,2,1
4,89,21,2,1
4,89,22,2,1
4,89,23,2,1
4,89,24,2,1
0,91,3,2,1
0,91,4,2,1
0,91,5,2,1
0,91,6,2,1
0,91,7,2,1
0,91,8,2,1
0,91,9,2,1
0,91,10,2,1
0,91,11,2,1
0,91,12,2,1
0,91,13,2,1
0,91,14,2,1
0,91,15,2,1
0,91,16,2,1
0,91,17,2,1
0,91,18,2,1
0,91,19,2,1
0,91,20,2,1
0,91,21,2,1
0,91,22,2,1
0,91,23,2,1
0,91,24,2,1
0,93,3,2,1
0,93,4,2,1
0,93,5,2,1
0,93,6,2,1
0,93,7,2,1
0,93,8,2,1
0,93,9,2,1
0,93,10,2,1
0,93,11,2,1
0,93,12,2,1
0,93,13,2,1
0,93,14,2,1
0,93,15,2,1
0,93,16,2,1
0,93,17,2,1
0,93,18,2,1
0,93,19,2,1
0,93,20,2,1
0,93,21,2,1
0,93,22,2,1
0,93,23,2,1
0,93,24,2,1
0,95,3,2,1
0,95,4,2,1
0,95,5,2,1
0,95,6,2,1
0,95,7,2,1
0,95,8,2,1
0,95,9,2,1
0,95,10,2,1
0,95,11,2,1
0,95,12,2,1
0,95,13,2,1
0,95,14,2,1
0,95,15,2,1
0,95,16,2,1
0,95,17,2,1
0,95,18,2,1
0,95,19,2,1
0,95,20,2,1
0,95,21,2,1
0,95,22,2,1
0,95,23,2,1
0,95,24,2,1
0,97,3,2,1
0,97,4,2,1
0,97,5,2,1
0,97,6,2,1
0,97,7,2,1
0,97,8,2,1
0,97,9,2,1
0,97,10,2,1
0,97,11,2,1
0,97,12,2,1
0,97,13,2,1
0,97,14,2,1
0,97,15,2,1
0,97,16,2,1
0,97,17,2,1
0,97,18,2,1
0,97,19,2,1
0,97,20,2,1
0,97,21,2,1
0,97,22,2,1
0,97,23,2,1
0,97,24,2,1
0,59,15,2,1
0,63,15,2,1
0,65,15,2,1
0,11,16,2,1
0,11,17,2,1
0,11,18,2,1
0,10,16,3,1
0,10,17,3,1
0,10,18,3,1
0,11,0,23,1
0,11,1,23,1
0,11,2,23,1
0,11,3,23,1
0,11,4,23,1
0,11,5,23,1
0,11,6,23,1
0,11,7,24,1
0,45,12,14,1
0,45,11,14,1
0,45,10,14,1
0,45,9,14,1
0,46,8,25,1
0,47,8,21,1
0,43,8,25,1
0,43,6,23,1
0,43,7,23,1
0,44,6,23,1
0,45,6,23,1
0,46,6,23,1
0,46,7,23,1
0,47,7,23,1
0,48,7,21,1
0,47,6,23,1
0,48,6,23,1
0,49,7,24,1
0,50,8,24,1
0,51,9,14,1
0,51,10,14,1
0,51,11,14,1
0,51,12,14,1
0,51,8,25,1
0,49,6,23,1
0,50,6,23,1
0,51,6,23,1
0,51,7,23,1
0,52,6,23,1
0,52,7,23,1
0,52,8,25,1
0,53,8,21,1
0,53,6,23,1
0,53,7,23,1
0,54,7,21,1
0,58,13,16,1
0,59,13,15,1
0,61,13,15,1
0,63,13,15,1
0,65,13,15,1
0,62,13,16,1
0,64,13,16,1
0,60,8,14,1
0,60,9,14,1
0,60,10,14,1
0,60,11,14,1
0,60,12,14,1
0,60,13,14,1
0,60,7,25,1
0,61,7,25,1
0,62,7,25,1
0,31,17,2,1
0,30,17,3,1
0,55,6,21,1
0,54,6,23,1
0,54,5,23,1
0,59,7,24,1
0,58,6,24,1
0,57,5,25,1
0,56,5,25,1
0,55,4,23,1
0,55,5,23,1
0,58,4,23,1
0,58,5,23,1
0,59,4,23,1
0,59,5,23,1
0,60,4,23,1
0,60,5,23,1
0,61,4,23,1
0,61,5,23,1
0,62,4,23,1
0,62,5,23,1
0,59,6,23,1
0,60,6,23,1
0,61,6,23,1
0,62,6,23,1
0,63,7,21,1
0,63,6,23,1
0,64,0,22,1
0,64,1,22,1
0,64,2,22,1
0,64,3,22,1
0,64,4,22,1
0,64,5,22,1
0,66,14,15,1
0,67,14,15,1
0,69,14,15,1
0,68,14,14,1
0,68,13,14,1
0,68,12,14,1
0,68,11,14,1
0,68,10,14,1
0,68,9,25,1
0,67,9,24,1
0,66,8,24,1
0,65,7,24,1
0,66,7,23,1
0,67,8,23,1
0,68,8,23,1
0,65,6,23,1
0,66,6,23,1
0,67,6,23,1
0,68,6,23,1
0,67,7,23,1
0,68,7,23,1
0,64,6,25,1
0,69,9,25,1
0,70,9,25,1
0,71,9,21,1
0,69,0,23,1
0,69,1,23,1
0,69,2,23,1
0,69,3,23,1
0,69,4,23,1
0,69,5,23,1
0,69,6,23,1
0,69,7,23,1
0,69,8,23,1
0,70,0,23,1
0,70,1,23,1
0,70,2,23,1
0,70,3,23,1
0,70,4,23,1
0,70,5,23,1
0,70,6,23,1
0,70,7,23,1
0,70,8,23,1
0,71,0,23,1
0,71,1,23,1
0,71,2,23,1
0,71,3,23,1
0,71,4,23,1
0,71,5,23,1
0,71,6,23,1
0,71,7,23,1
0,71,8,23,1
0,70,14,16,1
0,71,14,15,1
0,73,14,15,1
0,72,14,16,1
0,75,14,15,1
0,77,14,15,1
0,79,14,15,1
0,81,14,15,1
0,83,14,15,1
0,85,14,15,1
0,87,14,15,1
0,76,14,16,1
0,78,14,16,1
0,82,14,16,1
0,84,14,16,1
0,74,14,14,1
0,74,13,14,1
0,74,12,14,1
0,74,11,14,1
0,80,14,14,1
0,80,13,14,1
0,80,12,14,1
0,80,11,14,1
0,86,14,14,1
0,86,13,14,1
0,86,12,14,1
0,86,11,14,1
0,86,10,14,1
0,75,10,25,1
0,76,10,21,1
0,77,9,21,1
0,72,0,23,1
0,72,1,23,1
0,72,2,23,1
0,72,3,23,1
0,72,4,23,1
0,72,5,23,1
0,72,6,23,1
0,73,0,23,1
0,73,1,23,1
0,73,2,23,1
0,73,3,23,1
0,73,4,23,1
0,73,5,23,1
0,73,6,23,1
0,74,0,23,1
0,74,1,23,1
0,74,2,23,1
0,74,3,23,1
0,74,4,23,1
0,74,5,23,1
0,74,6,23,1
0,75,0,23,1
0,75,1,23,1
0,75,2,23,1
0,75,3,23,1
0,75,4,23,1
0,75,5,23,1
0,75,6,23,1
0,76,0,23,1
0,76,1,23,1
0,76,2,23,1
0,76,3,23,1
0,76,4,23,1
0,76,5,23,1
0,76,6,23,1
0,77,0,23,1
0,77,1,23,1
0,77,2,23,1
0,77,3,23,1
0,77,4,23,1
0,77,5,23,1
0,77,8,23,1
0,74,7,23,1
0,74,8,23,1
0,75,7,23,1
0,75,8,23,1
0,75,9,23,1
0,76,7,23,1
0,76,8,23,1
0,76,9,23,1
0,73,10,24,1
0,72,9,24,1
0,72,7,23,1
0,72,8,23,1
0,73,7,23,1
0,73,8,23,1
0,73,9,23,1
0,80,10,25,1
0,81,10,25,1
0,82,10,21,1
0,83,9,21,1
0,79,10,24,1
0,78,9,24,1
0,77,6,23,1
0,77,7,23,1
0,79,9,23,1
0,80,9,23,1
0,81,9,23,1
0,82,9,23,1
0,78,0,23,1
0,78,1,23,1
0,78,2,23,1
0,78,3,23,1
0,78,4,23,1
0,78,5,23,1
0,78,6,23,1
0,78,8,23,1
0,79,0,23,1
0,79,1,23,1
0,79,2,23,1
0,79,3,23,1
0,79,4,23,1
0,79,5,23,1
0,79,6,23,1
0,79,7,23,1
0,79,8,23,1
0,80,0,23,1
0,80,1,23,1
0,80,2,23,1
0,80,3,23,1
0,80,4,23,1
0,80,5,23,1
0,80,6,23,1
0,80,7,23,1
0,80,8,23,1
0,81,0,23,1
0,81,1,23,1
0,81,2,23,1
0,81,3,23,1
0,81,4,23,1
0,81,5,23,1
0,81,6,23,1
0,81,7,23,1
0,81,8,23,1
0,82,0,23,1
0,82,1,23,1
0,82,2,23,1
0,82,3,23,1
0,82,4,23,1
0,82,5,23,1
0,82,6,23,1
0,82,7,23,1
0,82,8,23,1
0,83,0,23,1
0,83,1,23,1
0,83,2,23,1
0,83,3,23,1
0,83,4,23,1
0,83,5,23,1
0,86,9,25,1
0,87,9,25,1
0,88,9,25,1
0,86,3,23,1
0,86,4,23,1
0,86,5,23,1
0,86,6,23,1
0,86,7,23,1
0,86,8,23,1
0,87,3,23,1
0,87,4,23,1
0,87,5,23,1
0,87,6,23,1
0,87,7,23,1
0,87,8,23,1
0,88,3,23,1
0,88,4,23,1
0,88,5,23,1
0,88,6,23,1
0,88,7,23,1
0,88,8,23,1
0,85,9,24,1
0,84,0,23,1
0,84,1,23,1
0,84,2,23,1
0,84,3,23,1
0,84,4,23,1
0,84,5,23,1
0,84,6,23,1
0,84,7,23,1
0,85,0,23,1
0,85,1,23,1
0,85,2,23,1
0,85,3,23,1
0,85,4,23,1
0,85,5,23,1
0,85,6,23,1
0,85,7,23,1
0,85,8,23,1
0,83,6,22,1
0,83,7,22,1
0,83,8,22,1
0,84,8,25,1
0,118,41,25,1
0,86,0,23,1
0,86,1,23,1
0,86,2,23,1
0,87,0,23,1
0,87,1,23,1
0,87,2,23,1
0,88,0,23,1
0,88,1,23,1
0,88,2,23,1
0,89,0,2,1
0,89,1,2,1
0,89,2,2,1
0,91,0,2,1
0,91,1,2,1
0,91,2,2,1
0,93,0,2,1
0,93,1,2,1
0,93,2,2,1
0,95,0,2,1
0,95,1,2,1
0,95,2,2,1
0,97,0,2,1
0,97,1,2,1
0,97,2,2,1
0,90,0,3,1
0,90,1,3,1
0,90,2,3,1
0,92,0,3,1
0,92,1,3,1
0,92,2,3,1
0,92,3,3,1
0,94,0,3,1
0,94,1,3,1
0,94,2,3,1
0,96,0,3,1
0,96,1,3,1
0,96,2,3,1
0,98,0,3,1
0,98,1,3,1
0,98,2,3,1
0,44,7,23,1
0,45,7,23,1
0,44,8,25,1
0,45,8,25,1
0,50,7,23,1
0,78,7,23,1
0,40,2,23,1
0,20,0,23,1
0,34,8,25,1
0,74,9,23,1
0,74,10,23,1
4,89,10,2,1
0,21,9,24,1
0,20,8,25,1
0,15,10,24,1
2,11,8,46,1
2,11,9,46,1
2,11,10,46,1
2,11,11,46,1
2,11,12,46,1
2,11,13,46,1
2,11,14,46,1
0,67,-6,3,1
0,99,0,3,1
0,99,1,3,1
0,99,2,3,1
0,99,3,3,1
0,99,4,3,1
0,99,5,3,1
0,99,6,3,1
0,99,7,3,1
0,99,8,3,1
0,99,9,3,1
0,99,10,3,1
0,99,11,3,1
0,99,12,3,1
0,99,13,3,1
0,99,14,3,1
0,99,15,3,1
0,99,16,3,1
0,99,17,3,1
0,99,18,3,1
0,99,19,3,1
0,99,20,3,1
0,99,21,3,1
0,99,22,3,1
0,99,23,3,1
0,99,24,3,1
0,102,0,3,1
0,102,1,3,1
0,102,2,3,1
0,102,3,3,1
0,102,4,3,1
0,102,5,3,1
0,102,6,3,1
0,102,7,3,1
0,102,8,3,1
0,102,9,3,1
0,102,10,3,1
0,102,11,3,1
0,102,12,3,1
0,102,13,3,1
0,102,14,3,1
0,102,15,3,1
0,102,16,3,1
0,102,17,3,1
0,102,18,3,1
0,102,19,3,1
0,102,20,3,1
0,102,21,3,1
0,102,22,3,1
0,102,23,3,1
0,102,24,3,1
0,100,0,2,1
0,100,1,2,1
0,100,2,2,1
0,100,3,2,1
0,100,4,2,1
0,100,5,2,1
0,100,6,2,1
0,100,7,2,1
0,100,8,2,1
0,100,9,2,1
0,100,10,2,1
0,100,11,2,1
0,100,12,2,1
0,100,13,2,1
0,100,14,2,1
0,100,15,2,1
0,100,16,2,1
0,100,17,2,1
0,100,18,2,1
0,100,19,2,1
0,100,20,2,1
0,100,21,2,1
0,100,22,2,1
0,100,23,2,1
0,100,24,2,1
0,101,0,2,1
0,101,1,2,1
0,101,2,2,1
0,101,3,2,1
0,101,4,2,1
0,101,5,2,1
0,101,6,2,1
0,101,7,2,1
0,101,8,2,1
0,101,9,2,1
0,101,10,2,1
0,101,11,2,1
0,101,12,2,1
0,101,13,2,1
0,101,14,2,1
0,101,15,2,1
0,101,16,2,1
0,101,17,2,1
0,101,18,2,1
0,101,19,2,1
0,101,20,2,1
0,101,21,2,1
0,101,22,2,1
0,101,23,2,1
0,101,24,2,1
0,103,0,2,1
0,103,1,2,1
0,103,2,2,1
0,103,3,2,1
0,103,4,2,1
0,103,5,2,1
0,103,6,2,1
0,103,7,2,1
0,103,8,2,1
0,103,9,2,1
0,103,10,2,1
0,103,11,2,1
0,103,12,2,1
0,103,13,2,1
0,103,14,2,1
0,103,15,2,1
0,103,16,2,1
0,103,17,2,1
0,103,18,2,1
0,103,19,2,1
0,103,20,2,1
0,103,21,2,1
0,103,22,2,1
0,103,23,2,1
0,103,24,2,1
0,20,10,11,2
0,20,11,11,2
0,20,12,11,2
0,20,13,11,2
0,20,17,11,2
0,20,18,11,2
0,20,19,11,2
0,20,20,11,2
0,20,21,11,2
0,19,9,27,2
0,21,9,27,2
0,18,9,28,2
0,22,9,27,2
0,23,9,29,2
0,20,9,27,2
0,19,6,26,2
0,19,7,26,2
0,19,8,26,2
0,20,6,26,2
0,20,7,26,2
0,20,8,26,2
0,21,6,26,2
0,21,7,26,2
0,21,8,26,2
0,22,6,26,2
0,22,7,26,2
0,22,8,26,2
0,18,6,26,2
0,17,6,26,2
0,17,7,26,2
0,18,7,26,2
0,18,8,26,2
0,23,6,26,2
0,23,7,26,2
0,23,8,26,2
0,17,4,26,2
0,17,5,26,2
0,18,4,26,2
0,18,5,26,2
0,19,4,26,2
0,19,5,26,2
0,20,4,26,2
0,20,5,26,2
0,21,4,26,2
0,21,5,26,2
0,22,4,26,2
0,22,5,26,2
0,23,4,26,2
0,23,5,26,2
0,24,4,26,2
0,24,5,26,2
0,24,6,26,2
0,24,7,26,2
0,16,5,26,2
0,16,2,26,2
0,16,3,26,2
0,17,2,26,2
0,17,3,26,2
0,18,2,26,2
0,18,3,26,2
0,19,2,26,2
0,19,3,26,2
0,20,2,26,2
0,20,3,26,2
0,21,2,26,2
0,21,3,26,2
0,22,2,26,2
0,22,3,26,2
0,23,2,26,2
0,23,3,26,2
0,24,2,26,2
0,24,3,26,2
0,14,12,11,2
0,14,13,11,2
0,14,17,11,2
0,14,18,11,2
0,14,19,11,2
0,14,20,11,2
0,14,21,11,2
0,14,11,27,2
0,14,2,26,2
0,14,3,26,2
0,14,4,26,2
0,14,5,26,2
0,14,6,26,2
0,14,7,26,2
0,14,8,26,2
0,14,9,26,2
0,14,10,26,2
0,15,2,26,2
0,15,3,26,2
0,15,4,26,2
0,15,5,26,2
0,15,6,26,2
0,15,7,26,2
0,16,10,29,2
0,15,8,26,2
0,15,9,26,2
0,16,7,26,2
0,16,8,26,2
0,16,9,26,2
0,16,6,26,2
0,13,2,26,2
0,13,3,26,2
0,13,4,26,2
0,13,5,26,2
0,13,6,26,2
0,13,7,26,2
0,13,8,26,2
0,13,9,26,2
0,13,10,26,2
0,12,10,28,2
0,13,11,28,2
0,12,4,26,2
0,12,5,26,2
0,12,6,26,2
0,12,7,26,2
0,12,8,26,2
0,12,9,26,2
0,16,4,26,2
0,26,10,11,2
0,26,11,11,2
0,26,12,11,2
0,26,13,11,2
0,26,17,11,2
0,26,18,11,2
0,26,19,11,2
0,26,20,11,2
0,26,21,11,2
0,26,9,27,2
0,27,9,27,2
0,25,9,28,2
0,25,2,26,2
0,25,3,26,2
0,25,4,26,2
0,25,5,26,2
0,25,6,26,2
0,25,7,26,2
0,25,8,26,2
0,26,2,26,2
0,26,3,26,2
0,26,4,26,2
0,26,5,26,2
0,26,6,26,2
0,26,7,26,2
0,26,8,26,2
0,27,2,26,2
0,27,3,26,2
0,27,4,26,2
0,27,5,26,2
0,27,6,26,2
0,27,7,26,2
0,27,8,26,2
0,28,9,29,2
0,28,2,26,2
0,28,3,26,2
0,28,4,26,2
0,28,5,26,2
0,28,6,26,2
0,28,7,26,2
0,28,8,26,2
0,20,14,11,2
0,20,15,11,2
0,20,16,11,2
0,26,14,11,2
0,26,15,11,2
0,26,16,11,2
0,14,14,11,2
0,14,15,11,2
0,14,16,11,2
0,41,10,11,2
0,41,11,11,2
0,41,12,11,2
0,41,13,11,2
0,41,14,11,2
0,41,15,11,2
0,41,16,11,2
0,41,17,11,2
0,41,18,11,2
0,41,19,11,2
0,41,20,11,2
0,41,9,27,2
0,42,9,27,2
0,40,9,27,2
0,39,9,28,2
0,43,9,29,2
0,39,8,26,2
0,40,8,26,2
0,41,8,26,2
0,42,8,26,2
0,43,8,26,2
0,29,2,26,2
0,29,3,26,2
0,29,4,26,2
0,29,5,26,2
0,29,6,26,2
0,29,7,26,2
0,30,2,26,2
0,30,3,26,2
0,30,4,26,2
0,30,5,26,2
0,30,6,26,2
0,30,7,26,2
0,31,2,26,2
0,31,3,26,2
0,31,4,26,2
0,31,5,26,2
0,31,6,26,2
0,31,7,26,2
0,32,2,26,2
0,32,3,26,2
0,32,4,26,2
0,32,5,26,2
0,32,6,26,2
0,32,7,26,2
0,33,2,26,2
0,33,3,26,2
0,33,4,26,2
0,33,5,26,2
0,33,6,26,2
0,33,7,26,2
0,34,2,26,2
0,34,3,26,2
0,34,4,26,2
0,34,5,26,2
0,34,6,26,2
0,34,7,26,2
0,35,2,26,2
0,35,3,26,2
0,35,4,26,2
0,35,5,26,2
0,35,6,26,2
0,35,7,26,2
0,36,2,26,2
0,36,3,26,2
0,36,4,26,2
0,36,5,26,2
0,36,6,26,2
0,36,7,26,2
0,37,2,26,2
0,37,3,26,2
0,37,4,26,2
0,37,5,26,2
0,37,6,26,2
0,37,7,26,2
0,38,2,26,2
0,38,3,26,2
0,38,4,26,2
0,38,5,26,2
0,38,6,26,2
0,38,7,26,2
0,39,2,26,2
0,39,3,26,2
0,39,4,26,2
0,39,5,26,2
0,39,6,26,2
0,39,7,26,2
0,40,2,26,2
0,40,3,26,2
0,40,4,26,2
0,40,5,26,2
0,40,6,26,2
0,40,7,26,2
0,41,2,26,2
0,41,3,26,2
0,41,4,26,2
0,41,5,26,2
0,41,6,26,2
0,41,7,26,2
0,42,2,26,2
0,42,3,26,2
0,42,4,26,2
0,42,5,26,2
0,42,6,26,2
0,42,7,26,2
0,43,2,26,2
0,43,3,26,2
0,43,4,26,2
0,43,5,26,2
0,43,6,26,2
0,43,7,26,2
0,44,2,26,2
0,44,3,26,2
0,44,4,26,2
0,44,5,26,2
0,44,6,26,2
0,45,2,26,2
0,45,3,26,2
0,45,4,26,2
0,45,5,26,2
0,45,6,26,2
0,46,2,26,2
0,46,3,26,2
0,46,4,26,2
0,46,5,26,2
0,46,6,26,2
0,47,2,26,2
0,47,3,26,2
0,47,4,26,2
0,47,5,26,2
0,47,6,26,2
0,48,2,26,2
0,48,3,26,2
0,48,4,26,2
0,48,5,26,2
0,48,6,26,2
0,49,2,26,2
0,49,3,26,2
0,49,4,26,2
0,49,5,26,2
0,49,6,26,2
0,50,2,26,2
0,50,3,26,2
0,50,4,26,2
0,50,5,26,2
0,50,6,26,2
0,51,2,26,2
0,51,3,26,2
0,51,4,26,2
0,51,5,26,2
0,51,6,26,2
0,52,2,26,2
0,52,3,26,2
0,52,4,26,2
0,52,5,26,2
0,52,6,26,2
0,53,2,26,2
0,53,3,26,2
0,53,4,26,2
0,53,5,26,2
0,53,6,26,2
0,54,2,26,2
0,54,3,26,2
0,54,4,26,2
0,54,5,26,2
0,54,6,26,2
0,55,2,26,2
0,55,3,26,2
0,55,4,26,2
0,55,5,26,2
0,55,6,26,2
0,56,2,26,2
0,56,3,26,2
0,56,4,26,2
0,56,5,26,2
0,56,6,26,2
0,57,2,26,2
0,57,3,26,2
0,57,4,26,2
0,57,5,26,2
0,57,6,26,2
0,58,2,26,2
0,58,3,26,2
0,58,4,26,2
0,58,5,26,2
0,58,6,26,2
0,59,2,26,2
0,59,3,26,2
0,59,4,26,2
0,59,5,26,2
0,59,6,26,2
0,60,2,26,2
0,60,3,26,2
0,60,4,26,2
0,60,5,26,2
0,60,6,26,2
0,61,2,26,2
0,61,3,26,2
0,61,4,26,2
0,61,5,26,2
0,61,6,26,2
0,62,2,26,2
0,62,3,26,2
0,62,4,26,2
0,62,5,26,2
0,62,6,26,2
0,63,2,26,2
0,63,3,26,2
0,63,4,26,2
0,63,5,26,2
0,63,6,26,2
0,64,2,26,2
0,64,3,26,2
0,64,4,26,2
0,64,5,26,2
0,64,6,26,2
0,65,2,26,2
0,65,3,26,2
0,65,4,26,2
0,65,5,26,2
0,65,6,26,2
0,66,2,26,2
0,66,3,26,2
0,66,4,26,2
0,66,5,26,2
0,66,6,26,2
0,67,2,26,2
0,67,3,26,2
0,67,4,26,2
0,67,5,26,2
0,67,6,26,2
0,68,2,26,2
0,68,3,26,2
0,68,4,26,2
0,68,5,26,2
0,68,6,26,2
0,69,2,26,2
0,69,3,26,2
0,69,4,26,2
0,69,5,26,2
0,69,6,26,2
0,70,2,26,2
0,70,3,26,2
0,70,4,26,2
0,70,5,26,2
0,70,6,26,2
0,71,2,26,2
0,71,3,26,2
0,71,4,26,2
0,71,5,26,2
0,71,6,26,2
0,72,2,26,2
0,72,3,26,2
0,72,4,26,2
0,72,5,26,2
0,72,6,26,2
0,73,2,26,2
0,73,3,26,2
0,73,4,26,2
0,73,5,26,2
0,73,6,26,2
0,74,2,26,2
0,74,3,26,2
0,74,4,26,2
0,74,5,26,2
0,74,6,26,2
0,75,2,26,2
0,75,3,26,2
0,75,4,26,2
0,75,5,26,2
0,75,6,26,2
0,76,2,26,2
0,76,3,26,2
0,76,4,26,2
0,76,5,26,2
0,76,6,26,2
0,77,2,26,2
0,77,3,26,2
0,77,4,26,2
0,77,5,26,2
0,77,6,26,2
0,78,2,26,2
0,78,3,26,2
0,78,4,26,2
0,78,5,26,2
0,78,6,26,2
0,79,2,26,2
0,79,3,26,2
0,79,4,26,2
0,79,5,26,2
0,79,6,26,2
0,80,2,26,2
0,80,3,26,2
0,80,4,26,2
0,80,5,26,2
0,80,6,26,2
0,81,2,26,2
0,81,3,26,2
0,81,4,26,2
0,81,5,26,2
0,81,6,26,2
0,82,2,26,2
0,82,3,26,2
0,82,4,26,2
0,82,5,26,2
0,82,6,26,2
0,83,2,26,2
0,83,3,26,2
0,83,4,26,2
0,83,5,26,2
0,83,6,26,2
0,84,2,26,2
0,84,3,26,2
0,84,4,26,2
0,84,5,26,2
0,84,6,26,2
0,85,2,26,2
0,85,3,26,2
0,85,4,26,2
0,85,5,26,2
0,85,6,26,2
0,86,2,26,2
0,86,3,26,2
0,86,4,26,2
0,86,5,26,2
0,86,6,26,2
0,87,2,26,2
0,87,3,26,2
0,87,4,26,2
0,87,5,26,2
0,87,6,26,2
0,88,2,26,2
0,88,3,26,2
0,88,4,26,2
0,88,5,26,2
0,88,6,26,2
0,89,2,26,2
0,89,3,26,2
0,89,4,26,2
0,89,5,26,2
0,89,6,26,2
0,90,2,26,2
0,90,3,26,2
0,90,4,26,2
0,90,5,26,2
0,90,6,26,2
0,45,7,26,2
0,47,11,11,2
0,47,12,11,2
0,47,13,11,2
0,47,14,11,2
0,47,15,11,2
0,47,16,11,2
0,47,17,11,2
0,47,18,11,2
0,47,19,11,2
0,47,20,11,2
0,47,10,27,2
0,48,10,29,2
0,49,9,29,2
0,46,10,28,2
0,46,7,26,2
0,46,8,26,2
0,47,7,26,2
0,47,8,26,2
0,48,7,26,2
0,48,8,26,2
0,47,9,26,2
0,48,9,26,2
0,46,9,26,2
0,45,9,28,2
0,44,7,26,2
0,45,8,26,2
0,44,8,26,2
0,49,7,26,2
0,49,8,26,2
0,50,8,29,2
0,12,2,26,2
0,12,3,26,2
0,11,2,26,2
0,11,3,26,2
0,11,4,26,2
0,11,5,26,2
0,11,6,26,2
0,11,7,26,2
0,11,8,26,2
0,11,9,27,2
0,9,2,26,2
0,9,3,26,2
0,9,4,26,2
0,9,5,26,2
0,9,6,26,2
0,9,7,26,2
0,9,8,26,2
0,10,2,26,2
0,10,3,26,2
0,10,4,26,2
0,10,5,26,2
0,10,6,26,2
0,10,7,26,2
0,10,8,26,2
0,7,2,26,2
0,7,3,26,2
0,7,4,26,2
0,7,5,26,2
0,7,6,26,2
0,7,7,26,2
0,7,8,26,2
0,8,2,26,2
0,8,3,26,2
0,8,4,26,2
0,8,5,26,2
0,8,6,26,2
0,8,7,26,2
0,8,8,26,2
0,5,9,27,2
0,6,9,27,2
0,7,9,27,2
0,8,9,27,2
0,9,9,27,2
0,10,9,27,2
0,5,2,26,2
0,5,3,26,2
0,5,4,26,2
0,5,5,26,2
0,5,6,26,2
0,5,7,26,2
0,5,8,26,2
0,6,2,26,2
0,6,3,26,2
0,6,4,26,2
0,6,5,26,2
0,6,6,26,2
0,6,7,26,2
0,6,8,26,2
0,50,7,26,2
0,56,11,11,2
0,56,12,11,2
0,56,13,11,2
0,56,14,11,2
0,56,15,11,2
0,56,16,11,2
0,56,17,11,2
0,56,18,11,2
0,56,19,11,2
0,56,20,11,2
0,56,10,27,2
0,55,10,27,2
0,54,10,28,2
0,53,9,28,2
0,53,7,26,2
0,53,8,26,2
0,54,7,26,2
0,55,7,26,2
0,55,8,26,2
0,56,7,26,2
0,56,8,26,2
0,54,8,26,2
0,54,9,26,2
0,55,9,26,2
0,56,9,26,2
0,57,10,29,2
0,57,7,26,2
0,57,8,26,2
0,57,9,26,2
0,58,9,29,2
0,58,7,26,2
0,58,8,26,2
0,59,7,26,2
0,59,8,27,2
0,51,7,27,2
0,52,7,26,2
0,52,8,28,2
0,60,7,26,2
0,62,11,11,2
0,62,12,11,2
0,62,13,11,2
0,62,14,11,2
0,62,15,11,2
0,62,16,11,2
0,62,17,11,2
0,62,18,11,2
0,62,19,11,2
0,62,10,27,2
0,61,10,28,2
0,60,9,28,2
0,61,7,26,2
0,61,8,26,2
0,61,9,26,2
0,62,7,26,2
0,62,8,26,2
0,62,9,26,2
0,63,7,26,2
0,63,8,26,2
0,63,9,26,2
0,63,10,27,2
0,64,10,29,2
0,64,7,26,2
0,64,8,26,2
0,64,9,26,2
0,65,9,29,2
0,66,8,29,2
0,65,7,26,2
0,65,8,26,2
0,66,7,26,2
0,60,8,26,2
0,69,7,26,2
0,70,7,26,2
0,70,8,26,2
0,71,7,26,2
0,71,8,26,2
0,71,12,11,2
0,71,13,11,2
0,71,14,11,2
0,71,15,11,2
0,71,16,11,2
0,71,17,11,2
0,71,18,11,2
0,72,7,26,2
0,72,8,26,2
0,73,7,26,2
0,29,8,27,2
0,30,8,27,2
0,31,8,27,2
0,32,8,27,2
0,33,8,27,2
0,34,8,27,2
0,35,8,27,2
0,36,8,27,2
0,37,8,27,2
0,38,8,27,2
0,78,12,11,2
0,78,13,11,2
0,78,14,11,2
0,78,15,11,2
0,78,16,11,2
0,78,17,11,2
0,78,18,11,2
0,78,19,11,2
0,78,7,26,2
0,79,7,26,2
0,80,7,26,2
0,81,7,26,2
0,77,8,26,2
0,78,8,26,2
0,75,7,26,2
0,76,7,26,2
0,77,7,26,2
0,78,11,27,2
0,77,11,27,2
0,79,11,27,2
0,76,11,28,2
0,75,10,28,2
0,75,8,26,2
0,75,9,26,2
0,76,8,26,2
0,76,9,26,2
0,76,10,26,2
0,77,9,26,2
0,77,10,26,2
0,78,9,26,2
0,78,10,26,2
0,80,11,29,2
0,81,10,29,2
0,82,9,29,2
0,79,8,26,2
0,79,9,26,2
0,79,10,26,2
0,80,8,26,2
0,80,9,26,2
0,80,10,26,2
0,81,8,26,2
0,81,9,26,2
0,82,8,26,2
0,82,7,26,2
0,83,7,26,2
0,74,8,26,2
0,73,8,26,2
0,74,7,26,2
0,74,9,27,2
0,72,9,26,2
0,71,11,27,2
0,71,10,26,2
0,70,10,26,2
0,70,9,26,2
0,71,9,26,2
0,70,11,28,2
0,69,10,28,2
0,68,9,28,2
0,69,8,26,2
0,69,9,26,2
0,68,8,26,2
0,68,7,26,2
0,67,8,27,2
0,67,7,26,2
0,72,11,29,2
0,73,10,29,2
0,72,10,26,2
0,73,9,26,2
0,86,12,11,2
0,86,13,11,2
0,86,14,11,2
0,86,15,11,2
0,86,16,11,2
0,86,17,11,2
0,86,18,11,2
0,86,19,11,2
0,86,11,27,2
0,86,7,26,2
0,86,8,26,2
0,86,9,26,2
0,86,10,26,2
0,84,7,26,2
0,85,7,26,2
0,85,8,26,2
0,84,8,26,2
0,85,11,28,2
0,84,10,28,2
0,83,9,28,2
0,83,8,26,2
0,84,9,26,2
0,85,9,26,2
0,85,10,26,2
0,87,7,26,2
0,88,7,26,2
0,89,7,26,2
0,90,7,26,2
0,87,8,26,2
0,87,9,26,2
0,88,8,26,2
0,88,9,26,2
0,89,8,26,2
0,90,8,26,2
0,87,11,29,2
0,87,10,26,2
0,88,10,29,2
0,89,9,27,2
0,90,9,27,2
0,91,2,26,2
0,91,3,26,2
0,91,4,26,2
0,91,5,26,2
0,91,6,26,2
0,91,7,26,2
0,91,8,26,2
0,92,2,26,2
0,92,3,26,2
0,92,4,26,2
0,92,5,26,2
0,92,6,26,2
0,92,7,26,2
0,92,8,26,2
0,93,2,26,2
0,93,3,26,2
0,93,4,26,2
0,93,5,26,2
0,93,6,26,2
0,93,7,26,2
0,93,8,26,2
0,94,2,26,2
0,94,3,26,2
0,94,4,26,2
0,94,5,26,2
0,94,6,26,2
0,94,7,26,2
0,94,8,26,2
0,91,9,27,2
0,92,9,27,2
0,93,9,27,2
0,94,9,27,2
0,15,11,29,2
0,15,10,26,2
0,17,8,27,2
0,17,9,29,2
0,24,8,27,2
0,17,11,11,3
0,17,12,11,3
0,17,13,11,3
0,17,14,11,3
0,17,15,11,3
0,17,16,11,3
0,17,17,11,3
0,17,18,11,3
0,17,19,11,3
0,17,20,11,3
0,17,10,11,3
0,17,9,27,3
0,18,9,27,3
0,19,9,29,3
0,16,9,27,3
0,15,9,28,3
0,15,4,26,3
0,15,5,26,3
0,15,6,26,3
0,15,7,26,3
0,15,8,26,3
0,16,4,26,3
0,16,5,26,3
0,16,6,26,3
0,16,7,26,3
0,16,8,26,3
0,17,4,26,3
0,17,5,26,3
0,17,6,26,3
0,17,7,26,3
0,17,8,26,3
0,18,4,26,3
0,18,5,26,3
0,18,6,26,3
0,18,7,26,3
0,18,8,26,3
0,19,4,26,3
0,19,5,26,3
0,19,6,26,3
0,19,7,26,3
0,19,8,26,3
0,34,9,11,3
0,34,10,11,3
0,34,11,11,3
0,34,12,11,3
0,34,13,11,3
0,34,14,11,3
0,34,15,11,3
0,34,16,11,3
0,34,17,11,3
0,34,18,11,3
0,34,19,11,3
0,34,20,11,3
0,34,8,27,3
0,33,8,27,3
0,35,8,27,3
0,32,8,27,3
0,31,8,27,3
0,36,8,29,3
0,30,8,28,3
0,30,3,26,3
0,30,4,26,3
0,30,5,26,3
0,30,6,26,3
0,30,7,26,3
0,31,3,26,3
0,31,4,26,3
0,31,5,26,3
0,31,6,26,3
0,31,7,26,3
0,32,3,26,3
0,32,4,26,3
0,32,5,26,3
0,32,6,26,3
0,32,7,26,3
0,33,3,26,3
0,33,4,26,3
0,33,5,26,3
0,33,6,26,3
0,33,7,26,3
0,34,3,26,3
0,34,4,26,3
0,34,5,26,3
0,34,6,26,3
0,34,7,26,3
0,35,3,26,3
0,35,4,26,3
0,35,5,26,3
0,35,6,26,3
0,35,7,26,3
0,36,3,26,3
0,36,4,26,3
0,36,5,26,3
0,36,6,26,3
0,36,7,26,3
0,43,11,11,3
0,43,12,11,3
0,43,13,11,3
0,43,14,11,3
0,43,15,11,3
0,43,16,11,3
0,43,17,11,3
0,43,18,11,3
0,43,19,11,3
0,43,20,11,3
0,43,10,27,3
0,44,10,29,3
0,42,10,28,3
0,42,9,26,3
0,43,9,26,3
0,44,9,26,3
0,41,9,28,3
0,45,9,29,3
0,41,8,26,3
0,42,8,26,3
0,43,8,26,3
0,44,8,26,3
0,45,8,26,3
0,37,3,26,3
0,37,4,26,3
0,37,5,26,3
0,37,6,26,3
0,37,7,26,3
0,38,3,26,3
0,38,4,26,3
0,38,5,26,3
0,38,6,26,3
0,38,7,26,3
0,39,3,26,3
0,39,4,26,3
0,39,5,26,3
0,39,6,26,3
0,39,7,26,3
0,40,3,26,3
0,40,4,26,3
0,40,5,26,3
0,40,6,26,3
0,40,7,26,3
0,41,4,26,3
0,41,5,26,3
0,41,6,26,3
0,41,7,26,3
0,42,4,26,3
0,42,5,26,3
0,42,6,26,3
0,42,7,26,3
0,43,3,26,3
0,43,4,26,3
0,43,5,26,3
0,43,6,26,3
0,43,7,26,3
0,44,3,26,3
0,44,4,26,3
0,44,5,26,3
0,44,6,26,3
0,44,7,26,3
0,45,3,26,3
0,45,4,26,3
0,45,5,26,3
0,45,6,26,3
0,45,7,26,3
0,46,3,26,3
0,46,4,26,3
0,46,5,26,3
0,46,6,26,3
0,46,7,26,3
0,47,3,26,3
0,47,4,26,3
0,47,5,26,3
0,47,6,26,3
0,47,7,26,3
0,48,3,26,3
0,48,4,26,3
0,48,5,26,3
0,48,6,26,3
0,48,7,26,3
0,49,3,26,3
0,49,4,26,3
0,49,5,26,3
0,49,6,26,3
0,49,7,26,3
0,50,3,26,3
0,50,4,26,3
0,50,5,26,3
0,50,6,26,3
0,50,7,26,3
0,51,3,26,3
0,51,4,26,3
0,51,5,26,3
0,51,6,26,3
0,51,7,26,3
0,52,3,26,3
0,52,4,26,3
0,52,5,26,3
0,52,6,26,3
0,52,7,26,3
0,53,3,26,3
0,53,4,26,3
0,53,5,26,3
0,53,6,26,3
0,53,7,26,3
0,54,3,26,3
0,54,4,26,3
0,54,5,26,3
0,54,6,26,3
0,54,7,26,3
0,55,3,26,3
0,55,4,26,3
0,55,5,26,3
0,55,6,26,3
0,55,7,26,3
0,56,3,26,3
0,56,4,26,3
0,56,5,26,3
0,56,6,26,3
0,56,7,26,3
0,57,3,26,3
0,57,4,26,3
0,57,5,26,3
0,57,6,26,3
0,57,7,26,3
0,58,3,26,3
0,58,4,26,3
0,58,5,26,3
0,58,6,26,3
0,58,7,26,3
0,59,3,26,3
0,59,4,26,3
0,59,5,26,3
0,59,6,26,3
0,59,7,26,3
0,60,3,26,3
0,60,4,26,3
0,60,5,26,3
0,60,6,26,3
0,60,7,26,3
0,61,3,26,3
0,61,4,26,3
0,61,5,26,3
0,61,6,26,3
0,61,7,26,3
0,62,3,26,3
0,62,4,26,3
0,62,5,26,3
0,62,6,26,3
0,62,7,26,3
0,63,3,26,3
0,63,4,26,3
0,63,5,26,3
0,63,6,26,3
0,63,7,26,3
0,64,3,26,3
0,64,4,26,3
0,64,5,26,3
0,64,6,26,3
0,64,7,26,3
0,41,3,26,3
0,42,3,26,3
0,50,11,11,3
0,50,12,11,3
0,50,13,11,3
0,50,14,11,3
0,50,15,11,3
0,50,16,11,3
0,50,17,11,3
0,50,18,11,3
0,50,19,11,3
0,50,20,11,3
0,51,10,29,3
0,49,8,26,3
0,50,8,26,3
0,50,9,26,3
0,51,8,26,3
0,51,9,26,3
0,49,10,28,3
0,50,10,27,3
0,49,9,26,3
0,48,9,28,3
0,47,8,28,3
0,48,8,27,3
0,52,9,29,3
0,53,8,29,3
0,52,8,26,3
0,60,11,11,3
0,60,12,11,3
0,60,13,11,3
0,60,14,11,3
0,60,15,11,3
0,60,16,11,3
0,60,17,11,3
0,60,18,11,3
0,60,19,11,3
0,60,20,11,3
0,60,21,11,3
0,56,10,11,3
0,56,11,11,3
0,56,12,11,3
0,56,13,11,3
0,56,14,11,3
0,56,15,11,3
0,56,16,11,3
0,56,17,11,3
0,56,18,11,3
0,56,19,11,3
0,56,20,11,3
0,55,9,28,3
0,57,9,29,3
0,56,9,27,3
0,55,8,26,3
0,56,8,26,3
0,57,8,26,3
0,60,10,27,3
0,59,8,26,3
0,60,8,26,3
0,61,8,26,3
0,59,10,28,3
0,59,9,26,3
0,58,9,28,3
0,58,8,26,3
0,61,10,29,3
0,61,9,26,3
0,60,9,26,3
0,62,8,26,3
0,62,9,29,3
0,63,8,27,3
0,64,8,27,3
0,72,8,27,3
0,73,8,27,3
0,74,8,27,3
0,65,3,26,3
0,65,4,26,3
0,65,5,26,3
0,65,6,26,3
0,65,7,26,3
0,66,3,26,3
0,66,4,26,3
0,66,5,26,3
0,66,6,26,3
0,66,7,26,3
0,67,3,26,3
0,67,4,26,3
0,67,5,26,3
0,67,6,26,3
0,67,7,26,3
0,68,3,26,3
0,68,4,26,3
0,68,5,26,3
0,68,6,26,3
0,68,7,26,3
0,69,3,26,3
0,69,4,26,3
0,69,5,26,3
0,69,6,26,3
0,69,7,26,3
0,70,3,26,3
0,70,4,26,3
0,70,5,26,3
0,70,6,26,3
0,70,7,26,3
0,71,3,26,3
0,71,4,26,3
0,71,5,26,3
0,71,6,26,3
0,71,7,26,3
0,72,3,26,3
0,72,4,26,3
0,72,5,26,3
0,72,6,26,3
0,72,7,26,3
0,73,3,26,3
0,73,4,26,3
0,73,5,26,3
0,73,6,26,3
0,73,7,26,3
0,74,3,26,3
0,74,4,26,3
0,74,5,26,3
0,74,6,26,3
0,74,7,26,3
0,75,3,26,3
0,75,4,26,3
0,75,5,26,3
0,75,6,26,3
0,75,7,26,3
0,76,3,26,3
0,76,4,26,3
0,76,5,26,3
0,76,6,26,3
0,76,7,26,3
0,77,3,26,3
0,77,4,26,3
0,77,5,26,3
0,77,6,26,3
0,77,7,26,3
0,78,3,26,3
0,78,4,26,3
0,78,5,26,3
0,78,6,26,3
0,78,7,26,3
0,79,3,26,3
0,79,4,26,3
0,79,5,26,3
0,79,6,26,3
0,79,7,26,3
0,80,3,26,3
0,80,4,26,3
0,80,5,26,3
0,80,6,26,3
0,80,7,26,3
0,81,3,26,3
0,81,4,26,3
0,81,5,26,3
0,81,6,26,3
0,81,7,26,3
0,82,3,26,3
0,82,4,26,3
0,82,5,26,3
0,82,6,26,3
0,82,7,26,3
0,83,3,26,3
0,83,4,26,3
0,83,5,26,3
0,83,6,26,3
0,83,7,26,3
0,84,3,26,3
0,84,4,26,3
0,84,5,26,3
0,84,6,26,3
0,84,7,26,3
0,85,3,26,3
0,85,4,26,3
0,85,5,26,3
0,85,6,26,3
0,85,7,26,3
0,86,3,26,3
0,86,4,26,3
0,86,5,26,3
0,86,6,26,3
0,86,7,26,3
0,87,3,26,3
0,87,4,26,3
0,87,5,26,3
0,87,6,26,3
0,87,7,26,3
0,88,3,26,3
0,88,4,26,3
0,88,5,26,3
0,88,6,26,3
0,88,7,26,3
0,89,3,26,3
0,89,4,26,3
0,89,5,26,3
0,89,6,26,3
0,89,7,26,3
0,90,3,26,3
0,90,4,26,3
0,90,5,26,3
0,90,6,26,3
0,90,7,26,3
0,91,3,26,3
0,91,4,26,3
0,91,5,26,3
0,91,6,26,3
0,91,7,26,3
0,92,3,26,3
0,92,4,26,3
0,92,5,26,3
0,92,6,26,3
0,92,7,26,3
0,84,8,27,3
0,90,8,27,3
0,92,8,27,3
0,20,4,26,3
0,20,5,26,3
0,20,6,26,3
0,21,4,26,3
0,21,5,26,3
0,21,6,26,3
0,22,4,26,3
0,22,5,26,3
0,22,6,26,3
0,23,4,26,3
0,23,5,26,3
0,23,6,26,3
0,24,4,26,3
0,24,5,26,3
0,24,6,26,3
0,25,4,26,3
0,25,5,26,3
0,25,6,26,3
0,26,4,26,3
0,26,5,26,3
0,26,6,26,3
0,27,4,26,3
0,27,5,26,3
0,27,6,26,3
0,28,4,26,3
0,28,5,26,3
0,28,6,26,3
0,29,4,26,3
0,29,5,26,3
0,29,6,26,3
0,21,7,27,3
0,22,7,27,3
0,23,7,27,3
0,24,7,27,3
0,25,7,27,3
0,26,7,27,3
0,27,7,27,3
0,28,7,27,3
0,29,7,27,3
0,20,8,29,3
0,20,7,26,3
0,54,8,28,3
0,68,12,11,3
0,68,13,11,3
0,68,14,11,3
0,68,15,11,3
0,68,16,11,3
0,68,17,11,3
0,68,18,11,3
0,68,19,11,3
0,68,20,11,3
0,68,21,11,3
0,68,22,11,3
0,68,11,27,3
0,67,11,28,3
0,66,10,28,3
0,67,8,26,3
0,67,9,26,3
0,67,10,26,3
0,68,8,26,3
0,68,9,26,3
0,68,10,26,3
0,69,8,26,3
0,69,9,26,3
0,69,10,26,3
0,69,11,29,3
0,70,10,29,3
0,70,9,26,3
0,66,9,26,3
0,65,9,28,3
0,65,8,26,3
0,66,8,26,3
0,71,9,29,3
0,70,8,26,3
0,71,8,26,3
0,75,9,28,3
0,76,10,28,3
0,77,11,28,3
0,78,12,28,3
0,79,12,27,3
0,80,12,29,3
0,81,11,29,3
0,82,10,29,3
0,83,9,29,3
0,76,8,26,3
0,76,9,26,3
0,77,8,26,3
0,77,9,26,3
0,78,8,26,3
0,78,9,26,3
0,79,8,26,3
0,79,9,26,3
0,80,8,26,3
0,80,9,26,3
0,81,8,26,3
0,81,9,26,3
0,82,8,26,3
0,82,9,26,3
0,77,10,26,3
0,78,10,26,3
0,79,10,26,3
0,80,10,26,3
0,81,10,26,3
0,78,11,26,3
0,79,11,26,3
0,80,11,26,3
0,79,13,11,3
0,79,14,11,3
0,79,15,11,3
0,79,16,11,3
0,79,17,11,3
0,79,18,11,3
0,79,19,11,3
0,79,20,11,3
0,79,21,11,3
0,79,22,11,3
0,83,8,26,3
0,75,8,26,3
0,85,9,28,3
0,86,10,28,3
0,87,11,28,3
0,88,11,27,3
0,89,11,29,3
0,86,9,26,3
0,87,9,26,3
0,88,9,26,3
0,89,9,26,3
0,87,10,26,3
0,88,10,26,3
0,89,10,26,3
0,88,12,11,3
0,88,13,11,3
0,88,14,11,3
0,88,15,11,3
0,88,16,11,3
0,88,17,11,3
0,88,18,11,3
0,88,19,11,3
0,88,20,11,3
0,88,21,11,3
0,88,22,11,3
0,85,8,26,3
0,86,8,26,3
0,87,8,26,3
0,88,8,26,3
0,89,8,26,3
0,90,10,29,3
0,91,9,29,3
0,90,9,26,3
0,91,8,26,3
0,24,9,11,4
0,24,10,11,4
0,24,11,11,4
0,24,12,11,4
0,24,13,11,4
0,24,14,11,4
0,24,15,11,4
0,24,16,11,4
0,24,17,11,4
0,24,18,11,4
0,24,19,11,4
0,24,20,11,4
0,24,21,11,4
0,24,22,11,4
0,24,23,11,4
0,24,24,11,4
0,46,10,11,4
0,46,11,11,4
0,46,12,11,4
0,46,13,11,4
0,46,14,11,4
0,46,15,11,4
0,46,16,11,4
0,46,17,11,4
0,46,18,11,4
0,46,19,11,4
0,46,20,11,4
0,46,21,11,4
0,46,2,11,4
0,46,3,11,4
0,46,4,11,4
0,46,5,11,4
0,46,6,11,4
0,46,7,11,4
0,46,8,11,4
0,46,9,11,4
0,24,0,11,4
0,24,1,11,4
0,24,2,11,4
0,24,3,11,4
0,24,4,11,4
0,24,5,11,4
0,24,6,11,4
0,24,7,11,4
0,24,8,11,4
0,46,0,11,4
0,46,1,11,4
0,57,0,11,4
0,57,1,11,4
0,57,2,11,4
0,57,3,11,4
0,57,4,11,4
0,57,5,11,4
0,57,6,11,4
0,57,7,11,4
0,57,8,11,4
0,57,9,11,4
0,57,10,11,4
0,57,11,11,4
0,57,12,11,4
0,57,13,11,4
0,57,14,11,4
0,57,15,11,4
0,57,16,11,4
0,57,17,11,4
0,57,18,11,4
0,57,19,11,4
0,57,20,11,4
0,57,21,11,4
0,52,0,11,4
0,52,1,11,4
0,52,2,11,4
0,52,3,11,4
0,52,4,11,4
0,52,5,11,4
0,52,6,11,4
0,52,7,11,4
0,52,8,11,4
0,52,9,11,4
0,52,10,11,4
0,52,11,11,4
0,52,12,11,4
0,52,13,11,4
0,52,14,11,4
0,52,15,11,4
0,52,16,11,4
0,52,17,11,4
0,52,18,11,4
0,52,19,11,4
0,52,20,11,4
0,52,21,11,4
0,38,0,11,4
0,38,1,11,4
0,38,2,11,4
0,38,3,11,4
0,38,4,11,4
0,38,5,11,4
0,38,6,11,4
0,38,7,11,4
0,38,8,11,4
0,38,9,11,4
0,38,10,11,4
0,38,11,11,4
0,38,12,11,4
0,38,13,11,4
0,38,14,11,4
0,38,15,11,4
0,38,16,11,4
0,38,17,11,4
0,38,18,11,4
0,38,19,11,4
0,38,20,11,4
0,38,21,11,4
0,26,0,11,4
0,26,1,11,4
0,26,2,11,4
0,26,3,11,4
0,26,4,11,4
0,26,5,11,4
0,26,6,11,4
0,26,7,11,4
0,26,8,11,4
0,26,9,11,4
0,26,10,11,4
0,26,11,11,4
0,26,12,11,4
0,26,13,11,4
0,26,14,11,4
0,26,15,11,4
0,26,16,11,4
0,26,17,11,4
0,26,18,11,4
0,26,19,11,4
0,26,20,11,4
0,26,21,11,4
0,26,22,11,4
0,26,23,11,4
0,26,24,11,4
0,32,0,11,4
0,32,1,11,4
0,32,2,11,4
0,32,3,11,4
0,32,4,11,4
0,32,5,11,4
0,32,6,11,4
0,32,7,11,4
0,32,8,11,4
0,32,9,11,4
0,32,10,11,4
0,32,11,11,4
0,32,12,11,4
0,32,13,11,4
0,32,14,11,4
0,32,15,11,4
0,32,16,11,4
0,32,17,11,4
0,32,18,11,4
0,32,19,11,4
0,32,20,11,4
0,32,21,11,4
0,32,22,11,4
0,32,23,11,4
0,32,24,11,4
0,32,25,11,4
0,18,0,11,4
0,18,1,11,4
0,18,2,11,4
0,18,3,11,4
0,18,4,11,4
0,18,5,11,4
0,18,6,11,4
0,18,7,11,4
0,18,8,11,4
0,18,9,11,4
0,18,10,11,4
0,18,11,11,4
0,18,12,11,4
0,18,13,11,4
0,18,14,11,4
0,18,15,11,4
0,18,16,11,4
0,18,17,11,4
0,18,18,11,4
0,18,19,11,4
0,18,20,11,4
0,18,21,11,4
0,18,22,11,4
0,18,23,11,4
0,18,24,11,4
0,11,0,11,4
0,11,1,11,4
0,11,2,11,4
0,11,3,11,4
0,11,4,11,4
0,11,5,11,4
0,11,6,11,4
0,11,7,11,4
0,11,8,11,4
0,11,9,11,4
0,11,10,11,4
0,11,11,11,4
0,11,12,11,4
0,11,13,11,4
0,11,14,11,4
0,11,15,11,4
0,11,16,11,4
0,11,17,11,4
0,11,18,11,4
0,11,19,11,4
0,11,20,11,4
0,11,21,11,4
0,11,22,11,4
0,11,23,11,4
0,11,24,11,4
0,11,25,11,4
0,63,0,11,4
0,63,1,11,4
0,63,2,11,4
0,63,3,11,4
0,63,4,11,4
0,63,5,11,4
0,63,6,11,4
0,63,7,11,4
0,63,8,11,4
0,63,9,11,4
0,63,10,11,4
0,63,11,11,4
0,63,12,11,4
0,63,13,11,4
0,63,14,11,4
0,63,15,11,4
0,63,16,11,4
0,63,17,11,4
0,63,18,11,4
0,63,19,11,4
0,63,20,11,4
0,63,21,11,4
0,63,22,11,4
0,68,0,11,4
0,68,1,11,4
0,68,2,11,4
0,68,3,11,4
0,68,4,11,4
0,68,5,11,4
0,68,6,11,4
0,68,7,11,4
0,68,8,11,4
0,68,9,11,4
0,68,10,11,4
0,68,11,11,4
0,68,12,11,4
0,68,13,11,4
0,68,14,11,4
0,68,15,11,4
0,68,16,11,4
0,68,17,11,4
0,68,18,11,4
0,68,19,11,4
0,68,20,11,4
0,68,21,11,4
0,68,22,11,4
0,75,0,11,4
0,75,1,11,4
0,75,2,11,4
0,75,3,11,4
0,75,4,11,4
0,75,5,11,4
0,75,6,11,4
0,75,7,11,4
0,75,8,11,4
0,75,9,11,4
0,75,10,11,4
0,75,11,11,4
0,75,12,11,4
0,75,13,11,4
0,75,14,11,4
0,75,15,11,4
0,75,16,11,4
0,75,17,11,4
0,75,18,11,4
0,75,19,11,4
0,75,20,11,4
0,75,21,11,4
0,75,22,11,4
0,75,23,11,4
0,81,0,11,4
0,81,1,11,4
0,81,2,11,4
0,81,3,11,4
0,81,4,11,4
0,81,5,11,4
0,81,6,11,4
0,81,7,11,4
0,81,8,11,4
0,81,9,11,4
0,81,10,11,4
0,81,11,11,4
0,81,12,11,4
0,81,13,11,4
0,81,14,11,4
0,81,15,11,4
0,81,16,11,4
0,81,17,11,4
0,81,18,11,4
0,81,19,11,4
0,81,20,11,4
0,81,21,11,4
0,81,22,11,4
0,81,23,11,4
0,78,0,11,4
0,78,1,11,4
0,78,2,11,4
0,78,3,11,4
0,78,4,11,4
0,78,5,11,4
0,78,6,11,4
0,78,7,11,4
0,78,8,11,4
0,78,9,11,4
0,78,10,11,4
0,78,11,11,4
0,78,12,11,4
0,78,13,11,4
0,78,14,11,4
0,78,15,11,4
0,78,16,11,4
0,78,17,11,4
0,78,18,11,4
0,78,19,11,4
0,78,20,11,4
0,78,21,11,4
0,78,22,11,4
0,87,0,11,4
0,87,1,11,4
0,87,2,11,4
0,87,3,11,4
0,87,4,11,4
0,87,5,11,4
0,87,6,11,4
0,87,7,11,4
0,87,8,11,4
0,87,9,11,4
0,87,10,11,4
0,87,11,11,4
0,87,12,11,4
0,87,13,11,4
0,87,14,11,4
0,87,15,11,4
0,87,16,11,4
0,87,17,11,4
0,87,18,11,4
0,87,19,11,4
0,87,20,11,4
0,87,21,11,4
0,87,22,11,4
0,87,23,11,4
0,92,0,11,4
0,92,1,11,4
0,92,2,11,4
0,92,3,11,4
0,92,4,11,4
0,92,5,11,4
0,92,6,11,4
0,92,7,11,4
0,92,8,11,4
0,92,9,11,4
0,92,10,11,4
0,92,11,11,4
0,92,12,11,4
0,92,13,11,4
0,92,14,11,4
0,92,15,11,4
0,92,16,11,4
0,92,17,11,4
0,92,18,11,4
0,92,19,11,4
0,92,20,11,4
0,92,21,11,4
0,92,22,11,4
0,92,23,11,4
0,92,24,11,4
