2,278,76,2,1
2,278,77,2,1
2,278,78,2,1
1,279,79,0,1
1,280,79,0,1
1,281,79,0,1
1,282,79,0,1
1,283,79,0,1
1,284,79,0,1
1,285,79,0,1
1,286,79,0,1
1,287,79,0,1
1,288,79,0,1
1,289,79,0,1
1,290,79,0,1
1,291,79,0,1
1,292,79,0,1
5,292,71,1,1
5,291,70,1,1
5,290,69,1,1
5,288,69,1,1
5,286,70,1,1
3,287,68,1,1
3,289,68,1,1
3,285,68,1,1
5,284,70,1,1
5,282,71,1,1
5,281,70,1,1
5,279,69,1,1
3,280,68,1,1
5,278,70,1,1
0,275,70,1,1
0,276,70,1,1
0,277,70,1,1
3,283,69,1,1
0,293,67,3,1
0,293,68,3,1
0,293,69,3,1
0,293,70,3,1
0,293,71,3,1
4,293,72,3,1
4,293,73,3,1
4,293,74,3,1
4,293,75,3,1
4,293,76,3,1
4,293,77,3,1
4,293,78,3,1
4,291,68,3,1
4,291,69,3,1
0,287,67,3,1
0,289,67,3,1
0,291,67,3,1
0,285,67,3,1
0,283,67,3,1
0,281,67,3,1
0,279,67,3,1
0,279,68,3,1
0,277,67,3,1
0,277,68,3,1
0,277,69,3,1
0,275,67,3,1
0,275,68,3,1
0,275,69,3,1
0,276,67,2,1
0,276,68,2,1
0,276,69,2,1
0,278,67,2,1
0,278,68,2,1
0,278,69,2,1
0,280,67,2,1
0,281,68,3,1
0,283,68,3,1
0,282,67,2,1
0,282,68,2,1
0,282,69,2,1
2,282,70,2,1
4,281,69,3,1
2,284,69,2,1
5,286,69,2,1
0,286,67,2,1
0,286,68,2,1
0,284,67,2,1
0,284,68,2,1
0,288,67,2,1
0,288,68,2,1
0,290,67,2,1
0,290,68,2,1
0,292,67,2,1
0,292,68,2,1
0,292,69,2,1
0,292,70,2,1
0,294,67,2,1
0,294,68,2,1
0,294,69,2,1
0,294,70,2,1
0,294,71,2,1
0,294,72,2,1
0,294,73,2,1
0,294,74,2,1
0,294,75,2,1
0,294,76,2,1
0,294,77,2,1
0,294,78,2,1
0,294,79,2,1
0,294,80,2,1
0,296,67,2,1
0,296,68,2,1
0,296,69,2,1
0,296,70,2,1
0,296,71,2,1
0,296,72,2,1
0,296,73,2,1
0,296,74,2,1
0,296,75,2,1
0,296,76,2,1
0,296,77,2,1
0,296,78,2,1
0,296,79,2,1
0,296,80,2,1
0,297,67,3,1
0,297,68,3,1
0,297,69,3,1
0,297,70,3,1
0,297,71,3,1
0,297,72,3,1
0,297,73,3,1
0,297,74,3,1
0,297,75,3,1
0,297,76,3,1
0,297,77,3,1
0,297,78,3,1
0,297,79,3,1
0,297,80,3,1
0,295,67,3,1
0,295,68,3,1
0,295,69,3,1
0,295,70,3,1
0,295,71,3,1
0,295,72,3,1
0,295,73,3,1
0,295,74,3,1
0,295,75,3,1
0,295,76,3,1
0,295,77,3,1
0,295,78,3,1
0,295,79,3,1
0,295,80,3,1
0,293,79,3,1
0,293,80,3,1
0,289,80,3,1
0,287,80,3,1
0,285,80,3,1
0,283,80,3,1
0,277,76,3,1
0,277,77,3,1
0,277,78,3,1
0,277,79,3,1
0,277,80,3,1
0,275,76,3,1
0,275,77,3,1
0,275,78,3,1
0,275,79,3,1
0,275,80,3,1
0,276,76,2,1
0,276,77,2,1
0,276,78,2,1
0,276,79,2,1
0,276,80,2,1
0,278,79,2,1
0,278,80,2,1
0,280,80,2,1
0,282,80,2,1
0,281,80,3,1
0,284,80,2,1
0,286,80,2,1
0,288,80,2,1
0,290,80,2,1
0,292,80,2,1
0,291,80,3,1
1,275,75,0,1
1,276,75,0,1
1,277,75,0,1
5,278,75,0,1
0,280,69,13,1
0,279,70,13,1
0,281,71,13,1
0,282,72,13,1
0,283,70,13,1
0,284,71,13,1
0,285,69,13,1
0,286,71,13,1
0,287,69,13,1
0,288,70,13,1
0,289,69,13,1
0,290,70,13,1
0,291,71,13,1
0,292,72,13,1
0,289,70,12,1
0,289,71,12,1
0,289,72,12,1
0,289,73,12,1
0,289,74,12,1
0,289,75,12,1
0,289,76,12,1
0,289,77,12,1
0,289,78,12,1
0,290,71,12,1
0,290,72,12,1
0,290,73,12,1
0,290,74,12,1
0,290,75,12,1
0,290,76,12,1
0,290,77,12,1
0,290,78,12,1
0,291,72,12,1
0,291,73,12,1
0,291,74,12,1
0,291,75,12,1
0,291,76,12,1
0,291,77,12,1
0,291,78,12,1
0,292,73,12,1
0,292,74,12,1
0,292,75,12,1
0,292,76,12,1
0,292,77,12,1
0,292,78,12,1
0,279,73,12,1
0,279,74,12,1
0,279,75,12,1
0,279,76,12,1
0,279,77,12,1
0,279,78,12,1
0,280,73,12,1
0,280,74,12,1
0,280,75,12,1
0,280,76,12,1
0,280,77,12,1
0,280,78,12,1
0,281,73,12,1
0,281,74,12,1
0,281,75,12,1
0,281,76,12,1
0,281,77,12,1
0,281,78,12,1
0,282,73,12,1
0,282,74,12,1
0,282,75,12,1
0,282,76,12,1
0,282,77,12,1
0,282,78,12,1
0,283,74,12,1
0,283,75,12,1
0,283,76,12,1
0,283,77,12,1
0,283,78,12,1
0,284,74,12,1
0,284,75,12,1
0,284,76,12,1
0,284,77,12,1
0,284,78,12,1
0,285,74,12,1
0,285,75,12,1
0,285,76,12,1
0,285,77,12,1
0,285,78,12,1
0,286,74,12,1
0,286,75,12,1
0,286,76,12,1
0,286,77,12,1
0,286,78,12,1
0,287,73,12,1
0,287,74,12,1
0,287,75,12,1
0,287,76,12,1
0,287,77,12,1
0,287,78,12,1
0,288,74,12,1
0,288,75,12,1
0,288,76,12,1
0,288,77,12,1
0,288,78,12,1
0,287,70,12,1
0,287,71,12,1
0,287,72,12,1
0,288,71,12,1
0,288,72,12,1
0,288,73,12,1
0,283,72,12,1
0,283,73,12,1
0,284,72,12,1
0,284,73,12,1
0,285,72,12,1
0,285,73,12,1
0,286,72,12,1
0,286,73,12,1
0,283,71,12,1
0,285,70,12,1
0,285,71,12,1
0,280,70,12,1
0,280,71,12,1
0,280,72,12,1
0,279,71,12,1
0,279,72,12,1
0,281,72,12,1
0,273,72,12,1
0,273,73,12,1
0,273,74,12,1
0,274,72,12,1
0,274,73,12,1
0,274,74,12,1
0,275,72,12,1
0,275,73,12,1
0,275,74,12,1
0,276,72,12,1
0,276,73,12,1
0,276,74,12,1
0,277,72,12,1
0,277,73,12,1
0,277,74,12,1
0,278,72,12,1
0,278,73,12,1
0,278,74,12,1
0,273,71,13,1
0,274,71,13,1
0,275,71,13,1
0,276,71,13,1
0,277,71,13,1
0,278,71,13,1
0,274,70,1,1
0,272,70,1,1
0,273,70,1,1
0,274,67,2,1
0,274,68,2,1
0,274,69,2,1
0,272,67,2,1
0,272,68,2,1
0,272,69,2,1
0,273,67,3,1
0,273,68,3,1
0,273,69,3,1
0,273,75,0,1
0,274,75,0,1
0,272,75,0,1
0,274,76,2,1
0,274,77,2,1
0,274,78,2,1
0,274,79,2,1
0,274,80,2,1
0,272,76,2,1
0,272,77,2,1
0,272,78,2,1
0,272,79,2,1
0,272,80,2,1
0,273,76,3,1
0,273,77,3,1
0,273,78,3,1
0,273,79,3,1
0,273,80,3,1
0,272,71,13,1
0,272,72,12,1
0,272,73,12,1
0,272,74,12,1
0,298,67,2,1
0,298,68,2,1
0,298,69,2,1
0,298,70,2,1
0,298,71,2,1
0,298,72,2,1
0,298,73,2,1
0,298,74,2,1
0,298,75,2,1
0,298,76,2,1
0,298,77,2,1
0,298,78,2,1
0,298,79,2,1
0,298,80,2,1
0,300,67,2,1
0,300,68,2,1
0,300,69,2,1
0,300,70,2,1
0,300,71,2,1
0,300,72,2,1
0,300,73,2,1
0,300,74,2,1
0,300,75,2,1
0,300,76,2,1
0,300,77,2,1
0,300,78,2,1
0,300,79,2,1
0,300,80,2,1
0,302,67,2,1
0,302,68,2,1
0,302,69,2,1
0,302,70,2,1
0,302,71,2,1
0,302,72,2,1
0,302,73,2,1
0,302,74,2,1
0,302,75,2,1
0,302,76,2,1
0,302,77,2,1
0,302,78,2,1
0,302,79,2,1
0,302,80,2,1
0,304,67,2,1
0,304,68,2,1
0,304,69,2,1
0,304,70,2,1
0,304,71,2,1
0,304,72,2,1
0,304,73,2,1
0,304,74,2,1
0,304,75,2,1
0,304,76,2,1
0,304,77,2,1
0,304,78,2,1
0,304,79,2,1
0,304,80,2,1
0,299,67,3,1
0,299,68,3,1
0,299,69,3,1
0,299,70,3,1
0,299,71,3,1
0,299,72,3,1
0,299,73,3,1
0,299,74,3,1
0,299,75,3,1
0,299,76,3,1
0,299,77,3,1
0,299,78,3,1
0,299,79,3,1
0,299,80,3,1
0,301,67,3,1
0,301,68,3,1
0,301,69,3,1
0,301,70,3,1
0,301,71,3,1
0,301,72,3,1
0,301,73,3,1
0,301,74,3,1
0,301,75,3,1
0,301,76,3,1
0,301,77,3,1
0,301,78,3,1
0,301,79,3,1
0,301,80,3,1
0,303,67,3,1
0,303,68,3,1
0,303,69,3,1
0,303,70,3,1
0,303,71,3,1
0,303,72,3,1
0,303,73,3,1
0,303,74,3,1
0,303,75,3,1
0,303,76,3,1
0,303,77,3,1
0,303,78,3,1
0,303,79,3,1
0,303,80,3,1
0,305,67,3,1
0,305,68,3,1
0,305,69,3,1
0,305,70,3,1
0,305,71,3,1
0,305,72,3,1
0,305,73,3,1
0,305,74,3,1
0,305,75,3,1
0,305,76,3,1
0,305,77,3,1
0,305,78,3,1
0,305,79,3,1
0,305,80,3,1
0,264,75,0,1
0,265,75,0,1
0,266,75,0,1
0,267,75,0,1
0,268,75,0,1
0,269,75,0,1
0,270,75,0,1
0,271,75,0,1
0,271,76,3,1
0,271,77,3,1
0,271,78,3,1
0,271,79,3,1
0,271,80,3,1
0,269,76,3,1
0,269,77,3,1
0,269,78,3,1
0,269,79,3,1
0,269,80,3,1
0,267,76,3,1
0,267,77,3,1
0,267,78,3,1
0,267,79,3,1
0,267,80,3,1
0,265,76,3,1
0,265,77,3,1
0,265,78,3,1
0,265,79,3,1
0,265,80,3,1
0,264,76,2,1
0,264,77,2,1
0,264,78,2,1
0,264,79,2,1
0,264,80,2,1
0,266,76,2,1
0,266,77,2,1
0,266,78,2,1
0,266,79,2,1
0,266,80,2,1
0,268,76,2,1
0,268,77,2,1
0,268,78,2,1
0,268,79,2,1
0,268,80,2,1
0,270,76,2,1
0,270,77,2,1
0,270,78,2,1
0,270,79,2,1
0,270,80,2,1
0,270,67,2,1
0,270,68,2,1
0,270,69,2,1
0,268,67,2,1
0,268,68,2,1
0,268,69,2,1
0,266,67,2,1
0,266,68,2,1
0,266,69,2,1
0,264,67,2,1
0,264,68,2,1
0,264,69,2,1
0,265,67,3,1
0,265,68,3,1
0,265,69,3,1
0,267,67,3,1
0,267,68,3,1
0,267,69,3,1
0,269,67,3,1
0,269,68,3,1
0,269,69,3,1
0,271,67,3,1
0,271,68,3,1
0,271,69,3,1
0,264,70,1,1
0,265,70,1,1
0,266,70,1,1
0,267,70,1,1
0,268,70,1,1
0,269,70,1,1
0,270,70,1,1
0,271,70,1,1
0,264,72,12,1
0,264,73,12,1
0,264,74,12,1
0,265,72,12,1
0,265,73,12,1
0,265,74,12,1
0,266,72,12,1
0,266,73,12,1
0,266,74,12,1
0,267,72,12,1
0,267,73,12,1
0,267,74,12,1
0,268,72,12,1
0,268,73,12,1
0,268,74,12,1
0,269,72,12,1
0,269,73,12,1
0,269,74,12,1
0,270,72,12,1
0,270,73,12,1
0,270,74,12,1
0,271,72,12,1
0,271,73,12,1
0,271,74,12,1
0,264,71,13,1
0,265,71,13,1
0,266,71,13,1
0,267,71,13,1
0,268,71,13,1
0,269,71,13,1
0,270,71,13,1
0,271,71,13,1
0,276,81,2,1
0,276,82,2,1
0,276,83,2,1
0,276,84,2,1
0,278,81,2,1
0,278,82,2,1
0,278,83,2,1
0,278,84,2,1
0,274,81,2,1
0,274,82,2,1
0,274,83,2,1
0,274,84,2,1
0,272,81,2,1
0,272,82,2,1
0,272,83,2,1
0,272,84,2,1
0,270,81,2,1
0,270,82,2,1
0,270,83,2,1
0,270,84,2,1
0,268,81,2,1
0,268,82,2,1
0,268,83,2,1
0,268,84,2,1
0,268,85,2,1
0,266,81,2,1
0,266,82,2,1
0,266,83,2,1
0,266,84,2,1
0,264,81,2,1
0,264,82,2,1
0,264,83,2,1
0,264,84,2,1
0,264,85,2,1
0,265,81,3,1
0,265,82,3,1
0,265,83,3,1
0,265,84,3,1
0,267,81,3,1
0,267,82,3,1
0,267,83,3,1
0,267,84,3,1
0,269,81,3,1
0,269,82,3,1
0,269,83,3,1
0,269,84,3,1
0,271,81,3,1
0,271,82,3,1
0,271,83,3,1
0,271,84,3,1
0,271,85,3,1
0,273,81,3,1
0,273,82,3,1
0,273,83,3,1
0,273,84,3,1
0,275,81,3,1
0,275,82,3,1
0,275,83,3,1
0,275,84,3,1
0,277,81,3,1
0,277,82,3,1
0,277,83,3,1
0,277,84,3,1
0,279,80,3,1
0,279,81,3,1
0,279,82,3,1
0,279,83,3,1
0,279,84,3,1
0,281,81,3,1
0,281,82,3,1
0,281,83,3,1
0,281,84,3,1
0,283,81,3,1
0,283,82,3,1
0,283,83,3,1
0,283,84,3,1
0,285,81,3,1
0,285,82,3,1
0,285,83,3,1
0,285,84,3,1
0,287,81,3,1
0,287,82,3,1
0,287,83,3,1
0,287,84,3,1
0,289,81,3,1
0,289,82,3,1
0,289,83,3,1
0,289,84,3,1
0,291,81,3,1
0,291,82,3,1
0,291,83,3,1
0,291,84,3,1
0,293,81,3,1
0,293,82,3,1
0,293,83,3,1
0,293,84,3,1
0,295,81,3,1
0,295,82,3,1
0,295,83,3,1
0,295,84,3,1
0,297,81,3,1
0,297,82,3,1
0,297,83,3,1
0,297,84,3,1
0,299,81,3,1
0,299,82,3,1
0,299,83,3,1
0,299,84,3,1
0,301,81,3,1
0,301,82,3,1
0,301,83,3,1
0,301,84,3,1
0,303,81,3,1
0,303,82,3,1
0,303,83,3,1
0,303,84,3,1
0,305,81,3,1
0,305,82,3,1
0,305,83,3,1
0,305,84,3,1
0,304,81,2,1
0,304,82,2,1
0,304,83,2,1
0,304,84,2,1
0,302,81,2,1
0,302,82,2,1
0,302,83,2,1
0,302,84,2,1
0,300,81,2,1
0,300,82,2,1
0,300,83,2,1
0,300,84,2,1
0,298,81,2,1
0,298,82,2,1
0,298,83,2,1
0,298,84,2,1
0,296,81,2,1
0,296,82,2,1
0,296,83,2,1
0,296,84,2,1
0,294,81,2,1
0,294,82,2,1
0,294,83,2,1
0,294,84,2,1
0,292,81,2,1
0,292,82,2,1
0,292,83,2,1
0,292,84,2,1
0,290,81,2,1
0,290,82,2,1
0,290,83,2,1
0,290,84,2,1
0,288,81,2,1
0,288,82,2,1
0,288,83,2,1
0,288,84,2,1
0,286,81,2,1
0,286,82,2,1
0,286,83,2,1
0,286,84,2,1
0,284,81,2,1
0,284,82,2,1
0,284,83,2,1
0,284,84,2,1
0,282,81,2,1
0,282,82,2,1
0,282,83,2,1
0,282,84,2,1
0,280,81,2,1
0,280,82,2,1
0,280,83,2,1
0,280,84,2,1
0,264,66,2,1
0,266,66,2,1
0,268,66,2,1
0,270,66,2,1
0,272,66,2,1
0,274,66,2,1
0,276,66,2,1
0,278,66,2,1
0,280,66,2,1
0,282,66,2,1
0,284,66,2,1
0,286,66,2,1
0,288,66,2,1
0,290,66,2,1
0,292,66,2,1
0,294,66,2,1
0,296,66,2,1
0,298,66,2,1
0,300,66,2,1
0,302,66,2,1
0,304,66,2,1
0,305,66,3,1
0,303,66,3,1
0,301,66,3,1
0,299,66,3,1
0,297,66,3,1
0,295,66,3,1
0,291,66,3,1
0,289,66,3,1
0,287,66,3,1
0,285,66,3,1
0,283,66,3,1
0,281,66,3,1
0,279,66,3,1
0,277,66,3,1
0,273,66,3,1
0,269,66,3,1
0,267,66,3,1
0,265,66,3,1
0,286,64,2,1
0,286,65,2,1
0,288,64,2,1
0,288,65,2,1
0,290,64,2,1
0,290,65,2,1
0,292,64,2,1
0,292,65,2,1
0,294,64,2,1
0,294,65,2,1
0,296,64,2,1
0,296,65,2,1
0,298,64,2,1
0,298,65,2,1
0,300,64,2,1
0,300,65,2,1
0,302,64,2,1
0,302,65,2,1
0,304,64,2,1
0,304,65,2,1
0,264,64,2,1
0,264,65,2,1
0,266,64,2,1
0,266,65,2,1
0,268,64,2,1
0,268,65,2,1
0,270,64,2,1
0,270,65,2,1
0,272,64,2,1
0,272,65,2,1
0,274,64,2,1
0,274,65,2,1
0,276,64,2,1
0,276,65,2,1
0,278,64,2,1
0,278,65,2,1
0,280,64,2,1
0,280,65,2,1
0,282,64,2,1
0,282,65,2,1
0,284,64,2,1
0,284,65,2,1
0,265,64,3,1
0,265,65,3,1
0,267,64,3,1
0,267,65,3,1
0,269,64,3,1
0,269,65,3,1
0,271,64,3,1
0,271,65,3,1
0,271,66,3,1
0,273,64,3,1
0,273,65,3,1
0,275,64,3,1
0,275,65,3,1
0,275,66,3,1
0,277,63,3,1
0,277,64,3,1
0,277,65,3,1
0,279,64,3,1
0,279,65,3,1
0,281,64,3,1
0,281,65,3,1
0,283,64,3,1
0,283,65,3,1
0,285,64,3,1
0,285,65,3,1
0,287,64,3,1
0,287,65,3,1
0,289,64,3,1
0,289,65,3,1
0,291,64,3,1
0,291,65,3,1
0,293,64,3,1
0,293,65,3,1
0,293,66,3,1
0,295,64,3,1
0,295,65,3,1
0,297,64,3,1
0,297,65,3,1
0,299,64,3,1
0,299,65,3,1
0,301,64,3,1
0,301,65,3,1
0,303,64,3,1
0,303,65,3,1
0,305,64,3,1
0,305,65,3,1
