8,81,33,0,1
8,81,34,0,1
8,81,35,0,1
8,81,36,0,1
0,82,32,0,1
0,83,32,0,1
0,83,33,3,1
0,83,34,3,1
0,83,35,3,1
0,83,36,3,1
8,81,37,0,1
8,81,38,0,1
2,79,38,3,1
2,79,39,3,1
2,79,40,3,1
2,79,41,3,1
0,79,43,3,1
0,79,44,3,1
2,79,32,3,1
2,79,33,3,1
2,79,34,3,1
2,79,35,3,1
2,79,36,3,1
2,79,37,3,1
0,79,42,3,1
1,80,42,0,1
0,84,33,2,1
0,84,34,2,1
0,84,35,2,1
0,84,36,2,1
0,84,37,2,1
0,86,33,2,1
0,86,34,2,1
0,86,35,2,1
0,86,36,2,1
0,86,37,2,1
0,88,33,2,1
0,88,34,2,1
0,88,35,2,1
0,88,36,2,1
0,88,37,2,1
0,88,38,2,1
0,88,39,2,1
0,89,33,3,1
0,89,34,3,1
0,89,35,3,1
0,89,36,3,1
0,89,37,3,1
0,89,38,3,1
0,87,33,3,1
0,87,34,3,1
0,87,35,3,1
0,87,36,3,1
0,87,37,3,1
0,87,38,3,1
0,85,33,3,1
0,85,34,3,1
0,85,35,3,1
0,85,36,3,1
0,90,33,2,1
0,90,34,2,1
0,90,35,2,1
0,90,36,2,1
0,90,37,2,1
0,90,38,2,1
4,82,33,2,1
4,82,34,2,1
4,82,35,2,1
4,82,36,2,1
4,82,37,2,1
5,82,38,1,1
5,84,39,1,1
5,86,40,1,1
5,88,41,1,1
3,83,37,1,1
3,85,37,1,1
3,87,39,1,1
3,89,39,1,1
5,90,40,1,1
5,88,40,2,1
3,91,38,1,1
0,91,33,3,1
0,91,34,3,1
0,91,35,3,1
0,91,36,3,1
0,91,37,3,1
4,86,38,2,1
4,86,39,2,1
5,84,38,2,1
2,81,43,3,1
2,81,44,3,1
2,81,45,3,1
1,83,48,0,1
2,82,47,2,1
0,82,48,2,1
0,82,49,2,1
0,82,50,2,1
0,82,51,2,1
0,81,46,3,1
0,81,47,3,1
0,81,48,3,1
0,81,49,3,1
0,81,50,3,1
0,81,51,3,1
0,79,45,3,1
0,79,46,3,1
0,79,47,3,1
0,79,48,3,1
0,79,49,3,1
0,79,50,3,1
0,79,51,3,1
0,79,52,3,1
0,80,43,2,1
0,80,44,2,1
0,80,45,2,1
0,80,46,2,1
0,80,47,2,1
0,80,48,2,1
0,80,49,2,1
0,80,50,2,1
0,80,51,2,1
0,80,52,2,1
0,83,49,3,1
0,83,50,3,1
0,83,51,3,1
0,83,52,3,1
1,84,48,0,1
1,85,48,0,1
1,86,48,0,1
0,84,49,2,1
0,84,50,2,1
0,84,51,2,1
0,84,52,2,1
0,86,49,2,1
0,86,50,2,1
0,86,51,2,1
0,86,52,2,1
0,86,53,2,1
0,82,52,2,1
0,82,53,2,1
0,85,49,3,1
0,85,50,3,1
0,85,51,3,1
0,85,52,3,1
0,85,53,3,1
0,81,52,3,1
0,81,53,3,1
0,87,49,3,1
0,87,50,3,1
0,87,51,3,1
0,87,52,3,1
0,87,53,3,1
0,87,54,3,1
0,88,49,2,1
0,88,50,2,1
0,88,51,2,1
0,88,52,2,1
0,88,53,2,1
0,88,54,2,1
1,87,48,0,1
0,88,48,2,1
4,88,47,2,1
5,88,46,0,1
1,89,46,0,1
1,90,46,0,1
1,91,46,0,1
1,92,46,0,1
1,93,46,0,1
1,94,46,0,1
1,95,46,0,1
1,96,46,0,1
1,97,46,0,1
1,98,46,0,1
0,91,47,3,1
0,91,48,3,1
0,91,49,3,1
0,91,50,3,1
0,91,51,3,1
0,91,52,3,1
0,91,53,3,1
0,91,54,3,1
0,89,47,3,1
0,89,48,3,1
0,89,49,3,1
0,89,50,3,1
0,89,51,3,1
0,89,52,3,1
0,89,53,3,1
0,89,54,3,1
0,93,47,3,1
0,93,48,3,1
0,93,49,3,1
0,93,50,3,1
0,93,51,3,1
0,93,52,3,1
0,93,53,3,1
0,93,54,3,1
0,95,47,3,1
0,95,48,3,1
0,95,49,3,1
0,95,50,3,1
0,95,51,3,1
0,95,52,3,1
0,95,53,3,1
0,95,54,3,1
0,97,47,3,1
0,97,48,3,1
0,97,49,3,1
0,97,50,3,1
0,97,51,3,1
0,97,52,3,1
0,97,53,3,1
0,97,54,3,1
0,90,47,2,1
0,90,48,2,1
0,90,49,2,1
0,90,50,2,1
0,90,51,2,1
0,90,52,2,1
0,90,53,2,1
0,90,54,2,1
0,92,47,2,1
0,92,48,2,1
0,92,49,2,1
0,92,50,2,1
0,92,51,2,1
0,92,52,2,1
0,92,53,2,1
0,92,54,2,1
0,94,47,2,1
0,94,48,2,1
0,94,49,2,1
0,94,50,2,1
0,94,51,2,1
0,94,52,2,1
0,94,53,2,1
0,94,54,2,1
0,96,47,2,1
0,96,48,2,1
0,96,49,2,1
0,96,50,2,1
0,96,51,2,1
0,96,52,2,1
0,96,53,2,1
0,96,54,2,1
0,98,47,2,1
0,98,48,2,1
0,98,49,2,1
0,98,50,2,1
0,98,51,2,1
0,98,52,2,1
0,98,53,2,1
0,98,54,2,1
2,90,39,2,1
5,92,39,1,1
0,93,33,3,1
0,93,34,3,1
0,93,35,3,1
0,93,36,3,1
0,93,37,3,1
0,93,38,3,1
0,93,39,3,1
0,92,33,2,1
0,92,34,2,1
0,92,35,2,1
0,92,36,2,1
0,92,37,2,1
0,92,38,2,1
4,93,40,3,1
4,93,41,3,1
5,93,42,1,1
5,94,43,1,1
3,95,43,1,1
3,96,43,1,1
3,97,43,1,1
3,98,43,1,1
0,94,33,2,1
0,94,34,2,1
0,94,35,2,1
0,94,36,2,1
0,94,37,2,1
0,94,38,2,1
0,94,39,2,1
0,94,40,2,1
0,94,41,2,1
0,94,42,2,1
0,95,33,3,1
0,95,34,3,1
0,95,35,3,1
0,95,36,3,1
0,95,37,3,1
0,95,38,3,1
0,95,39,3,1
0,95,40,3,1
0,95,41,3,1
0,95,42,3,1
0,97,33,3,1
0,97,34,3,1
0,97,35,3,1
0,97,36,3,1
0,97,37,3,1
0,97,38,3,1
0,97,39,3,1
0,97,40,3,1
0,97,41,3,1
0,97,42,3,1
0,96,33,2,1
0,96,34,2,1
0,96,35,2,1
0,96,36,2,1
0,96,37,2,1
0,96,38,2,1
0,96,39,2,1
0,96,40,2,1
0,96,41,2,1
0,96,42,2,1
0,98,33,2,1
0,98,34,2,1
0,98,35,2,1
0,98,36,2,1
0,98,37,2,1
0,98,38,2,1
0,98,39,2,1
0,98,40,2,1
0,98,41,2,1
0,98,42,2,1
0,78,32,2,1
0,78,33,2,1
0,78,34,2,1
0,78,35,2,1
0,78,36,2,1
0,78,37,2,1
0,78,38,2,1
0,78,39,2,1
0,78,40,2,1
0,78,41,2,1
0,78,42,2,1
0,78,43,2,1
0,78,44,2,1
0,78,45,2,1
0,78,46,2,1
0,78,47,2,1
0,78,48,2,1
0,78,49,2,1
0,78,50,2,1
0,78,51,2,1
0,78,52,2,1
0,77,32,3,1
0,77,33,3,1
0,77,34,3,1
0,77,35,3,1
0,77,36,3,1
0,77,37,3,1
0,77,38,3,1
0,77,39,3,1
0,77,40,3,1
0,77,41,3,1
0,77,42,3,1
0,77,43,3,1
0,77,44,3,1
0,77,45,3,1
0,77,46,3,1
0,77,47,3,1
0,77,48,3,1
0,77,49,3,1
0,77,50,3,1
0,77,51,3,1
0,77,52,3,1
0,75,32,3,1
0,75,33,3,1
0,75,34,3,1
0,75,35,3,1
0,75,36,3,1
0,75,37,3,1
0,75,38,3,1
0,75,39,3,1
0,75,40,3,1
0,75,41,3,1
0,75,42,3,1
0,75,43,3,1
0,75,44,3,1
0,75,45,3,1
0,75,46,3,1
0,75,47,3,1
0,75,48,3,1
0,75,49,3,1
0,75,50,3,1
0,75,51,3,1
0,75,52,3,1
0,72,32,2,1
0,72,33,2,1
0,72,34,2,1
0,72,35,2,1
0,72,36,2,1
0,72,37,2,1
0,72,38,2,1
0,72,39,2,1
0,72,40,2,1
0,72,41,2,1
0,72,42,2,1
0,72,43,2,1
0,72,44,2,1
0,72,45,2,1
0,72,46,2,1
0,72,47,2,1
0,72,48,2,1
0,72,49,2,1
0,72,50,2,1
0,72,51,2,1
0,72,52,2,1
0,74,32,2,1
0,74,33,2,1
0,74,34,2,1
0,74,35,2,1
0,74,36,2,1
0,74,37,2,1
0,74,38,2,1
0,74,39,2,1
0,74,40,2,1
0,74,41,2,1
0,74,42,2,1
0,74,43,2,1
0,74,44,2,1
0,74,45,2,1
0,74,46,2,1
0,74,47,2,1
0,74,48,2,1
0,74,49,2,1
0,74,50,2,1
0,74,51,2,1
0,74,52,2,1
0,76,32,2,1
0,76,33,2,1
0,76,34,2,1
0,76,35,2,1
0,76,36,2,1
0,76,37,2,1
0,76,38,2,1
0,76,39,2,1
0,76,40,2,1
0,76,41,2,1
0,76,42,2,1
0,76,43,2,1
0,76,44,2,1
0,76,45,2,1
0,76,46,2,1
0,76,47,2,1
0,76,48,2,1
0,76,49,2,1
0,76,50,2,1
0,76,51,2,1
0,76,52,2,1
0,73,32,3,1
0,73,33,3,1
0,73,34,3,1
0,73,35,3,1
0,73,36,3,1
0,73,37,3,1
0,73,38,3,1
0,73,39,3,1
0,73,40,3,1
0,73,41,3,1
0,73,42,3,1
0,73,43,3,1
0,73,44,3,1
0,73,45,3,1
0,73,46,3,1
0,73,47,3,1
0,73,48,3,1
0,73,49,3,1
0,73,50,3,1
0,73,51,3,1
0,73,52,3,1
0,85,32,3,1
0,84,32,2,1
9,81,32,0,1
0,99,47,3,1
0,99,48,3,1
0,99,49,3,1
0,99,50,3,1
0,99,51,3,1
0,99,52,3,1
0,99,53,3,1
0,99,54,3,1
0,99,46,0,1
0,100,46,0,1
0,101,46,0,1
0,102,46,0,1
0,103,46,0,1
0,100,47,2,1
0,100,48,2,1
0,100,49,2,1
0,100,50,2,1
0,100,51,2,1
0,100,52,2,1
0,100,53,2,1
0,100,54,2,1
0,102,47,2,1
0,102,48,2,1
0,102,49,2,1
0,102,50,2,1
0,102,51,2,1
0,102,52,2,1
0,102,53,2,1
0,102,54,2,1
0,101,47,3,1
0,101,48,3,1
0,101,49,3,1
0,101,50,3,1
0,101,51,3,1
0,101,52,3,1
0,101,53,3,1
0,101,54,3,1
0,103,47,3,1
0,103,48,3,1
0,103,49,3,1
0,103,50,3,1
0,103,51,3,1
0,103,52,3,1
0,103,53,3,1
0,103,54,3,1
0,100,39,1,1
0,99,41,1,1
0,101,38,1,1
0,102,40,1,1
0,103,39,1,1
0,104,39,1,1
0,105,37,1,1
0,106,38,1,1
0,99,33,3,1
0,99,34,3,1
0,99,35,3,1
0,99,36,3,1
0,99,37,3,1
0,99,38,3,1
0,99,39,3,1
0,99,40,3,1
0,101,33,3,1
0,101,34,3,1
0,101,35,3,1
0,101,36,3,1
0,101,37,3,1
0,103,33,3,1
0,103,34,3,1
0,103,35,3,1
0,103,36,3,1
0,103,37,3,1
0,103,38,3,1
0,105,33,3,1
0,105,34,3,1
0,105,35,3,1
0,105,36,3,1
0,100,33,2,1
0,100,34,2,1
0,100,35,2,1
0,100,36,2,1
0,100,37,2,1
0,100,38,2,1
0,102,33,2,1
0,102,34,2,1
0,102,35,2,1
0,102,36,2,1
0,102,37,2,1
0,102,38,2,1
0,102,39,2,1
0,104,33,2,1
0,104,34,2,1
0,104,35,2,1
0,104,36,2,1
0,104,37,2,1
0,104,38,2,1
0,106,33,2,1
0,106,34,2,1
0,106,35,2,1
0,106,36,2,1
0,106,37,2,1
5,81,42,0,1
0,71,32,3,1
0,71,33,3,1
0,71,34,3,1
0,71,35,3,1
0,71,36,3,1
0,71,37,3,1
0,71,38,3,1
0,71,39,3,1
0,71,40,3,1
0,71,41,3,1
0,71,42,3,1
0,71,43,3,1
0,71,44,3,1
0,71,45,3,1
0,71,46,3,1
0,71,47,3,1
0,71,48,3,1
0,71,49,3,1
0,71,50,3,1
0,71,51,3,1
0,71,52,3,1
0,69,32,3,1
0,69,33,3,1
0,69,34,3,1
0,69,35,3,1
0,69,36,3,1
0,69,37,3,1
0,69,38,3,1
0,69,39,3,1
0,69,40,3,1
0,69,41,3,1
0,69,42,3,1
0,69,43,3,1
0,69,44,3,1
0,69,45,3,1
0,69,46,3,1
0,69,47,3,1
0,69,48,3,1
0,69,49,3,1
0,69,50,3,1
0,69,51,3,1
0,69,52,3,1
0,67,32,3,1
0,67,33,3,1
0,67,34,3,1
0,67,35,3,1
0,67,36,3,1
0,67,37,3,1
0,67,38,3,1
0,67,39,3,1
0,67,40,3,1
0,67,41,3,1
0,67,42,3,1
0,67,43,3,1
0,67,44,3,1
0,67,45,3,1
0,67,46,3,1
0,67,47,3,1
0,67,48,3,1
0,67,49,3,1
0,67,50,3,1
0,67,51,3,1
0,67,52,3,1
0,68,32,2,1
0,68,33,2,1
0,68,34,2,1
0,68,35,2,1
0,68,36,2,1
0,68,37,2,1
0,68,38,2,1
0,68,39,2,1
0,68,40,2,1
0,68,41,2,1
0,68,42,2,1
0,68,43,2,1
0,68,44,2,1
0,68,45,2,1
0,68,46,2,1
0,68,47,2,1
0,68,48,2,1
0,68,49,2,1
0,68,50,2,1
0,68,51,2,1
0,68,52,2,1
0,70,32,2,1
0,70,33,2,1
0,70,34,2,1
0,70,35,2,1
0,70,36,2,1
0,70,37,2,1
0,70,38,2,1
0,70,39,2,1
0,70,40,2,1
0,70,41,2,1
0,70,42,2,1
0,70,43,2,1
0,70,44,2,1
0,70,45,2,1
0,70,46,2,1
0,70,47,2,1
0,70,48,2,1
0,70,49,2,1
0,70,50,2,1
0,70,51,2,1
0,70,52,2,1
5,82,46,0,1
0,69,22,12,2
0,69,23,12,2
0,69,24,12,2
0,69,25,12,2
0,69,26,12,2
0,69,27,12,2
0,69,28,12,2
0,69,29,12,2
0,69,30,12,2
0,69,31,12,2
0,69,32,12,2
0,69,33,12,2
0,69,34,12,2
0,69,35,12,2
0,69,36,12,2
0,69,37,12,2
0,69,38,12,2
0,69,39,12,2
0,69,40,12,2
0,69,41,12,2
0,69,42,12,2
0,69,43,12,2
0,69,44,12,2
0,69,45,12,2
0,69,46,12,2
0,69,47,12,2
0,69,48,12,2
0,69,49,12,2
0,69,50,12,2
0,69,51,12,2
0,69,52,12,2
0,69,53,12,2
0,70,22,12,2
0,70,23,12,2
0,70,24,12,2
0,70,25,12,2
0,70,26,12,2
0,70,27,12,2
0,70,28,12,2
0,70,29,12,2
0,70,30,12,2
0,70,31,12,2
0,70,32,12,2
0,70,33,12,2
0,70,34,12,2
0,70,35,12,2
0,70,36,12,2
0,70,37,12,2
0,70,38,12,2
0,70,39,12,2
0,70,40,12,2
0,70,41,12,2
0,70,42,12,2
0,70,43,12,2
0,70,44,12,2
0,70,45,12,2
0,70,46,12,2
0,70,47,12,2
0,70,48,12,2
0,70,49,12,2
0,70,50,12,2
0,70,51,12,2
0,70,52,12,2
0,70,53,12,2
0,71,22,12,2
0,71,23,12,2
0,71,24,12,2
0,71,25,12,2
0,71,26,12,2
0,71,27,12,2
0,71,28,12,2
0,71,29,12,2
0,71,30,12,2
0,71,31,12,2
0,71,32,12,2
0,71,33,12,2
0,71,34,12,2
0,71,35,12,2
0,71,36,12,2
0,71,37,12,2
0,71,38,12,2
0,71,39,12,2
0,71,40,12,2
0,71,41,12,2
0,71,42,12,2
0,71,43,12,2
0,71,44,12,2
0,71,45,12,2
0,71,46,12,2
0,71,47,12,2
0,71,48,12,2
0,71,49,12,2
0,71,50,12,2
0,71,51,12,2
0,71,52,12,2
0,71,53,12,2
0,72,22,12,2
0,72,23,12,2
0,72,24,12,2
0,72,25,12,2
0,72,26,12,2
0,72,27,12,2
0,72,28,12,2
0,72,29,12,2
0,72,30,12,2
0,72,31,12,2
0,72,32,12,2
0,72,33,12,2
0,72,34,12,2
0,72,35,12,2
0,72,36,12,2
0,72,37,12,2
0,72,38,12,2
0,72,39,12,2
0,72,40,12,2
0,72,41,12,2
0,72,42,12,2
0,72,43,12,2
0,72,44,12,2
0,72,45,12,2
0,72,46,12,2
0,72,47,12,2
0,72,48,12,2
0,72,49,12,2
0,72,50,12,2
0,72,51,12,2
0,72,52,12,2
0,72,53,12,2
0,73,22,12,2
0,73,23,12,2
0,73,24,12,2
0,73,25,12,2
0,73,26,12,2
0,73,27,12,2
0,73,28,12,2
0,73,29,12,2
0,73,30,12,2
0,73,31,12,2
0,73,32,12,2
0,73,33,12,2
0,73,34,12,2
0,73,35,12,2
0,73,36,12,2
0,73,37,12,2
0,73,38,12,2
0,73,39,12,2
0,73,40,12,2
0,73,41,12,2
0,73,42,12,2
0,73,43,12,2
0,73,44,12,2
0,73,45,12,2
0,73,46,12,2
0,73,47,12,2
0,73,48,12,2
0,73,49,12,2
0,73,50,12,2
0,73,51,12,2
0,73,52,12,2
0,73,53,12,2
0,74,22,12,2
0,74,23,12,2
0,74,24,12,2
0,74,25,12,2
0,74,26,12,2
0,74,27,12,2
0,74,28,12,2
0,74,29,12,2
0,74,30,12,2
0,74,31,12,2
0,74,32,12,2
0,74,33,12,2
0,74,34,12,2
0,74,35,12,2
0,74,36,12,2
0,74,37,12,2
0,74,38,12,2
0,74,39,12,2
0,74,40,12,2
0,74,41,12,2
0,74,42,12,2
0,74,43,12,2
0,74,44,12,2
0,74,45,12,2
0,74,46,12,2
0,74,47,12,2
0,74,48,12,2
0,74,49,12,2
0,74,50,12,2
0,74,51,12,2
0,74,52,12,2
0,74,53,12,2
0,75,22,12,2
0,75,23,12,2
0,75,24,12,2
0,75,25,12,2
0,75,26,12,2
0,75,27,12,2
0,75,28,12,2
0,75,29,12,2
0,75,30,12,2
0,75,31,12,2
0,75,32,12,2
0,75,33,12,2
0,75,34,12,2
0,75,35,12,2
0,75,36,12,2
0,75,37,12,2
0,75,38,12,2
0,75,39,12,2
0,75,40,12,2
0,75,41,12,2
0,75,42,12,2
0,75,43,12,2
0,75,44,12,2
0,75,45,12,2
0,75,46,12,2
0,75,47,12,2
0,75,48,12,2
0,75,49,12,2
0,75,50,12,2
0,75,51,12,2
0,75,52,12,2
0,75,53,12,2
0,76,22,12,2
0,76,23,12,2
0,76,24,12,2
0,76,25,12,2
0,76,26,12,2
0,76,27,12,2
0,76,28,12,2
0,76,29,12,2
0,76,30,12,2
0,76,31,12,2
0,76,32,12,2
0,76,33,12,2
0,76,34,12,2
0,76,35,12,2
0,76,36,12,2
0,76,37,12,2
0,76,38,12,2
0,76,39,12,2
0,76,40,12,2
0,76,41,12,2
0,76,42,12,2
0,76,43,12,2
0,76,44,12,2
0,76,45,12,2
0,76,46,12,2
0,76,47,12,2
0,76,48,12,2
0,76,49,12,2
0,76,50,12,2
0,76,51,12,2
0,76,52,12,2
0,76,53,12,2
0,77,22,12,2
0,77,23,12,2
0,77,24,12,2
0,77,25,12,2
0,77,26,12,2
0,77,27,12,2
0,77,28,12,2
0,77,29,12,2
0,77,30,12,2
0,77,31,12,2
0,77,32,12,2
0,77,33,12,2
0,77,34,12,2
0,77,35,12,2
0,77,36,12,2
0,77,37,12,2
0,77,38,12,2
0,77,39,12,2
0,77,40,12,2
0,77,41,12,2
0,77,42,12,2
0,77,43,12,2
0,77,44,12,2
0,77,45,12,2
0,77,46,12,2
0,77,47,12,2
0,77,48,12,2
0,77,49,12,2
0,77,50,12,2
0,77,51,12,2
0,77,52,12,2
0,77,53,12,2
0,78,22,12,2
0,78,23,12,2
0,78,24,12,2
0,78,25,12,2
0,78,26,12,2
0,78,27,12,2
0,78,28,12,2
0,78,29,12,2
0,78,30,12,2
0,78,31,12,2
0,78,32,12,2
0,78,33,12,2
0,78,34,12,2
0,78,35,12,2
0,78,36,12,2
0,78,37,12,2
0,78,38,12,2
0,78,39,12,2
0,78,40,12,2
0,78,41,12,2
0,78,42,12,2
0,78,43,12,2
0,78,44,12,2
0,78,45,12,2
0,78,46,12,2
0,78,47,12,2
0,78,48,12,2
0,78,49,12,2
0,78,50,12,2
0,78,51,12,2
0,78,52,12,2
0,78,53,12,2
0,79,22,12,2
0,79,23,12,2
0,79,24,12,2
0,79,25,12,2
0,79,26,12,2
0,79,27,12,2
0,79,28,12,2
0,79,29,12,2
0,79,30,12,2
0,79,31,12,2
0,79,32,12,2
0,79,33,12,2
0,79,34,12,2
0,79,35,12,2
0,79,36,12,2
0,79,37,12,2
0,79,38,12,2
0,79,39,12,2
0,79,40,12,2
0,79,41,12,2
0,79,42,12,2
0,79,43,12,2
0,79,44,12,2
0,79,45,12,2
0,79,46,12,2
0,79,47,12,2
0,79,48,12,2
0,79,49,12,2
0,79,50,12,2
0,79,51,12,2
0,79,52,12,2
0,79,53,12,2
0,80,22,12,2
0,80,23,12,2
0,80,24,12,2
0,80,25,12,2
0,80,26,12,2
0,80,27,12,2
0,80,28,12,2
0,80,29,12,2
0,80,30,12,2
0,80,31,12,2
0,80,32,12,2
0,80,33,12,2
0,80,34,12,2
0,80,35,12,2
0,80,36,12,2
0,80,37,12,2
0,80,38,12,2
0,80,39,12,2
0,80,40,12,2
0,80,41,12,2
0,80,42,12,2
0,80,43,12,2
0,80,44,12,2
0,80,45,12,2
0,80,46,12,2
0,80,47,12,2
0,80,48,12,2
0,80,49,12,2
0,80,50,12,2
0,80,51,12,2
0,80,52,12,2
0,80,53,12,2
0,81,22,12,2
0,81,23,12,2
0,81,24,12,2
0,81,25,12,2
0,81,26,12,2
0,81,27,12,2
0,81,28,12,2
0,81,29,12,2
0,81,30,12,2
0,81,31,12,2
0,81,32,12,2
0,81,33,12,2
0,81,34,12,2
0,81,35,12,2
0,81,36,12,2
0,81,37,12,2
0,81,38,12,2
0,81,39,12,2
0,81,40,12,2
0,81,41,12,2
0,81,42,12,2
0,81,43,12,2
0,81,44,12,2
0,81,45,12,2
0,81,46,12,2
0,81,47,12,2
0,81,48,12,2
0,81,49,12,2
0,81,50,12,2
0,81,51,12,2
0,81,52,12,2
0,81,53,12,2
0,82,22,12,2
0,82,23,12,2
0,82,24,12,2
0,82,25,12,2
0,82,26,12,2
0,82,27,12,2
0,82,28,12,2
0,82,29,12,2
0,82,30,12,2
0,82,31,12,2
0,82,32,12,2
0,82,33,12,2
0,82,34,12,2
0,82,35,12,2
0,82,36,12,2
0,82,37,12,2
0,82,38,12,2
0,82,39,12,2
0,82,40,12,2
0,82,41,12,2
0,82,42,12,2
0,82,43,12,2
0,82,44,12,2
0,82,45,12,2
0,82,46,12,2
0,82,47,12,2
0,82,48,12,2
0,82,49,12,2
0,82,50,12,2
0,82,51,12,2
0,82,52,12,2
0,82,53,12,2
0,83,22,12,2
0,83,23,12,2
0,83,24,12,2
0,83,25,12,2
0,83,26,12,2
0,83,27,12,2
0,83,28,12,2
0,83,29,12,2
0,83,30,12,2
0,83,31,12,2
0,83,32,12,2
0,83,33,12,2
0,83,34,12,2
0,83,35,12,2
0,83,36,12,2
0,83,37,12,2
0,83,38,12,2
0,83,39,12,2
0,83,40,12,2
0,83,41,12,2
0,83,42,12,2
0,83,43,12,2
0,83,44,12,2
0,83,45,12,2
0,83,46,12,2
0,83,47,12,2
0,83,48,12,2
0,83,49,12,2
0,83,50,12,2
0,83,51,12,2
0,83,52,12,2
0,83,53,12,2
0,84,22,12,2
0,84,23,12,2
0,84,24,12,2
0,84,25,12,2
0,84,26,12,2
0,84,27,12,2
0,84,28,12,2
0,84,29,12,2
0,84,30,12,2
0,84,31,12,2
0,84,32,12,2
0,84,33,12,2
0,84,34,12,2
0,84,35,12,2
0,84,36,12,2
0,84,37,12,2
0,84,38,12,2
0,84,39,12,2
0,84,40,12,2
0,84,41,12,2
0,84,42,12,2
0,84,43,12,2
0,84,44,12,2
0,84,45,12,2
0,84,46,12,2
0,84,47,12,2
0,84,48,12,2
0,84,49,12,2
0,84,50,12,2
0,84,51,12,2
0,84,52,12,2
0,84,53,12,2
0,85,22,12,2
0,85,23,12,2
0,85,24,12,2
0,85,25,12,2
0,85,26,12,2
0,85,27,12,2
0,85,28,12,2
0,85,29,12,2
0,85,30,12,2
0,85,31,12,2
0,85,32,12,2
0,85,33,12,2
0,85,34,12,2
0,85,35,12,2
0,85,36,12,2
0,85,37,12,2
0,85,38,12,2
0,85,39,12,2
0,85,40,12,2
0,85,41,12,2
0,85,42,12,2
0,85,43,12,2
0,85,44,12,2
0,85,45,12,2
0,85,46,12,2
0,85,47,12,2
0,85,48,12,2
0,85,49,12,2
0,85,50,12,2
0,85,51,12,2
0,85,52,12,2
0,85,53,12,2
0,86,22,12,2
0,86,23,12,2
0,86,24,12,2
0,86,25,12,2
0,86,26,12,2
0,86,27,12,2
0,86,28,12,2
0,86,29,12,2
0,86,30,12,2
0,86,31,12,2
0,86,32,12,2
0,86,33,12,2
0,86,34,12,2
0,86,35,12,2
0,86,36,12,2
0,86,37,12,2
0,86,38,12,2
0,86,39,12,2
0,86,40,12,2
0,86,41,12,2
0,86,42,12,2
0,86,43,12,2
0,86,44,12,2
0,86,45,12,2
0,86,46,12,2
0,86,47,12,2
0,86,48,12,2
0,86,49,12,2
0,86,50,12,2
0,86,51,12,2
0,86,52,12,2
0,86,53,12,2
0,87,22,12,2
0,87,23,12,2
0,87,24,12,2
0,87,25,12,2
0,87,26,12,2
0,87,27,12,2
0,87,28,12,2
0,87,29,12,2
0,87,30,12,2
0,87,31,12,2
0,87,32,12,2
0,87,33,12,2
0,87,34,12,2
0,87,35,12,2
0,87,36,12,2
0,87,37,12,2
0,87,38,12,2
0,87,39,12,2
0,87,40,12,2
0,87,41,12,2
0,87,42,12,2
0,87,43,12,2
0,87,44,12,2
0,87,45,12,2
0,87,46,12,2
0,87,47,12,2
0,87,48,12,2
0,87,49,12,2
0,87,50,12,2
0,87,51,12,2
0,87,52,12,2
0,87,53,12,2
0,88,22,12,2
0,88,23,12,2
0,88,24,12,2
0,88,25,12,2
0,88,26,12,2
0,88,27,12,2
0,88,28,12,2
0,88,29,12,2
0,88,30,12,2
0,88,31,12,2
0,88,32,12,2
0,88,33,12,2
0,88,34,12,2
0,88,35,12,2
0,88,36,12,2
0,88,37,12,2
0,88,38,12,2
0,88,39,12,2
0,88,40,12,2
0,88,41,12,2
0,88,42,12,2
0,88,43,12,2
0,88,44,12,2
0,88,45,12,2
0,88,46,12,2
0,88,47,12,2
0,88,48,12,2
0,88,49,12,2
0,88,50,12,2
0,88,51,12,2
0,88,52,12,2
0,88,53,12,2
0,89,22,12,2
0,89,23,12,2
0,89,24,12,2
0,89,25,12,2
0,89,26,12,2
0,89,27,12,2
0,89,28,12,2
0,89,29,12,2
0,89,30,12,2
0,89,31,12,2
0,89,32,12,2
0,89,33,12,2
0,89,34,12,2
0,89,35,12,2
0,89,36,12,2
0,89,37,12,2
0,89,38,12,2
0,89,39,12,2
0,89,40,12,2
0,89,41,12,2
0,89,42,12,2
0,89,43,12,2
0,89,44,12,2
0,89,45,12,2
0,89,46,12,2
0,89,47,12,2
0,89,48,12,2
0,89,49,12,2
0,89,50,12,2
0,89,51,12,2
0,89,52,12,2
0,89,53,12,2
0,90,22,12,2
0,90,23,12,2
0,90,24,12,2
0,90,25,12,2
0,90,26,12,2
0,90,27,12,2
0,90,28,12,2
0,90,29,12,2
0,90,30,12,2
0,90,31,12,2
0,90,32,12,2
0,90,33,12,2
0,90,34,12,2
0,90,35,12,2
0,90,36,12,2
0,90,37,12,2
0,90,38,12,2
0,90,39,12,2
0,90,40,12,2
0,90,41,12,2
0,90,42,12,2
0,90,43,12,2
0,90,44,12,2
0,90,45,12,2
0,90,46,12,2
0,90,47,12,2
0,90,48,12,2
0,90,49,12,2
0,90,50,12,2
0,90,51,12,2
0,90,52,12,2
0,90,53,12,2
0,91,22,12,2
0,91,23,12,2
0,91,24,12,2
0,91,25,12,2
0,91,26,12,2
0,91,27,12,2
0,91,28,12,2
0,91,29,12,2
0,91,30,12,2
0,91,31,12,2
0,91,32,12,2
0,91,33,12,2
0,91,34,12,2
0,91,35,12,2
0,91,36,12,2
0,91,37,12,2
0,91,38,12,2
0,91,39,12,2
0,91,40,12,2
0,91,41,12,2
0,91,42,12,2
0,91,43,12,2
0,91,44,12,2
0,91,45,12,2
0,91,46,12,2
0,91,47,12,2
0,91,48,12,2
0,91,49,12,2
0,91,50,12,2
0,91,51,12,2
0,91,52,12,2
0,91,53,12,2
0,92,22,12,2
0,92,23,12,2
0,92,24,12,2
0,92,25,12,2
0,92,26,12,2
0,92,27,12,2
0,92,28,12,2
0,92,29,12,2
0,92,30,12,2
0,92,31,12,2
0,92,32,12,2
0,92,33,12,2
0,92,34,12,2
0,92,35,12,2
0,92,36,12,2
0,92,37,12,2
0,92,38,12,2
0,92,39,12,2
0,92,40,12,2
0,92,41,12,2
0,92,42,12,2
0,92,43,12,2
0,92,44,12,2
0,92,45,12,2
0,92,46,12,2
0,92,47,12,2
0,92,48,12,2
0,92,49,12,2
0,92,50,12,2
0,92,51,12,2
0,92,52,12,2
0,92,53,12,2
0,93,22,12,2
0,93,23,12,2
0,93,24,12,2
0,93,25,12,2
0,93,26,12,2
0,93,27,12,2
0,93,28,12,2
0,93,29,12,2
0,93,30,12,2
0,93,31,12,2
0,93,32,12,2
0,93,33,12,2
0,93,34,12,2
0,93,35,12,2
0,93,36,12,2
0,93,37,12,2
0,93,38,12,2
0,93,39,12,2
0,93,40,12,2
0,93,41,12,2
0,93,42,12,2
0,93,43,12,2
0,93,44,12,2
0,93,45,12,2
0,93,46,12,2
0,93,47,12,2
0,93,48,12,2
0,93,49,12,2
0,93,50,12,2
0,93,51,12,2
0,93,52,12,2
0,93,53,12,2
0,94,22,12,2
0,94,23,12,2
0,94,24,12,2
0,94,25,12,2
0,94,26,12,2
0,94,27,12,2
0,94,28,12,2
0,94,29,12,2
0,94,30,12,2
0,94,31,12,2
0,94,32,12,2
0,94,33,12,2
0,94,34,12,2
0,94,35,12,2
0,94,36,12,2
0,94,37,12,2
0,94,38,12,2
0,94,39,12,2
0,94,40,12,2
0,94,41,12,2
0,94,42,12,2
0,94,43,12,2
0,94,44,12,2
0,94,45,12,2
0,94,46,12,2
0,94,47,12,2
0,94,48,12,2
0,94,49,12,2
0,94,50,12,2
0,94,51,12,2
0,94,52,12,2
0,94,53,12,2
0,95,22,12,2
0,95,23,12,2
0,95,24,12,2
0,95,25,12,2
0,95,26,12,2
0,95,27,12,2
0,95,28,12,2
0,95,29,12,2
0,95,30,12,2
0,95,31,12,2
0,95,32,12,2
0,95,33,12,2
0,95,34,12,2
0,95,35,12,2
0,95,36,12,2
0,95,37,12,2
0,95,38,12,2
0,95,39,12,2
0,95,40,12,2
0,95,41,12,2
0,95,42,12,2
0,95,43,12,2
0,95,44,12,2
0,95,45,12,2
0,95,46,12,2
0,95,47,12,2
0,95,48,12,2
0,95,49,12,2
0,95,50,12,2
0,95,51,12,2
0,95,52,12,2
0,95,53,12,2
0,96,22,12,2
0,96,23,12,2
0,96,24,12,2
0,96,25,12,2
0,96,26,12,2
0,96,27,12,2
0,96,28,12,2
0,96,29,12,2
0,96,30,12,2
0,96,31,12,2
0,96,32,12,2
0,96,33,12,2
0,96,34,12,2
0,96,35,12,2
0,96,36,12,2
0,96,37,12,2
0,96,38,12,2
0,96,39,12,2
0,96,40,12,2
0,96,41,12,2
0,96,42,12,2
0,96,43,12,2
0,96,44,12,2
0,96,45,12,2
0,96,46,12,2
0,96,47,12,2
0,96,48,12,2
0,96,49,12,2
0,96,50,12,2
0,96,51,12,2
0,96,52,12,2
0,96,53,12,2
0,97,22,12,2
0,97,23,12,2
0,97,24,12,2
0,97,25,12,2
0,97,26,12,2
0,97,27,12,2
0,97,28,12,2
0,97,29,12,2
0,97,30,12,2
0,97,31,12,2
0,97,32,12,2
0,97,33,12,2
0,97,34,12,2
0,97,35,12,2
0,97,36,12,2
0,97,37,12,2
0,97,38,12,2
0,97,39,12,2
0,97,40,12,2
0,97,41,12,2
0,97,42,12,2
0,97,43,12,2
0,97,44,12,2
0,97,45,12,2
0,97,46,12,2
0,97,47,12,2
0,97,48,12,2
0,97,49,12,2
0,97,50,12,2
0,97,51,12,2
0,97,52,12,2
0,97,53,12,2
0,98,22,12,2
0,98,23,12,2
0,98,24,12,2
0,98,25,12,2
0,98,26,12,2
0,98,27,12,2
0,98,28,12,2
0,98,29,12,2
0,98,30,12,2
0,98,31,12,2
0,98,32,12,2
0,98,33,12,2
0,98,34,12,2
0,98,35,12,2
0,98,36,12,2
0,98,37,12,2
0,98,38,12,2
0,98,39,12,2
0,98,40,12,2
0,98,41,12,2
0,98,42,12,2
0,98,43,12,2
0,98,44,12,2
0,98,45,12,2
0,98,46,12,2
0,98,47,12,2
0,98,48,12,2
0,98,49,12,2
0,98,50,12,2
0,98,51,12,2
0,98,52,12,2
0,98,53,12,2
0,99,22,12,2
0,99,23,12,2
0,99,24,12,2
0,99,25,12,2
0,99,26,12,2
0,99,27,12,2
0,99,28,12,2
0,99,29,12,2
0,99,30,12,2
0,99,31,12,2
0,99,32,12,2
0,99,33,12,2
0,99,34,12,2
0,99,35,12,2
0,99,36,12,2
0,99,37,12,2
0,99,38,12,2
0,99,39,12,2
0,99,40,12,2
0,99,41,12,2
0,99,42,12,2
0,99,43,12,2
0,99,44,12,2
0,99,45,12,2
0,99,46,12,2
0,99,47,12,2
0,99,48,12,2
0,99,49,12,2
0,99,50,12,2
0,99,51,12,2
0,99,52,12,2
0,99,53,12,2
0,100,22,12,2
0,100,23,12,2
0,100,24,12,2
0,100,25,12,2
0,100,26,12,2
0,100,27,12,2
0,100,28,12,2
0,100,29,12,2
0,100,30,12,2
0,100,31,12,2
0,100,32,12,2
0,100,33,12,2
0,100,34,12,2
0,100,35,12,2
0,100,36,12,2
0,100,37,12,2
0,100,38,12,2
0,100,39,12,2
0,100,40,12,2
0,100,41,12,2
0,100,42,12,2
0,100,43,12,2
0,100,44,12,2
0,100,45,12,2
0,100,46,12,2
0,100,47,12,2
0,100,48,12,2
0,100,49,12,2
0,100,50,12,2
0,100,51,12,2
0,100,52,12,2
0,100,53,12,2
0,101,25,12,2
0,101,26,12,2
0,101,27,12,2
0,101,28,12,2
0,101,29,12,2
0,101,30,12,2
0,101,31,12,2
0,101,32,12,2
0,101,33,12,2
0,101,34,12,2
0,101,35,12,2
0,101,36,12,2
0,101,37,12,2
0,101,38,12,2
0,101,39,12,2
0,101,40,12,2
0,101,41,12,2
0,101,42,12,2
0,101,43,12,2
0,101,44,12,2
0,101,45,12,2
0,101,46,12,2
0,101,47,12,2
0,101,48,12,2
0,101,49,12,2
0,101,50,12,2
0,101,51,12,2
0,101,52,12,2
0,101,53,12,2
0,101,54,12,2
0,102,25,12,2
0,102,26,12,2
0,102,27,12,2
0,102,28,12,2
0,102,29,12,2
0,102,30,12,2
0,102,31,12,2
0,102,32,12,2
0,102,33,12,2
0,102,34,12,2
0,102,35,12,2
0,102,36,12,2
0,102,37,12,2
0,102,38,12,2
0,102,39,12,2
0,102,40,12,2
0,102,41,12,2
0,102,42,12,2
0,102,43,12,2
0,102,44,12,2
0,102,45,12,2
0,102,46,12,2
0,102,47,12,2
0,102,48,12,2
0,102,49,12,2
0,102,50,12,2
0,102,51,12,2
0,102,52,12,2
0,102,53,12,2
0,102,54,12,2
0,103,25,12,2
0,103,26,12,2
0,103,27,12,2
0,103,28,12,2
0,103,29,12,2
0,103,30,12,2
0,103,31,12,2
0,103,32,12,2
0,103,33,12,2
0,103,34,12,2
0,103,35,12,2
0,103,36,12,2
0,103,37,12,2
0,103,38,12,2
0,103,39,12,2
0,103,40,12,2
0,103,41,12,2
0,103,42,12,2
0,103,43,12,2
0,103,44,12,2
0,103,45,12,2
0,103,46,12,2
0,103,47,12,2
0,103,48,12,2
0,103,49,12,2
0,103,50,12,2
0,103,51,12,2
0,103,52,12,2
0,103,53,12,2
0,103,54,12,2
0,104,25,12,2
0,104,26,12,2
0,104,27,12,2
0,104,28,12,2
0,104,29,12,2
0,104,30,12,2
0,104,31,12,2
0,104,32,12,2
0,104,33,12,2
0,104,34,12,2
0,104,35,12,2
0,104,36,12,2
0,104,37,12,2
0,104,38,12,2
0,104,39,12,2
0,104,40,12,2
0,104,41,12,2
0,104,42,12,2
0,104,43,12,2
0,104,44,12,2
0,104,45,12,2
0,104,46,12,2
0,104,47,12,2
0,104,48,12,2
0,104,49,12,2
0,104,50,12,2
0,104,51,12,2
0,104,52,12,2
0,104,53,12,2
0,104,54,12,2
0,105,25,12,2
0,105,26,12,2
0,105,27,12,2
0,105,28,12,2
0,105,29,12,2
0,105,30,12,2
0,105,31,12,2
0,105,32,12,2
0,105,33,12,2
0,105,34,12,2
0,105,35,12,2
0,105,36,12,2
0,105,37,12,2
0,105,38,12,2
0,105,39,12,2
0,105,40,12,2
0,105,41,12,2
0,105,42,12,2
0,105,43,12,2
0,105,44,12,2
0,105,45,12,2
0,105,46,12,2
0,105,47,12,2
0,105,48,12,2
0,105,49,12,2
0,105,50,12,2
0,105,51,12,2
0,105,52,12,2
0,105,53,12,2
0,105,54,12,2
0,106,25,12,2
0,106,26,12,2
0,106,27,12,2
0,106,28,12,2
0,106,29,12,2
0,106,30,12,2
0,106,31,12,2
0,106,32,12,2
0,106,33,12,2
0,106,34,12,2
0,106,35,12,2
0,106,36,12,2
0,106,37,12,2
0,106,38,12,2
0,106,39,12,2
0,106,40,12,2
0,106,41,12,2
0,106,42,12,2
0,106,43,12,2
0,106,44,12,2
0,106,45,12,2
0,106,46,12,2
0,106,47,12,2
0,106,48,12,2
0,106,49,12,2
0,106,50,12,2
0,106,51,12,2
0,106,52,12,2
0,106,53,12,2
0,106,54,12,2
0,107,25,12,2
0,107,26,12,2
0,107,27,12,2
0,107,28,12,2
0,107,29,12,2
0,107,30,12,2
0,107,31,12,2
0,107,32,12,2
0,107,33,12,2
0,107,34,12,2
0,107,35,12,2
0,107,36,12,2
0,107,37,12,2
0,107,38,12,2
0,107,39,12,2
0,107,40,12,2
0,107,41,12,2
0,107,42,12,2
0,107,43,12,2
0,107,44,12,2
0,107,45,12,2
0,107,46,12,2
0,107,47,12,2
0,107,48,12,2
0,107,49,12,2
0,107,50,12,2
0,107,51,12,2
0,107,52,12,2
0,107,53,12,2
0,107,54,12,2
0,108,25,12,2
0,108,26,12,2
0,108,27,12,2
0,108,28,12,2
0,108,29,12,2
0,108,30,12,2
0,108,31,12,2
0,108,32,12,2
0,108,33,12,2
0,108,34,12,2
0,108,35,12,2
0,108,36,12,2
0,108,37,12,2
0,108,38,12,2
0,108,39,12,2
0,108,40,12,2
0,108,41,12,2
0,108,42,12,2
0,108,43,12,2
0,108,44,12,2
0,108,45,12,2
0,108,46,12,2
0,108,47,12,2
0,108,48,12,2
0,108,49,12,2
0,108,50,12,2
0,108,51,12,2
0,108,52,12,2
0,108,53,12,2
0,108,54,12,2
0,109,25,12,2
0,109,26,12,2
0,109,27,12,2
0,109,28,12,2
0,109,29,12,2
0,109,30,12,2
0,109,31,12,2
0,109,32,12,2
0,109,33,12,2
0,109,34,12,2
0,109,35,12,2
0,109,36,12,2
0,109,37,12,2
0,109,38,12,2
0,109,39,12,2
0,109,40,12,2
0,109,41,12,2
0,109,42,12,2
0,109,43,12,2
0,109,44,12,2
0,109,45,12,2
0,109,46,12,2
0,109,47,12,2
0,109,48,12,2
0,109,49,12,2
0,109,50,12,2
0,109,51,12,2
0,109,52,12,2
0,109,53,12,2
0,109,54,12,2
0,110,25,12,2
0,110,26,12,2
0,110,27,12,2
0,110,28,12,2
0,110,29,12,2
0,110,30,12,2
0,110,31,12,2
0,110,32,12,2
0,110,33,12,2
0,110,34,12,2
0,110,35,12,2
0,110,36,12,2
0,110,37,12,2
0,110,38,12,2
0,110,39,12,2
0,110,40,12,2
0,110,41,12,2
0,110,42,12,2
0,110,43,12,2
0,110,44,12,2
0,110,45,12,2
0,110,46,12,2
0,110,47,12,2
0,110,48,12,2
0,110,49,12,2
0,110,50,12,2
0,110,51,12,2
0,110,52,12,2
0,110,53,12,2
0,110,54,12,2
0,111,25,12,2
0,111,26,12,2
0,111,27,12,2
0,111,28,12,2
0,111,29,12,2
0,111,30,12,2
0,111,31,12,2
0,111,32,12,2
0,111,33,12,2
0,111,34,12,2
0,111,35,12,2
0,111,36,12,2
0,111,37,12,2
0,111,38,12,2
0,111,39,12,2
0,111,40,12,2
0,111,41,12,2
0,111,42,12,2
0,111,43,12,2
0,111,44,12,2
0,111,45,12,2
0,111,46,12,2
0,111,47,12,2
0,111,48,12,2
0,111,49,12,2
0,111,50,12,2
0,111,51,12,2
0,111,52,12,2
0,111,53,12,2
0,111,54,12,2
0,112,25,12,2
0,112,26,12,2
0,112,27,12,2
0,112,28,12,2
0,112,29,12,2
0,112,30,12,2
0,112,31,12,2
0,112,32,12,2
0,112,33,12,2
0,112,34,12,2
0,112,35,12,2
0,112,36,12,2
0,112,37,12,2
0,112,38,12,2
0,112,39,12,2
0,112,40,12,2
0,112,41,12,2
0,112,42,12,2
0,112,43,12,2
0,112,44,12,2
0,112,45,12,2
0,112,46,12,2
0,112,47,12,2
0,112,48,12,2
0,112,49,12,2
0,112,50,12,2
0,112,51,12,2
0,112,52,12,2
0,112,53,12,2
0,112,54,12,2
0,113,25,12,2
0,113,26,12,2
0,113,27,12,2
0,113,28,12,2
0,113,29,12,2
0,113,30,12,2
0,113,31,12,2
0,113,32,12,2
0,113,33,12,2
0,113,34,12,2
0,113,35,12,2
0,113,36,12,2
0,113,37,12,2
0,113,38,12,2
0,113,39,12,2
0,113,40,12,2
0,113,41,12,2
0,113,42,12,2
0,113,43,12,2
0,113,44,12,2
0,113,45,12,2
0,113,46,12,2
0,113,47,12,2
0,113,48,12,2
0,113,49,12,2
0,113,50,12,2
0,113,51,12,2
0,113,52,12,2
0,113,53,12,2
0,113,54,12,2
0,114,25,12,2
0,114,26,12,2
0,114,27,12,2
0,114,28,12,2
0,114,29,12,2
0,114,30,12,2
0,114,31,12,2
0,114,32,12,2
0,114,33,12,2
0,114,34,12,2
0,114,35,12,2
0,114,36,12,2
0,114,37,12,2
0,114,38,12,2
0,114,39,12,2
0,114,40,12,2
0,114,41,12,2
0,114,42,12,2
0,114,43,12,2
0,114,44,12,2
0,114,45,12,2
0,114,46,12,2
0,114,47,12,2
0,114,48,12,2
0,114,49,12,2
0,114,50,12,2
0,114,51,12,2
0,114,52,12,2
0,114,53,12,2
0,114,54,12,2
