1,139,16,0,1
1,140,16,0,1
1,141,16,0,1
1,143,14,0,1
1,144,14,0,1
1,145,14,0,1
1,147,12,0,1
1,148,12,0,1
1,149,12,0,1
0,138,17,2,1
0,138,18,2,1
0,138,19,2,1
0,138,20,2,1
0,138,21,2,1
0,138,22,2,1
0,138,23,2,1
0,140,17,2,1
0,140,18,2,1
0,140,19,2,1
0,140,20,2,1
0,140,21,2,1
0,140,22,2,1
0,140,23,2,1
0,142,16,2,1
0,142,17,2,1
0,142,18,2,1
0,142,19,2,1
0,142,20,2,1
0,142,21,2,1
0,142,22,2,1
0,142,23,2,1
0,144,15,2,1
0,144,16,2,1
0,144,17,2,1
0,144,19,2,1
0,144,20,2,1
0,144,22,2,1
0,144,23,2,1
0,146,14,2,1
0,146,15,2,1
0,146,16,2,1
0,146,17,2,1
0,146,18,2,1
0,146,19,2,1
0,146,20,2,1
0,146,21,2,1
0,146,22,2,1
0,146,23,2,1
0,148,13,2,1
0,148,14,2,1
0,148,15,2,1
0,148,17,2,1
0,148,18,2,1
0,148,19,2,1
0,148,20,2,1
0,148,21,2,1
0,148,22,2,1
0,148,23,2,1
0,139,17,3,1
0,139,18,3,1
0,139,19,3,1
0,139,20,3,1
0,139,21,3,1
0,139,22,3,1
0,139,23,3,1
0,141,17,3,1
0,141,18,3,1
0,141,19,3,1
0,141,20,3,1
0,141,21,3,1
0,141,22,3,1
0,141,23,3,1
0,143,15,3,1
0,143,16,3,1
0,143,17,3,1
0,143,18,3,1
0,143,19,3,1
0,143,20,3,1
0,143,21,3,1
0,143,22,3,1
0,143,23,3,1
0,145,15,3,1
0,145,16,3,1
0,145,17,3,1
0,145,18,3,1
0,145,19,3,1
0,145,20,3,1
0,145,21,3,1
0,145,22,3,1
0,145,23,3,1
0,147,14,3,1
0,147,15,3,1
0,147,16,3,1
0,147,17,3,1
0,147,18,3,1
0,147,19,3,1
0,147,20,3,1
0,147,21,3,1
0,147,22,3,1
0,147,23,3,1
0,147,13,3,1
0,149,13,3,1
0,149,14,3,1
0,149,15,3,1
0,149,16,3,1
0,149,18,3,1
0,149,19,3,1
0,149,20,3,1
0,149,21,3,1
0,149,22,3,1
0,149,23,3,1
0,148,16,2,1
5,142,14,0,1
5,146,12,0,1
4,146,13,2,1
4,142,15,2,1
3,137,11,1,1
3,138,11,1,1
3,139,11,1,1
3,140,11,1,1
3,142,9,1,1
3,143,9,1,1
3,144,9,1,1
3,145,9,1,1
3,146,9,1,1
3,147,9,1,1
3,148,9,1,1
3,149,9,1,1
0,141,1,3,1
0,141,2,3,1
0,141,3,3,1
0,141,4,3,1
0,141,5,3,1
0,141,6,3,1
0,141,7,3,1
0,141,8,3,1
0,141,9,3,1
2,141,10,3,1
5,141,11,1,1
0,142,1,2,1
0,142,2,2,1
0,142,3,2,1
0,142,4,2,1
0,142,6,2,1
0,142,7,2,1
0,142,8,2,1
0,144,2,2,1
0,144,3,2,1
0,144,4,2,1
0,144,5,2,1
0,144,6,2,1
0,144,7,2,1
0,144,8,2,1
0,146,1,2,1
0,146,2,2,1
0,146,3,2,1
0,146,4,2,1
0,146,5,2,1
0,146,6,2,1
0,146,7,2,1
0,146,8,2,1
0,148,1,2,1
0,148,2,2,1
0,148,3,2,1
0,148,4,2,1
0,148,5,2,1
0,148,6,2,1
0,148,7,2,1
0,148,8,2,1
0,140,1,2,1
0,140,2,2,1
0,140,3,2,1
0,140,4,2,1
0,140,5,2,1
0,140,6,2,1
0,140,7,2,1
0,140,8,2,1
0,140,9,2,1
0,140,10,2,1
0,138,1,2,1
0,138,2,2,1
0,138,3,2,1
0,138,4,2,1
0,138,5,2,1
0,138,6,2,1
0,138,7,2,1
0,138,8,2,1
0,138,9,2,1
0,138,10,2,1
0,136,1,2,1
0,136,2,2,1
0,136,3,2,1
0,136,4,2,1
0,136,5,2,1
0,136,6,2,1
0,136,7,2,1
0,136,8,2,1
0,136,9,2,1
0,137,1,3,1
0,137,2,3,1
0,137,3,3,1
0,137,4,3,1
0,137,5,3,1
0,137,6,3,1
0,137,7,3,1
0,137,8,3,1
0,137,9,3,1
0,137,10,3,1
0,139,1,3,1
0,139,2,3,1
0,139,3,3,1
0,139,4,3,1
0,139,5,3,1
0,139,6,3,1
0,139,7,3,1
0,139,8,3,1
0,139,9,3,1
0,139,10,3,1
0,143,1,3,1
0,143,2,3,1
0,143,3,3,1
0,143,4,3,1
0,143,5,3,1
0,143,6,3,1
0,143,7,3,1
0,143,8,3,1
0,145,1,3,1
0,145,2,3,1
0,145,3,3,1
0,145,4,3,1
0,145,5,3,1
0,145,6,3,1
0,145,7,3,1
0,145,8,3,1
0,147,1,3,1
0,147,3,3,1
0,147,4,3,1
0,147,5,3,1
0,147,6,3,1
0,147,7,3,1
0,147,8,3,1
0,149,3,3,1
0,149,4,3,1
0,149,5,3,1
0,149,6,3,1
0,149,7,3,1
0,149,8,3,1
0,149,2,3,1
0,147,2,3,1
0,146,10,13,1
0,147,10,13,1
0,142,10,13,1
0,143,10,13,1
0,144,10,13,1
0,145,10,13,1
0,138,12,13,1
0,139,12,13,1
0,140,12,13,1
0,141,12,13,1
0,146,11,12,1
0,147,11,12,1
0,145,13,12,1
0,142,13,12,1
0,143,13,12,1
0,144,13,12,1
0,137,15,12,1
0,138,15,12,1
0,139,15,12,1
0,140,15,12,1
0,141,15,12,1
0,137,13,12,1
0,137,14,12,1
0,138,13,12,1
0,138,14,12,1
0,142,11,12,1
0,142,12,12,1
0,143,11,12,1
0,143,12,12,1
0,144,11,12,1
0,144,12,12,1
0,145,11,12,1
0,145,12,12,1
0,139,13,12,1
0,139,14,12,1
0,140,13,12,1
0,140,14,12,1
0,141,13,12,1
0,141,14,12,1
0,148,10,13,1
0,148,11,12,1
1,198,8,0,1
1,199,8,0,1
1,200,8,0,1
1,201,8,0,1
1,202,8,0,1
1,203,8,0,1
1,204,8,0,1
1,205,8,0,1
1,206,8,0,1
1,207,8,0,1
1,208,8,0,1
1,209,8,0,1
1,210,8,0,1
0,198,7,12,1
0,198,6,13,1
0,199,6,13,1
0,200,6,13,1
0,201,6,13,1
0,202,6,13,1
0,203,6,13,1
0,204,6,13,1
0,205,6,13,1
0,206,6,13,1
0,207,6,13,1
0,208,6,13,1
0,209,6,13,1
0,210,6,13,1
0,211,6,13,1
0,199,7,12,1
0,200,7,12,1
0,201,7,12,1
0,202,7,12,1
0,203,7,12,1
0,204,7,12,1
0,205,7,12,1
0,206,7,12,1
0,207,7,12,1
0,208,7,12,1
0,209,7,12,1
0,210,7,12,1
0,211,7,12,1
0,198,1,2,1
0,198,2,2,1
0,200,1,2,1
0,200,2,2,1
0,200,3,2,1
0,200,4,2,1
0,202,1,2,1
0,202,2,2,1
0,202,3,2,1
0,202,4,2,1
0,204,0,2,1
0,204,1,2,1
0,204,2,2,1
0,204,3,2,1
0,204,4,2,1
0,206,0,2,1
0,206,1,2,1
0,206,2,2,1
0,206,3,2,1
0,206,4,2,1
0,208,0,2,1
0,208,1,2,1
0,208,2,2,1
0,208,3,2,1
0,208,4,2,1
0,210,0,2,1
0,210,1,2,1
0,210,2,2,1
0,210,3,2,1
0,210,4,2,1
3,199,5,1,1
3,200,5,1,1
3,201,5,1,1
3,202,5,1,1
3,203,5,1,1
3,204,5,1,1
3,205,5,1,1
3,206,5,1,1
3,207,5,1,1
3,208,5,1,1
3,209,5,1,1
3,210,5,1,1
3,211,5,1,1
5,198,5,1,1
0,198,9,2,1
0,198,10,2,1
0,198,11,2,1
0,198,12,2,1
0,198,13,2,1
0,198,14,2,1
0,198,15,2,1
0,200,9,2,1
0,200,10,2,1
0,200,11,2,1
0,200,12,2,1
0,200,13,2,1
0,200,14,2,1
0,200,15,2,1
0,202,9,2,1
0,202,10,2,1
0,202,11,2,1
0,202,12,2,1
0,202,13,2,1
0,202,14,2,1
0,202,15,2,1
0,204,9,2,1
0,204,10,2,1
0,204,11,2,1
0,204,12,2,1
0,204,13,2,1
0,204,14,2,1
0,204,15,2,1
0,206,9,2,1
0,206,10,2,1
0,206,11,2,1
0,206,12,2,1
0,206,13,2,1
0,206,14,2,1
0,206,15,2,1
0,208,9,2,1
0,208,10,2,1
0,208,11,2,1
0,208,12,2,1
0,208,13,2,1
0,208,14,2,1
0,210,9,2,1
0,210,10,2,1
0,210,11,2,1
0,210,12,2,1
0,210,13,2,1
0,210,14,2,1
0,210,15,2,1
0,199,9,3,1
0,199,10,3,1
0,199,11,3,1
0,199,12,3,1
0,199,13,3,1
0,199,14,3,1
0,199,15,3,1
0,201,9,3,1
0,201,10,3,1
0,201,11,3,1
0,201,12,3,1
0,201,13,3,1
0,201,14,3,1
0,201,15,3,1
0,203,9,3,1
0,203,10,3,1
0,203,11,3,1
0,203,12,3,1
0,203,13,3,1
0,203,14,3,1
0,203,15,3,1
0,205,9,3,1
0,205,10,3,1
0,205,11,3,1
0,205,12,3,1
0,205,13,3,1
0,205,14,3,1
0,207,9,3,1
0,207,10,3,1
0,207,11,3,1
0,207,12,3,1
0,207,13,3,1
0,207,14,3,1
0,207,15,3,1
0,209,9,3,1
0,209,10,3,1
0,209,11,3,1
0,209,12,3,1
0,209,13,3,1
0,209,14,3,1
0,209,15,3,1
0,199,1,3,1
0,199,2,3,1
0,199,3,3,1
0,199,4,3,1
0,201,1,3,1
0,201,2,3,1
0,201,3,3,1
0,201,4,3,1
0,203,1,3,1
0,203,2,3,1
0,203,3,3,1
0,203,4,3,1
0,205,1,3,1
0,205,2,3,1
0,205,3,3,1
0,205,4,3,1
0,207,1,3,1
0,207,2,3,1
0,207,3,3,1
0,207,4,3,1
0,209,1,3,1
0,209,2,3,1
0,209,3,3,1
0,209,4,3,1
0,211,1,3,1
0,211,2,3,1
0,211,3,3,1
0,211,4,3,1
1,150,12,9,1
1,151,12,9,1
1,152,12,9,1
1,153,12,9,1
1,154,12,9,1
1,155,12,9,1
1,156,12,9,1
1,157,12,9,1
1,160,10,9,1
1,161,10,9,1
1,162,10,9,1
1,163,10,9,1
1,164,10,9,1
1,165,10,9,1
1,166,10,9,1
1,167,10,9,1
1,168,10,9,1
1,169,10,9,1
1,170,14,9,1
1,171,14,9,1
1,172,14,9,1
1,174,14,9,1
1,175,14,9,1
1,176,14,9,1
1,177,14,9,1
1,178,14,9,1
1,179,14,9,1
1,180,14,9,1
1,181,14,9,1
1,185,12,9,1
1,186,12,9,1
1,187,12,9,1
1,188,12,9,1
1,189,12,9,1
1,191,9,9,1
1,192,9,9,1
1,193,9,9,1
1,195,8,9,1
1,196,8,9,1
1,197,8,9,1
0,149,10,13,1
0,149,11,12,1
5,190,9,9,1
5,194,8,9,1
5,184,12,9,1
0,212,0,2,1
0,212,1,2,1
0,212,2,2,1
0,212,3,2,1
0,212,4,2,1
0,212,9,2,1
0,212,10,2,1
0,212,11,2,1
0,212,12,2,1
0,212,13,2,1
0,212,14,2,1
0,212,15,2,1
0,212,16,2,1
0,212,17,2,1
0,212,18,2,1
0,212,19,2,1
0,212,20,2,1
0,212,21,2,1
0,212,22,2,1
0,212,23,2,1
0,212,24,2,1
0,212,25,2,1
0,213,0,3,1
0,213,1,3,1
0,213,2,3,1
0,213,3,3,1
0,213,4,3,1
0,213,9,3,1
0,213,10,3,1
0,213,11,3,1
0,213,12,3,1
0,213,13,3,1
0,213,14,3,1
0,213,15,3,1
0,213,16,3,1
0,213,17,3,1
0,213,18,3,1
0,213,19,3,1
0,213,20,3,1
0,213,21,3,1
0,213,22,3,1
0,213,23,3,1
0,213,24,3,1
0,213,25,3,1
0,214,0,2,1
0,214,1,2,1
0,214,2,2,1
0,214,3,2,1
0,214,4,2,1
0,214,9,2,1
0,214,10,2,1
0,214,11,2,1
0,214,12,2,1
0,214,13,2,1
0,214,14,2,1
0,214,15,2,1
0,214,16,2,1
0,214,17,2,1
0,214,18,2,1
0,214,19,2,1
0,214,20,2,1
0,214,21,2,1
0,214,22,2,1
0,214,23,2,1
0,214,24,2,1
0,214,25,2,1
0,215,0,3,1
0,215,1,3,1
0,215,2,3,1
0,215,3,3,1
0,215,4,3,1
0,215,9,3,1
0,215,10,3,1
0,215,11,3,1
0,215,12,3,1
0,215,13,3,1
0,215,14,3,1
0,215,15,3,1
0,215,16,3,1
0,215,17,3,1
0,215,18,3,1
0,215,19,3,1
0,215,20,3,1
0,215,21,3,1
0,215,22,3,1
0,215,23,3,1
0,215,24,3,1
0,215,25,3,1
0,217,0,3,1
0,217,1,3,1
0,217,2,3,1
0,217,3,3,1
0,217,4,3,1
0,217,9,3,1
0,217,10,3,1
0,217,11,3,1
0,217,12,3,1
0,217,13,3,1
0,217,14,3,1
0,217,15,3,1
0,217,16,3,1
0,217,17,3,1
0,217,18,3,1
0,217,19,3,1
0,217,20,3,1
0,217,21,3,1
0,217,22,3,1
0,217,23,3,1
0,217,24,3,1
0,217,25,3,1
0,219,0,3,1
0,219,1,3,1
0,219,2,3,1
0,219,3,3,1
0,219,4,3,1
0,219,9,3,1
0,219,10,3,1
0,219,11,3,1
0,219,12,3,1
0,219,13,3,1
0,219,14,3,1
0,219,15,3,1
0,219,16,3,1
0,219,17,3,1
0,219,18,3,1
0,219,19,3,1
0,219,20,3,1
0,219,21,3,1
0,219,22,3,1
0,219,23,3,1
0,219,24,3,1
0,219,25,3,1
0,221,0,3,1
0,221,1,3,1
0,221,2,3,1
0,221,3,3,1
0,221,4,3,1
0,221,9,3,1
0,221,10,3,1
0,221,11,3,1
0,221,12,3,1
0,221,13,3,1
0,221,14,3,1
0,221,15,3,1
0,221,16,3,1
0,221,17,3,1
0,221,18,3,1
0,221,19,3,1
0,221,20,3,1
0,221,21,3,1
0,221,22,3,1
0,221,23,3,1
0,221,24,3,1
0,221,25,3,1
0,223,0,3,1
0,223,1,3,1
0,223,2,3,1
0,223,3,3,1
0,223,4,3,1
0,223,9,3,1
0,223,10,3,1
0,223,11,3,1
0,223,12,3,1
0,223,13,3,1
0,223,14,3,1
0,223,15,3,1
0,223,16,3,1
0,223,17,3,1
0,223,18,3,1
0,223,19,3,1
0,223,20,3,1
0,223,21,3,1
0,223,22,3,1
0,223,23,3,1
0,223,24,3,1
0,223,25,3,1
0,222,0,2,1
0,222,1,2,1
0,222,2,2,1
0,222,3,2,1
0,222,4,2,1
0,222,9,2,1
0,222,10,2,1
0,222,11,2,1
0,222,12,2,1
0,222,13,2,1
0,222,14,2,1
0,222,15,2,1
0,222,16,2,1
0,222,17,2,1
0,222,18,2,1
0,222,19,2,1
0,222,20,2,1
0,222,21,2,1
0,222,22,2,1
0,222,23,2,1
0,222,24,2,1
0,222,25,2,1
0,220,0,2,1
0,220,1,2,1
0,220,2,2,1
0,220,3,2,1
0,220,4,2,1
0,220,9,2,1
0,220,10,2,1
0,220,11,2,1
0,220,12,2,1
0,220,13,2,1
0,220,14,2,1
0,220,15,2,1
0,220,16,2,1
0,220,17,2,1
0,220,18,2,1
0,220,19,2,1
0,220,20,2,1
0,220,21,2,1
0,220,22,2,1
0,220,23,2,1
0,220,24,2,1
0,220,25,2,1
0,218,0,2,1
0,218,1,2,1
0,218,2,2,1
0,218,3,2,1
0,218,4,2,1
0,218,9,2,1
0,218,10,2,1
0,218,11,2,1
0,218,12,2,1
0,218,13,2,1
0,218,14,2,1
0,218,15,2,1
0,218,16,2,1
0,218,17,2,1
0,218,18,2,1
0,218,19,2,1
0,218,20,2,1
0,218,21,2,1
0,218,22,2,1
0,218,23,2,1
0,218,24,2,1
0,218,25,2,1
0,216,0,2,1
0,216,1,2,1
0,216,2,2,1
0,216,3,2,1
0,216,4,2,1
0,216,9,2,1
0,216,10,2,1
0,216,11,2,1
0,216,12,2,1
0,216,13,2,1
0,216,14,2,1
0,216,15,2,1
0,216,16,2,1
0,216,17,2,1
0,216,18,2,1
0,216,19,2,1
0,216,20,2,1
0,216,21,2,1
0,216,22,2,1
0,216,23,2,1
0,216,24,2,1
0,216,25,2,1
0,108,-1,3,1
0,135,1,3,1
0,135,2,3,1
0,135,3,3,1
0,135,4,3,1
0,135,5,3,1
0,135,6,3,1
0,135,7,3,1
0,135,8,3,1
0,135,9,3,1
0,135,10,3,1
0,135,17,3,1
0,135,18,3,1
0,135,19,3,1
0,135,20,3,1
0,135,21,3,1
0,135,22,3,1
0,135,23,3,1
0,133,1,3,1
0,133,2,3,1
0,133,3,3,1
0,133,4,3,1
0,133,5,3,1
0,133,6,3,1
0,133,7,3,1
0,133,8,3,1
0,133,9,3,1
0,133,10,3,1
0,133,17,3,1
0,133,18,3,1
0,133,19,3,1
0,133,20,3,1
0,133,21,3,1
0,133,22,3,1
0,133,23,3,1
0,131,1,3,1
0,131,2,3,1
0,131,3,3,1
0,131,4,3,1
0,131,5,3,1
0,131,6,3,1
0,131,7,3,1
0,131,8,3,1
0,131,9,3,1
0,131,10,3,1
0,131,17,3,1
0,131,18,3,1
0,131,19,3,1
0,131,20,3,1
0,131,21,3,1
0,131,22,3,1
0,131,23,3,1
0,129,1,3,1
0,129,2,3,1
0,129,3,3,1
0,129,4,3,1
0,129,5,3,1
0,129,6,3,1
0,129,7,3,1
0,129,8,3,1
0,129,9,3,1
0,129,10,3,1
0,127,1,3,1
0,127,2,3,1
0,127,3,3,1
0,127,4,3,1
0,127,5,3,1
0,127,6,3,1
0,127,7,3,1
0,127,8,3,1
0,127,9,3,1
0,127,10,3,1
0,127,11,3,1
0,127,12,3,1
0,127,13,3,1
0,127,14,3,1
0,127,15,3,1
0,127,16,3,1
0,127,17,3,1
0,127,18,3,1
0,127,19,3,1
0,127,20,3,1
0,127,21,3,1
0,127,22,3,1
0,127,23,3,1
0,126,2,2,1
0,126,3,2,1
0,126,4,2,1
0,126,5,2,1
0,126,6,2,1
0,126,7,2,1
0,126,8,2,1
0,126,9,2,1
0,126,10,2,1
0,126,11,2,1
0,126,12,2,1
0,126,13,2,1
0,126,14,2,1
0,126,15,2,1
0,126,16,2,1
0,126,17,2,1
0,126,18,2,1
0,126,19,2,1
0,126,20,2,1
0,126,21,2,1
0,126,22,2,1
0,126,23,2,1
0,128,1,2,1
0,128,2,2,1
0,128,3,2,1
0,128,4,2,1
0,128,5,2,1
0,128,6,2,1
0,128,7,2,1
0,128,8,2,1
0,128,10,2,1
0,128,11,2,1
0,128,16,2,1
0,128,20,2,1
0,128,21,2,1
0,128,22,2,1
0,128,23,2,1
0,130,1,2,1
0,130,2,2,1
0,130,3,2,1
0,130,4,2,1
0,130,5,2,1
0,130,6,2,1
0,130,7,2,1
0,130,8,2,1
0,130,9,2,1
0,130,10,2,1
0,132,1,2,1
0,132,2,2,1
0,132,3,2,1
0,132,4,2,1
0,132,5,2,1
0,132,6,2,1
0,132,7,2,1
0,132,8,2,1
0,132,9,2,1
0,132,10,2,1
0,132,17,2,1
0,132,18,2,1
0,132,19,2,1
0,132,20,2,1
0,132,21,2,1
0,132,22,2,1
0,132,23,2,1
0,134,1,2,1
0,134,2,2,1
0,134,3,2,1
0,134,4,2,1
0,134,5,2,1
0,134,6,2,1
0,134,7,2,1
0,134,8,2,1
0,134,9,2,1
0,134,10,2,1
0,134,17,2,1
0,134,18,2,1
0,134,19,2,1
0,134,20,2,1
0,134,21,2,1
0,134,22,2,1
0,134,23,2,1
0,126,0,2,1
0,126,1,2,1
0,126,-1,2,1
0,126,-2,2,1
0,128,-2,2,1
0,128,0,2,1
0,128,-1,2,1
0,130,-2,2,1
0,130,-1,2,1
0,130,0,2,1
0,132,-2,2,1
0,132,0,2,1
0,132,-1,2,1
0,134,-2,2,1
0,134,0,2,1
0,134,-1,2,1
0,136,-2,2,1
0,136,-1,2,1
0,136,0,2,1
0,138,-2,2,1
0,138,-1,2,1
0,138,0,2,1
0,140,-2,2,1
0,140,-1,2,1
0,140,0,2,1
0,142,-1,2,1
0,142,0,2,1
0,142,-2,2,1
0,144,-1,2,1
0,144,0,2,1
0,144,1,2,1
0,144,-2,2,1
0,146,-2,2,1
0,146,-1,2,1
0,146,0,2,1
0,148,-2,2,1
0,148,-1,2,1
0,148,0,2,1
0,149,-1,3,1
0,149,0,3,1
0,149,1,3,1
0,149,-2,3,1
0,147,-2,3,1
0,147,-1,3,1
0,147,0,3,1
0,145,-2,3,1
0,145,-1,3,1
0,145,0,3,1
0,143,-2,3,1
0,143,-1,3,1
0,143,0,3,1
0,141,-2,3,1
0,141,-1,3,1
0,141,0,3,1
0,139,-2,3,1
0,139,-1,3,1
0,139,0,3,1
0,137,-2,3,1
0,137,-1,3,1
0,137,0,3,1
0,135,-2,3,1
0,135,-1,3,1
0,135,0,3,1
0,133,-2,3,1
0,133,-1,3,1
0,133,0,3,1
0,131,-2,3,1
0,131,-1,3,1
0,131,0,3,1
0,129,-2,3,1
0,129,-1,3,1
0,129,0,3,1
0,127,-2,3,1
0,127,-1,3,1
0,127,0,3,1
0,199,-2,3,1
0,199,-1,3,1
0,199,0,3,1
0,201,-1,3,1
0,201,0,3,1
0,201,-2,3,1
0,203,-2,3,1
0,203,-1,3,1
0,203,0,3,1
0,205,-2,3,1
0,205,-1,3,1
0,205,0,3,1
0,207,-1,3,1
0,207,0,3,1
0,207,-2,3,1
0,209,-2,3,1
0,209,-1,3,1
0,209,0,3,1
0,211,-2,3,1
0,211,-1,3,1
0,211,0,3,1
0,213,-1,3,1
0,213,-2,3,1
0,215,-1,3,1
0,215,-2,3,1
0,217,-1,3,1
0,217,-2,3,1
0,219,-1,3,1
0,219,-2,3,1
0,221,-1,3,1
0,221,-2,3,1
0,223,-1,3,1
0,223,-2,3,1
0,198,-2,2,1
0,198,-1,2,1
0,198,0,2,1
0,200,-2,2,1
0,200,-1,2,1
0,200,0,2,1
0,202,-2,2,1
0,202,-1,2,1
0,202,0,2,1
0,204,-2,2,1
0,204,-1,2,1
0,206,-2,2,1
0,206,-1,2,1
0,208,-2,2,1
0,208,-1,2,1
0,210,-2,2,1
0,210,-1,2,1
0,212,-2,2,1
0,212,-1,2,1
0,214,-2,2,1
0,214,-1,2,1
0,216,-2,2,1
0,216,-1,2,1
0,218,-2,2,1
0,218,-1,2,1
0,220,-2,2,1
0,220,-1,2,1
0,222,-2,2,1
0,222,-1,2,1
0,198,16,2,1
0,198,17,2,1
0,198,19,2,1
0,200,16,2,1
0,200,17,2,1
0,200,18,2,1
0,202,16,2,1
0,202,17,2,1
0,202,18,2,1
0,202,19,2,1
0,204,16,2,1
0,204,17,2,1
0,204,18,2,1
0,204,19,2,1
0,206,16,2,1
0,206,17,2,1
0,206,18,2,1
0,206,19,2,1
0,208,15,2,1
0,208,16,2,1
0,208,17,2,1
0,208,18,2,1
0,208,19,2,1
0,210,16,2,1
0,210,17,2,1
0,210,18,2,1
0,210,19,2,1
0,199,16,3,1
0,199,17,3,1
0,199,18,3,1
0,199,19,3,1
0,201,17,3,1
0,201,18,3,1
0,201,19,3,1
0,201,20,3,1
0,201,16,3,1
0,203,16,3,1
0,203,17,3,1
0,203,18,3,1
0,203,19,3,1
0,205,15,3,1
0,205,16,3,1
0,205,17,3,1
0,205,18,3,1
0,205,19,3,1
0,207,16,3,1
0,207,17,3,1
0,207,18,3,1
0,207,19,3,1
0,209,16,3,1
0,209,17,3,1
0,209,18,3,1
0,209,19,3,1
0,151,18,18,1
0,152,19,19,1
0,153,19,19,1
0,154,18,17,1
0,155,17,17,1
0,158,17,18,1
0,159,18,19,1
0,160,18,19,1
0,156,17,19,1
0,157,17,19,1
0,155,18,23,1
0,155,19,23,1
0,155,20,23,1
0,155,21,23,1
0,155,22,23,1
0,155,23,23,1
0,155,24,23,1
0,156,18,23,1
0,156,19,23,1
0,156,20,23,1
0,156,21,23,1
0,156,22,23,1
0,156,23,23,1
0,156,24,23,1
0,157,18,23,1
0,157,19,23,1
0,157,20,23,1
0,157,21,23,1
0,157,22,23,1
0,157,23,23,1
0,157,24,23,1
0,158,18,23,1
0,158,19,23,1
0,158,20,23,1
0,158,21,23,1
0,158,22,23,1
0,158,23,23,1
0,158,24,23,1
0,150,18,23,1
0,150,19,23,1
0,150,20,23,1
0,150,21,23,1
0,150,22,23,1
0,150,23,23,1
0,151,19,23,1
0,151,20,23,1
0,151,21,23,1
0,151,22,23,1
0,151,23,23,1
0,152,20,23,1
0,152,21,23,1
0,152,22,23,1
0,152,23,23,1
0,152,24,23,1
0,153,20,23,1
0,153,21,23,1
0,153,22,23,1
0,153,23,23,1
0,153,24,23,1
0,154,20,23,1
0,154,21,23,1
0,154,22,23,1
0,154,23,23,1
0,154,24,23,1
0,154,19,23,1
0,162,19,18,1
0,163,20,18,1
0,164,21,19,1
0,165,20,17,1
0,166,19,17,1
0,168,19,19,1
0,169,19,19,1
0,170,19,18,1
0,171,20,19,1
0,172,20,19,1
0,173,20,18,1
0,174,21,18,1
0,175,22,19,1
0,176,21,17,1
0,177,20,17,1
0,178,19,17,1
0,179,18,17,1
0,180,18,19,1
0,181,18,19,1
0,182,18,19,1
0,183,18,18,1
0,184,19,19,1
0,185,19,19,1
0,186,19,18,1
0,187,20,19,1
0,188,20,19,1
0,189,20,19,1
0,190,20,18,1
0,191,21,19,1
0,192,20,17,1
0,193,19,17,1
0,194,18,17,1
0,195,18,19,1
0,196,18,19,1
0,194,19,23,1
0,194,20,23,1
0,194,21,23,1
0,194,22,23,1
0,194,23,23,1
0,195,19,23,1
0,195,20,23,1
0,195,21,23,1
0,195,22,23,1
0,195,23,23,1
0,196,19,23,1
0,196,20,23,1
0,196,21,23,1
0,196,22,23,1
0,196,23,23,1
0,197,19,23,1
0,197,20,23,1
0,197,21,23,1
0,197,22,23,1
0,197,23,23,1
0,179,19,23,1
0,179,20,23,1
0,179,21,23,1
0,179,22,23,1
0,179,23,23,1
0,180,19,23,1
0,180,20,23,1
0,180,21,23,1
0,180,22,23,1
0,180,23,23,1
0,181,19,23,1
0,181,20,23,1
0,181,21,23,1
0,181,22,23,1
0,181,23,23,1
0,182,19,23,1
0,182,20,23,1
0,182,21,23,1
0,182,22,23,1
0,182,23,23,1
0,183,19,23,1
0,183,20,23,1
0,183,21,23,1
0,183,22,23,1
0,183,23,23,1
0,184,20,23,1
0,184,21,23,1
0,184,22,23,1
0,184,23,23,1
0,185,20,23,1
0,185,21,23,1
0,185,22,23,1
0,185,23,23,1
0,186,20,23,1
0,186,21,23,1
0,186,22,23,1
0,186,23,23,1
0,187,21,23,1
0,187,22,23,1
0,187,23,23,1
0,188,21,23,1
0,188,22,23,1
0,188,23,23,1
0,189,21,23,1
0,189,22,23,1
0,189,23,23,1
0,190,21,23,1
0,190,22,23,1
0,190,23,23,1
0,191,22,23,1
0,192,23,23,1
0,191,23,23,1
0,192,22,23,1
0,193,20,23,1
0,193,21,23,1
0,193,22,23,1
0,193,23,23,1
0,197,18,23,1
0,177,21,23,1
0,177,22,23,1
0,177,23,23,1
0,178,21,23,1
0,178,22,23,1
0,178,23,23,1
0,178,20,23,1
0,176,22,23,1
0,175,23,23,1
0,176,23,23,1
0,200,19,2,1
0,159,19,23,1
0,159,20,23,1
0,159,21,23,1
0,159,22,23,1
0,159,23,23,1
0,159,24,23,1
0,160,19,23,1
0,160,20,23,1
0,160,21,23,1
0,160,22,23,1
0,160,23,23,1
0,160,24,23,1
0,161,19,23,1
0,161,20,23,1
0,161,21,23,1
0,161,22,23,1
0,161,23,23,1
0,161,24,23,1
0,162,20,23,1
0,162,21,23,1
0,162,22,23,1
0,162,23,23,1
0,162,24,23,1
0,163,21,23,1
0,163,22,23,1
0,163,23,23,1
0,163,24,23,1
0,164,22,23,1
0,164,23,23,1
0,164,24,23,1
0,165,21,23,1
0,165,22,23,1
0,165,23,23,1
0,165,24,23,1
0,166,21,23,1
0,166,22,23,1
0,166,23,23,1
0,166,24,23,1
0,167,21,23,1
0,167,22,23,1
0,167,23,23,1
0,167,24,23,1
0,168,21,23,1
0,168,22,23,1
0,168,23,23,1
0,168,24,23,1
0,169,21,23,1
0,169,22,23,1
0,169,23,23,1
0,169,24,23,1
0,170,21,23,1
0,170,22,23,1
0,170,23,23,1
0,170,24,23,1
0,171,21,23,1
0,171,22,23,1
0,171,23,23,1
0,171,24,23,1
0,172,21,23,1
0,172,22,23,1
0,172,23,23,1
0,172,24,23,1
0,173,21,23,1
0,173,22,23,1
0,173,23,23,1
0,173,24,23,1
0,166,20,23,1
0,167,20,23,1
0,168,20,23,1
0,169,20,23,1
0,170,20,23,1
0,174,22,23,1
0,174,23,23,1
0,174,24,23,1
0,197,17,17,1
1,173,14,9,1
0,167,19,19,1
0,161,18,18,1
0,198,18,2,1
0,144,18,2,1
0,142,5,2,1
0,192,21,23,1
8,227,9,0,1
8,227,10,0,1
8,227,11,0,1
8,227,12,0,1
8,227,13,0,1
8,227,14,0,1
8,227,15,0,1
8,227,16,0,1
8,227,17,0,1
8,227,18,0,1
8,227,19,0,1
8,227,20,0,1
8,227,21,0,1
8,227,22,0,1
8,227,23,0,1
8,227,24,0,1
8,227,25,0,1
1,212,8,0,1
1,213,8,0,1
1,214,8,0,1
1,215,8,0,1
1,216,8,0,1
1,217,8,0,1
1,218,8,0,1
1,219,8,0,1
1,220,8,0,1
1,221,8,0,1
1,222,8,0,1
1,223,8,0,1
1,211,8,0,1
0,211,9,3,1
0,211,10,3,1
0,211,11,3,1
0,211,12,3,1
0,211,13,3,1
0,211,14,3,1
0,211,15,3,1
0,211,16,3,1
0,211,17,3,1
0,211,18,3,1
0,211,19,3,1
0,211,20,3,1
0,211,21,3,1
0,211,22,3,1
0,211,23,3,1
0,211,24,3,1
0,211,25,3,1
1,224,8,0,1
1,225,8,0,1
9,227,8,0,1
0,224,9,2,1
0,224,10,2,1
0,224,11,2,1
0,224,12,2,1
0,224,13,2,1
0,224,14,2,1
0,224,15,2,1
0,224,16,2,1
0,224,17,2,1
0,224,18,2,1
0,224,19,2,1
0,224,20,2,1
0,224,21,2,1
0,224,22,2,1
0,224,23,2,1
0,224,24,2,1
0,224,25,2,1
0,225,9,3,1
0,225,10,3,1
0,225,11,3,1
0,225,12,3,1
0,225,13,3,1
0,225,14,3,1
0,225,15,3,1
0,225,16,3,1
0,225,17,3,1
0,225,18,3,1
0,225,19,3,1
0,225,20,3,1
0,225,21,3,1
0,225,22,3,1
0,225,23,3,1
0,225,24,3,1
0,225,25,3,1
0,229,9,3,1
0,229,10,3,1
0,229,11,3,1
0,229,12,3,1
0,229,13,3,1
0,229,14,3,1
0,229,15,3,1
0,229,16,3,1
0,229,17,3,1
0,229,18,3,1
0,229,19,3,1
0,229,20,3,1
0,229,21,3,1
0,229,22,3,1
0,229,23,3,1
0,229,24,3,1
0,229,25,3,1
0,229,1,3,1
0,229,2,3,1
0,229,3,3,1
0,229,4,3,1
0,229,5,3,1
0,229,6,3,1
0,229,7,3,1
0,229,8,3,1
0,229,0,3,1
0,229,-1,3,1
0,229,-2,3,1
0,228,-2,2,1
0,228,-1,2,1
0,228,0,2,1
0,228,1,2,1
0,228,2,2,1
0,228,3,2,1
0,228,4,2,1
0,228,5,2,1
0,224,-1,2,1
0,224,0,2,1
0,224,1,2,1
0,224,2,2,1
0,224,3,2,1
0,224,4,2,1
0,224,-2,2,1
0,225,-2,3,1
0,225,-1,3,1
0,225,0,3,1
0,225,1,3,1
0,225,2,3,1
0,225,3,3,1
0,225,4,3,1
0,227,0,3,1
0,227,1,3,1
0,227,2,3,1
0,227,3,3,1
0,227,4,3,1
0,227,-1,3,1
0,227,-2,3,1
0,226,-2,2,1
0,226,-1,2,1
0,226,0,2,1
0,226,1,2,1
0,226,2,2,1
0,226,3,2,1
0,226,4,2,1
0,212,6,13,1
0,213,6,13,1
0,214,6,13,1
0,215,6,13,1
0,216,6,13,1
0,217,6,13,1
0,218,6,13,1
0,219,6,13,1
0,220,6,13,1
0,221,6,13,1
0,222,6,13,1
0,223,6,13,1
0,224,6,13,1
0,225,6,13,1
0,226,6,13,1
0,227,6,13,1
0,212,7,12,1
0,213,7,12,1
0,214,7,12,1
0,215,7,12,1
0,216,7,12,1
0,217,7,12,1
0,218,7,12,1
0,219,7,12,1
0,220,7,12,1
0,221,7,12,1
0,222,7,12,1
0,223,7,12,1
0,224,7,12,1
0,225,7,12,1
0,226,7,12,1
0,227,7,12,1
3,212,5,1,1
3,213,5,1,1
3,214,5,1,1
3,215,5,1,1
3,216,5,1,1
3,217,5,1,1
3,218,5,1,1
3,219,5,1,1
3,220,5,1,1
3,221,5,1,1
3,222,5,1,1
3,223,5,1,1
3,224,5,1,1
3,225,5,1,1
3,226,5,1,1
3,227,5,1,1
4,228,6,2,1
4,228,7,2,1
0,128,9,2,1
0,150,17,18,1
0,149,17,3,1
0,144,21,2,1
1,131,16,0,1
1,132,16,0,1
1,133,16,0,1
1,134,16,0,1
1,135,16,0,1
1,136,16,0,1
1,137,16,0,1
1,138,16,0,1
3,130,11,1,1
3,131,11,1,1
3,132,11,1,1
3,133,11,1,1
3,134,11,1,1
3,135,11,1,1
3,136,11,1,1
0,130,13,12,1
0,130,14,12,1
0,130,15,12,1
0,131,13,12,1
0,131,14,12,1
0,131,15,12,1
0,132,13,12,1
0,132,14,12,1
0,132,15,12,1
0,133,13,12,1
0,133,14,12,1
0,133,15,12,1
0,134,13,12,1
0,134,14,12,1
0,134,15,12,1
0,135,13,12,1
0,135,14,12,1
0,135,15,12,1
0,136,13,12,1
0,136,14,12,1
0,136,15,12,1
0,130,12,13,1
0,131,12,13,1
0,132,12,13,1
0,133,12,13,1
0,134,12,13,1
0,135,12,13,1
0,136,12,13,1
0,137,12,13,1
0,136,10,2,1
0,137,17,3,1
0,137,18,3,1
0,137,19,3,1
0,137,20,3,1
0,137,21,3,1
0,137,22,3,1
0,137,23,3,1
0,136,17,2,1
0,136,18,2,1
0,136,19,2,1
0,136,20,2,1
0,136,21,2,1
0,136,22,2,1
0,136,23,2,1
0,125,0,3,1
0,125,1,3,1
0,125,2,3,1
0,125,3,3,1
0,125,4,3,1
0,125,5,3,1
0,125,6,3,1
0,125,7,3,1
0,125,8,3,1
0,125,9,3,1
0,125,10,3,1
0,125,11,3,1
0,125,12,3,1
0,125,13,3,1
0,125,14,3,1
0,125,15,3,1
0,125,16,3,1
0,125,17,3,1
0,125,18,3,1
0,125,19,3,1
0,125,20,3,1
0,125,21,3,1
0,125,22,3,1
0,125,23,3,1
0,125,-1,3,1
0,125,-2,3,1
0,117,-2,3,1
0,117,-1,3,1
0,117,0,3,1
0,117,1,3,1
0,117,2,3,1
0,117,3,3,1
0,117,4,3,1
0,117,5,3,1
0,117,6,3,1
0,117,7,3,1
0,117,8,3,1
0,117,9,3,1
0,117,10,3,1
0,117,11,3,1
0,117,12,3,1
0,117,13,3,1
0,117,14,3,1
0,117,15,3,1
0,117,16,3,1
0,117,17,3,1
0,117,18,3,1
0,117,19,3,1
0,117,20,3,1
0,117,21,3,1
0,117,22,3,1
0,117,23,3,1
0,119,-2,3,1
0,119,-1,3,1
0,119,0,3,1
0,119,1,3,1
0,119,2,3,1
0,119,3,3,1
0,119,4,3,1
0,119,5,3,1
0,119,6,3,1
0,119,7,3,1
0,119,8,3,1
0,119,9,3,1
0,119,10,3,1
0,119,11,3,1
0,119,12,3,1
0,119,13,3,1
0,119,14,3,1
0,119,15,3,1
0,119,16,3,1
0,119,17,3,1
0,119,18,3,1
0,119,19,3,1
0,119,20,3,1
0,119,21,3,1
0,119,22,3,1
0,119,23,3,1
0,121,-2,3,1
0,121,-1,3,1
0,121,0,3,1
0,121,1,3,1
0,121,2,3,1
0,121,3,3,1
0,121,4,3,1
0,121,5,3,1
0,121,6,3,1
0,121,7,3,1
0,121,8,3,1
0,121,9,3,1
0,121,10,3,1
0,121,11,3,1
0,121,12,3,1
0,121,13,3,1
0,121,14,3,1
0,121,15,3,1
0,121,16,3,1
0,121,17,3,1
0,121,18,3,1
0,121,19,3,1
0,121,20,3,1
0,121,21,3,1
0,121,22,3,1
0,121,23,3,1
0,123,-2,3,1
0,123,-1,3,1
0,123,0,3,1
0,123,1,3,1
0,123,2,3,1
0,123,3,3,1
0,123,4,3,1
0,123,5,3,1
0,123,6,3,1
0,123,7,3,1
0,123,8,3,1
0,123,9,3,1
0,123,10,3,1
0,123,11,3,1
0,123,12,3,1
0,123,13,3,1
0,123,14,3,1
0,123,15,3,1
0,123,16,3,1
0,123,17,3,1
0,123,18,3,1
0,123,19,3,1
0,123,20,3,1
0,123,21,3,1
0,123,22,3,1
0,123,23,3,1
0,124,-2,2,1
0,124,-1,2,1
0,124,0,2,1
0,124,1,2,1
0,124,2,2,1
0,124,3,2,1
0,124,4,2,1
0,124,5,2,1
0,124,6,2,1
0,124,7,2,1
0,124,8,2,1
0,124,9,2,1
0,124,10,2,1
0,124,11,2,1
0,124,12,2,1
0,124,13,2,1
0,124,14,2,1
0,124,15,2,1
0,124,16,2,1
0,124,17,2,1
0,124,18,2,1
0,124,19,2,1
0,124,20,2,1
0,124,21,2,1
0,124,22,2,1
0,124,23,2,1
0,122,-2,2,1
0,122,-1,2,1
0,122,0,2,1
0,122,1,2,1
0,122,2,2,1
0,122,3,2,1
0,122,4,2,1
0,122,5,2,1
0,122,6,2,1
0,122,7,2,1
0,122,8,2,1
0,122,9,2,1
0,122,10,2,1
0,122,11,2,1
0,122,12,2,1
0,122,13,2,1
0,122,14,2,1
0,122,15,2,1
0,122,16,2,1
0,122,17,2,1
0,122,18,2,1
0,122,19,2,1
0,122,20,2,1
0,122,21,2,1
0,122,22,2,1
0,122,23,2,1
0,120,-2,2,1
0,120,-1,2,1
0,120,0,2,1
0,120,1,2,1
0,120,2,2,1
0,120,3,2,1
0,120,4,2,1
0,120,5,2,1
0,120,6,2,1
0,120,7,2,1
0,120,8,2,1
0,120,9,2,1
0,120,10,2,1
0,120,11,2,1
0,120,12,2,1
0,120,13,2,1
0,120,14,2,1
0,120,15,2,1
0,120,16,2,1
0,120,17,2,1
0,120,18,2,1
0,120,19,2,1
0,120,20,2,1
0,120,21,2,1
0,120,22,2,1
0,120,23,2,1
0,118,-2,2,1
0,118,-1,2,1
0,118,0,2,1
0,118,1,2,1
0,118,2,2,1
0,118,3,2,1
0,118,4,2,1
0,118,5,2,1
0,118,6,2,1
0,118,7,2,1
0,118,8,2,1
0,118,9,2,1
0,118,10,2,1
0,118,11,2,1
0,118,12,2,1
0,118,13,2,1
0,118,14,2,1
0,118,15,2,1
0,118,16,2,1
0,118,17,2,1
0,118,18,2,1
0,118,19,2,1
0,118,20,2,1
0,118,21,2,1
0,118,22,2,1
0,118,23,2,1
0,230,-1,2,1
0,230,0,2,1
0,230,1,2,1
0,230,2,2,1
0,230,3,2,1
0,230,4,2,1
0,230,5,2,1
0,230,6,2,1
0,230,7,2,1
0,230,8,2,1
0,230,9,2,1
0,230,10,2,1
0,230,11,2,1
0,230,12,2,1
0,230,13,2,1
0,230,14,2,1
0,230,15,2,1
0,230,16,2,1
0,230,17,2,1
0,230,18,2,1
0,230,19,2,1
0,230,20,2,1
0,230,21,2,1
0,230,22,2,1
0,230,23,2,1
0,230,24,2,1
0,230,25,2,1
0,232,-1,2,1
0,232,0,2,1
0,232,1,2,1
0,232,2,2,1
0,232,3,2,1
0,232,4,2,1
0,232,5,2,1
0,232,6,2,1
0,232,7,2,1
0,232,8,2,1
0,232,9,2,1
0,232,10,2,1
0,232,11,2,1
0,232,12,2,1
0,232,13,2,1
0,232,14,2,1
0,232,15,2,1
0,232,16,2,1
0,232,17,2,1
0,232,18,2,1
0,232,19,2,1
0,232,20,2,1
0,232,21,2,1
0,232,22,2,1
0,232,23,2,1
0,232,24,2,1
0,232,25,2,1
0,234,-1,2,1
0,234,0,2,1
0,234,1,2,1
0,234,2,2,1
0,234,3,2,1
0,234,4,2,1
0,234,5,2,1
0,234,6,2,1
0,234,7,2,1
0,234,8,2,1
0,234,9,2,1
0,234,10,2,1
0,234,11,2,1
0,234,12,2,1
0,234,13,2,1
0,234,14,2,1
0,234,15,2,1
0,234,16,2,1
0,234,17,2,1
0,234,18,2,1
0,234,19,2,1
0,234,20,2,1
0,234,21,2,1
0,234,22,2,1
0,234,23,2,1
0,234,24,2,1
0,234,25,2,1
0,236,-1,2,1
0,236,0,2,1
0,236,1,2,1
0,236,2,2,1
0,236,3,2,1
0,236,4,2,1
0,236,5,2,1
0,236,6,2,1
0,236,7,2,1
0,236,8,2,1
0,236,9,2,1
0,236,10,2,1
0,236,11,2,1
0,236,12,2,1
0,236,13,2,1
0,236,14,2,1
0,236,15,2,1
0,236,16,2,1
0,236,17,2,1
0,236,18,2,1
0,236,19,2,1
0,236,20,2,1
0,236,21,2,1
0,236,22,2,1
0,236,23,2,1
0,236,24,2,1
0,236,25,2,1
0,238,-1,2,1
0,238,0,2,1
0,238,1,2,1
0,238,2,2,1
0,238,3,2,1
0,238,4,2,1
0,238,5,2,1
0,238,6,2,1
0,238,7,2,1
0,238,8,2,1
0,238,9,2,1
0,238,10,2,1
0,238,11,2,1
0,238,12,2,1
0,238,13,2,1
0,238,14,2,1
0,238,15,2,1
0,238,16,2,1
0,238,17,2,1
0,238,18,2,1
0,238,19,2,1
0,238,20,2,1
0,238,21,2,1
0,238,22,2,1
0,238,23,2,1
0,238,24,2,1
0,238,25,2,1
0,240,-1,2,1
0,240,0,2,1
0,240,1,2,1
0,240,2,2,1
0,240,3,2,1
0,240,4,2,1
0,240,5,2,1
0,240,6,2,1
0,240,7,2,1
0,240,8,2,1
0,240,9,2,1
0,240,10,2,1
0,240,11,2,1
0,240,12,2,1
0,240,13,2,1
0,240,14,2,1
0,240,15,2,1
0,240,16,2,1
0,240,17,2,1
0,240,18,2,1
0,240,19,2,1
0,240,20,2,1
0,240,21,2,1
0,240,22,2,1
0,240,23,2,1
0,240,24,2,1
0,240,25,2,1
0,230,-2,2,1
0,232,-2,2,1
0,234,-2,2,1
0,236,-2,2,1
0,238,-2,2,1
0,240,-2,2,1
0,231,-2,3,1
0,231,-1,3,1
0,231,0,3,1
0,231,1,3,1
0,231,2,3,1
0,231,3,3,1
0,231,4,3,1
0,231,5,3,1
0,231,6,3,1
0,231,7,3,1
0,231,8,3,1
0,231,9,3,1
0,231,10,3,1
0,231,11,3,1
0,231,12,3,1
0,231,13,3,1
0,231,14,3,1
0,231,15,3,1
0,231,16,3,1
0,231,17,3,1
0,231,18,3,1
0,231,19,3,1
0,231,20,3,1
0,231,21,3,1
0,231,22,3,1
0,231,23,3,1
0,231,24,3,1
0,231,25,3,1
0,233,-2,3,1
0,233,-1,3,1
0,233,0,3,1
0,233,1,3,1
0,233,2,3,1
0,233,3,3,1
0,233,4,3,1
0,233,5,3,1
0,233,6,3,1
0,233,7,3,1
0,233,8,3,1
0,233,9,3,1
0,233,10,3,1
0,233,11,3,1
0,233,12,3,1
0,233,13,3,1
0,233,14,3,1
0,233,15,3,1
0,233,16,3,1
0,233,17,3,1
0,233,18,3,1
0,233,19,3,1
0,233,20,3,1
0,233,21,3,1
0,233,22,3,1
0,233,23,3,1
0,233,24,3,1
0,233,25,3,1
0,235,-2,3,1
0,235,-1,3,1
0,235,0,3,1
0,235,1,3,1
0,235,2,3,1
0,235,3,3,1
0,235,4,3,1
0,235,5,3,1
0,235,6,3,1
0,235,7,3,1
0,235,8,3,1
0,235,9,3,1
0,235,10,3,1
0,235,11,3,1
0,235,12,3,1
0,235,13,3,1
0,235,14,3,1
0,235,15,3,1
0,235,16,3,1
0,235,17,3,1
0,235,18,3,1
0,235,19,3,1
0,235,20,3,1
0,235,21,3,1
0,235,22,3,1
0,235,23,3,1
0,235,24,3,1
0,235,25,3,1
0,237,-2,3,1
0,237,-1,3,1
0,237,0,3,1
0,237,1,3,1
0,237,2,3,1
0,237,3,3,1
0,237,4,3,1
0,237,5,3,1
0,237,6,3,1
0,237,7,3,1
0,237,8,3,1
0,237,9,3,1
0,237,10,3,1
0,237,11,3,1
0,237,12,3,1
0,237,13,3,1
0,237,14,3,1
0,237,15,3,1
0,237,16,3,1
0,237,17,3,1
0,237,18,3,1
0,237,19,3,1
0,237,20,3,1
0,237,21,3,1
0,237,22,3,1
0,237,23,3,1
0,237,24,3,1
0,237,25,3,1
0,239,-2,3,1
0,239,-1,3,1
0,239,0,3,1
0,239,1,3,1
0,239,2,3,1
0,239,3,3,1
0,239,4,3,1
0,239,5,3,1
0,239,6,3,1
0,239,7,3,1
0,239,8,3,1
0,239,9,3,1
0,239,10,3,1
0,239,11,3,1
0,239,12,3,1
0,239,13,3,1
0,239,14,3,1
0,239,15,3,1
0,239,16,3,1
0,239,17,3,1
0,239,18,3,1
0,239,19,3,1
0,239,20,3,1
0,239,21,3,1
0,239,22,3,1
0,239,23,3,1
0,239,24,3,1
0,239,25,3,1
0,241,-2,3,1
0,241,-1,3,1
0,241,0,3,1
0,241,1,3,1
0,241,2,3,1
0,241,3,3,1
0,241,4,3,1
0,241,5,3,1
0,241,6,3,1
0,241,7,3,1
0,241,8,3,1
0,241,9,3,1
0,241,10,3,1
0,241,11,3,1
0,241,12,3,1
0,241,13,3,1
0,241,14,3,1
0,241,15,3,1
0,241,16,3,1
0,241,17,3,1
0,241,18,3,1
0,241,19,3,1
0,241,20,3,1
0,241,21,3,1
0,241,22,3,1
0,241,23,3,1
0,241,24,3,1
0,241,25,3,1
8,129,17,0,1
8,129,18,0,1
8,129,19,0,1
8,129,20,0,1
8,129,21,0,1
8,129,22,0,1
8,129,23,0,1
9,129,16,0,1
2,128,12,2,1
2,128,13,2,1
2,128,14,2,1
2,128,15,2,1
0,129,13,12,1
0,129,14,12,1
0,129,15,12,1
0,129,12,13,1
3,129,11,1,1
0,130,21,2,1
0,130,22,2,1
0,130,23,2,1
2,128,17,2,1
2,128,18,2,1
2,128,19,2,1
4,130,17,2,1
4,130,18,2,1
4,130,19,2,1
4,130,20,2,1
5,130,16,0,1
4,198,3,2,1
4,198,4,2,1
4,228,8,2,1
4,228,9,2,1
4,228,10,2,1
4,228,11,2,1
4,228,12,2,1
4,228,13,2,1
4,228,14,2,1
4,228,15,2,1
4,228,16,2,1
4,228,17,2,1
4,228,18,2,1
4,228,19,2,1
4,228,20,2,1
4,228,21,2,1
4,228,22,2,1
4,228,23,2,1
4,228,24,2,1
4,228,25,2,1
2,226,9,2,1
2,226,10,2,1
2,226,11,2,1
2,226,12,2,1
2,226,13,2,1
2,226,14,2,1
2,226,15,2,1
2,226,16,2,1
2,226,17,2,1
2,226,18,2,1
2,226,19,2,1
2,226,20,2,1
2,226,21,2,1
2,226,22,2,1
2,226,23,2,1
2,226,24,2,1
2,226,25,2,1
5,226,8,0,1
0,144,16,18,2
0,145,17,18,2
0,146,17,19,2
0,147,17,19,2
0,148,17,18,2
0,149,18,19,2
0,150,18,19,2
0,154,16,19,2
0,155,16,18,2
0,156,17,18,2
0,157,18,18,2
0,158,19,19,2
0,159,19,19,2
0,153,17,23,2
0,153,18,23,2
0,153,19,23,2
0,153,20,23,2
0,153,21,23,2
0,154,17,23,2
0,154,18,23,2
0,154,19,23,2
0,154,20,23,2
0,154,21,23,2
0,155,17,23,2
0,155,18,23,2
0,155,19,23,2
0,155,20,23,2
0,155,21,23,2
0,152,18,23,2
0,152,17,17,2
0,153,16,17,2
0,151,18,19,2
0,144,17,23,2
0,144,18,23,2
0,144,19,23,2
0,144,20,23,2
0,144,21,23,2
0,145,18,23,2
0,145,19,23,2
0,145,20,23,2
0,145,21,23,2
0,145,22,23,2
0,146,18,23,2
0,146,19,23,2
0,146,20,23,2
0,146,21,23,2
0,146,22,23,2
0,147,18,23,2
0,147,19,23,2
0,147,20,23,2
0,147,21,23,2
0,147,22,23,2
0,148,18,23,2
0,148,19,23,2
0,148,20,23,2
0,148,21,23,2
0,148,22,23,2
0,149,19,23,2
0,149,20,23,2
0,149,21,23,2
0,149,22,23,2
0,150,19,23,2
0,150,20,23,2
0,150,21,23,2
0,150,22,23,2
0,151,19,23,2
0,151,20,23,2
0,151,21,23,2
0,151,22,23,2
0,152,19,23,2
0,152,20,23,2
0,152,21,23,2
0,152,22,23,2
0,156,18,23,2
0,156,19,23,2
0,156,20,23,2
0,156,21,23,2
0,157,19,23,2
0,157,20,23,2
0,157,21,23,2
0,157,22,23,2
0,158,20,23,2
0,158,21,23,2
0,158,22,23,2
0,159,20,23,2
0,159,21,23,2
0,159,22,23,2
0,153,22,23,2
0,154,22,23,2
0,155,22,23,2
0,156,22,23,2
0,160,18,17,2
0,161,17,17,2
0,162,17,19,2
0,163,17,18,2
0,164,18,19,2
0,165,18,19,2
0,166,17,17,2
0,167,16,17,2
0,168,16,19,2
0,169,16,19,2
0,170,16,18,2
0,171,17,18,2
0,172,18,18,2
0,173,19,19,2
0,174,19,19,2
0,175,19,19,2
0,176,19,19,2
0,176,18,17,2
0,177,17,17,2
0,178,17,19,2
0,179,17,19,2
0,180,17,19,2
0,181,17,18,2
0,182,18,19,2
0,183,18,18,2
0,184,19,19,2
0,185,19,19,2
0,186,18,17,2
0,187,17,17,2
0,188,16,17,2
0,189,16,19,2
0,190,16,19,2
0,191,16,18,2
0,192,17,19,2
0,193,17,19,2
0,194,17,19,2
0,195,16,17,2
0,196,15,17,2
0,197,15,19,2
0,198,15,19,2
0,199,15,19,2
0,200,14,17,2
0,201,13,17,2
0,202,13,19,2
0,203,13,19,2
0,204,13,18,2
0,205,14,18,2
0,207,15,19,2
0,201,14,23,2
0,201,15,23,2
0,202,14,23,2
0,202,15,23,2
0,202,16,23,2
0,202,17,23,2
0,202,18,23,2
0,202,19,23,2
0,202,20,23,2
0,203,14,23,2
0,203,15,23,2
0,203,16,23,2
0,203,17,23,2
0,203,18,23,2
0,203,19,23,2
0,203,20,23,2
0,204,14,23,2
0,204,15,23,2
0,204,16,23,2
0,204,17,23,2
0,204,18,23,2
0,204,19,23,2
0,204,20,23,2
0,205,15,23,2
0,205,16,23,2
0,205,17,23,2
0,205,18,23,2
0,205,19,23,2
0,205,20,23,2
0,206,15,19,2
0,204,21,23,2
0,204,22,23,2
0,205,21,23,2
0,205,22,23,2
0,206,16,23,2
0,206,17,23,2
0,206,18,23,2
0,206,19,23,2
0,206,20,23,2
0,206,21,23,2
0,206,22,23,2
0,207,16,23,2
0,207,17,23,2
0,207,18,23,2
0,207,19,23,2
0,207,20,23,2
0,207,21,23,2
0,207,22,23,2
0,200,15,23,2
0,197,16,23,2
0,197,17,23,2
0,197,18,23,2
0,197,19,23,2
0,197,20,23,2
0,197,21,23,2
0,197,22,23,2
0,198,16,23,2
0,198,17,23,2
0,198,18,23,2
0,198,19,23,2
0,198,20,23,2
0,198,21,23,2
0,198,22,23,2
0,199,16,23,2
0,199,17,23,2
0,199,18,23,2
0,199,19,23,2
0,199,20,23,2
0,199,21,23,2
0,199,22,23,2
0,200,16,23,2
0,200,17,23,2
0,200,18,23,2
0,200,19,23,2
0,200,20,23,2
0,200,21,23,2
0,200,22,23,2
0,201,16,23,2
0,201,17,23,2
0,201,18,23,2
0,201,19,23,2
0,201,20,23,2
0,201,21,23,2
0,201,22,23,2
0,196,16,23,2
0,196,17,23,2
0,196,18,23,2
0,196,19,23,2
0,196,20,23,2
0,196,21,23,2
0,196,22,23,2
0,195,17,23,2
0,192,18,23,2
0,192,19,23,2
0,192,20,23,2
0,192,21,23,2
0,192,22,23,2
0,193,18,23,2
0,193,19,23,2
0,193,20,23,2
0,193,21,23,2
0,193,22,23,2
0,194,18,23,2
0,194,19,23,2
0,194,20,23,2
0,194,21,23,2
0,194,22,23,2
0,195,18,23,2
0,195,19,23,2
0,195,20,23,2
0,195,21,23,2
0,195,22,23,2
0,189,17,23,2
0,189,18,23,2
0,189,19,23,2
0,189,20,23,2
0,189,21,23,2
0,189,22,23,2
0,190,17,23,2
0,190,18,23,2
0,190,19,23,2
0,190,20,23,2
0,190,21,23,2
0,190,22,23,2
0,191,17,23,2
0,191,18,23,2
0,191,19,23,2
0,191,20,23,2
0,191,21,23,2
0,191,22,23,2
0,188,17,23,2
0,188,18,23,2
0,188,19,23,2
0,188,20,23,2
0,188,21,23,2
0,188,22,23,2
0,187,18,23,2
0,187,19,23,2
0,187,20,23,2
0,187,21,23,2
0,187,22,23,2
0,186,19,23,2
0,179,20,23,2
0,179,21,23,2
0,179,22,23,2
0,180,20,23,2
0,180,21,23,2
0,180,22,23,2
0,181,20,23,2
0,181,21,23,2
0,181,22,23,2
0,182,20,23,2
0,182,21,23,2
0,182,22,23,2
0,183,20,23,2
0,183,21,23,2
0,183,22,23,2
0,184,20,23,2
0,184,21,23,2
0,184,22,23,2
0,185,20,23,2
0,185,21,23,2
0,185,22,23,2
0,186,20,23,2
0,186,21,23,2
0,186,22,23,2
0,177,18,23,2
0,177,19,23,2
0,178,18,23,2
0,178,19,23,2
0,179,18,23,2
0,179,19,23,2
0,180,18,23,2
0,180,19,23,2
0,181,18,23,2
0,181,19,23,2
0,182,19,23,2
0,183,19,23,2
0,173,20,23,2
0,173,21,23,2
0,173,22,23,2
0,174,20,23,2
0,174,21,23,2
0,174,22,23,2
0,175,20,23,2
0,175,21,23,2
0,175,22,23,2
0,176,20,23,2
0,176,21,23,2
0,176,22,23,2
0,177,20,23,2
0,177,21,23,2
0,177,22,23,2
0,178,20,23,2
0,178,21,23,2
0,178,22,23,2
0,167,17,23,2
0,167,18,23,2
0,167,19,23,2
0,167,20,23,2
0,167,21,23,2
0,167,22,23,2
0,168,17,23,2
0,168,18,23,2
0,168,19,23,2
0,168,20,23,2
0,168,21,23,2
0,168,22,23,2
0,169,17,23,2
0,169,18,23,2
0,169,19,23,2
0,169,20,23,2
0,169,21,23,2
0,169,22,23,2
0,170,17,23,2
0,170,18,23,2
0,170,19,23,2
0,170,20,23,2
0,170,21,23,2
0,170,22,23,2
0,171,18,23,2
0,171,19,23,2
0,171,20,23,2
0,171,21,23,2
0,171,22,23,2
0,172,19,23,2
0,172,20,23,2
0,172,21,23,2
0,172,22,23,2
0,162,18,23,2
0,162,19,23,2
0,162,20,23,2
0,162,21,23,2
0,162,22,23,2
0,160,19,23,2
0,160,20,23,2
0,160,21,23,2
0,160,22,23,2
0,161,19,23,2
0,161,20,23,2
0,161,21,23,2
0,161,22,23,2
0,161,18,23,2
0,163,18,23,2
0,163,19,23,2
0,163,20,23,2
0,163,21,23,2
0,163,22,23,2
0,164,19,23,2
0,164,20,23,2
0,164,21,23,2
0,164,22,23,2
0,165,19,23,2
0,165,20,23,2
0,165,21,23,2
0,165,22,23,2
0,166,19,23,2
0,166,20,23,2
0,166,21,23,2
0,166,22,23,2
0,166,18,23,2
0,202,21,23,2
0,202,22,23,2
0,203,21,23,2
0,203,22,23,2
0,148,14,18,3
0,149,15,18,3
0,150,16,19,3
0,151,16,19,3
0,152,16,19,3
0,153,15,17,3
0,154,14,17,3
0,155,13,17,3
0,156,12,17,3
0,157,12,19,3
0,158,12,19,3
0,160,13,18,3
0,159,12,18,3
0,161,14,18,3
0,162,15,19,3
0,163,15,19,3
0,164,14,17,3
0,165,13,17,3
0,166,12,17,3
0,167,12,19,3
0,168,11,17,3
0,169,11,19,3
0,170,11,19,3
0,171,11,18,3
0,172,12,18,3
0,173,13,18,3
0,174,14,18,3
0,175,15,18,3
0,176,16,19,3
0,177,16,19,3
0,178,16,19,3
0,179,15,17,3
0,180,14,17,3
0,181,13,17,3
0,182,12,17,3
0,183,11,17,3
0,184,10,17,3
0,185,9,17,3
0,186,9,19,3
0,187,9,18,3
0,188,10,18,3
0,189,11,18,3
0,190,12,18,3
0,191,13,18,3
0,192,14,18,3
0,193,15,18,3
0,194,16,19,3
0,195,16,18,3
0,196,17,18,3
0,197,18,19,3
0,198,17,17,3
0,199,16,17,3
0,200,15,17,3
0,201,15,19,3
0,202,15,19,3
0,203,15,19,3
0,204,15,19,3
0,205,15,18,3
0,206,16,18,3
0,147,14,19,3
0,146,14,19,3
0,145,14,19,3
0,144,14,17,3
0,143,15,17,3
0,142,16,17,3
0,141,17,17,3
0,144,15,23,3
0,144,16,23,3
0,144,17,23,3
0,144,18,23,3
0,144,19,23,3
0,144,20,23,3
0,144,21,23,3
0,144,22,23,3
0,144,23,23,3
0,145,15,23,3
0,145,16,23,3
0,145,17,23,3
0,145,18,23,3
0,145,19,23,3
0,145,20,23,3
0,145,21,23,3
0,145,22,23,3
0,145,23,23,3
0,146,15,23,3
0,146,16,23,3
0,146,17,23,3
0,146,18,23,3
0,146,19,23,3
0,146,20,23,3
0,146,21,23,3
0,146,22,23,3
0,146,23,23,3
0,147,15,23,3
0,147,16,23,3
0,147,17,23,3
0,147,18,23,3
0,147,19,23,3
0,147,20,23,3
0,147,21,23,3
0,147,22,23,3
0,147,23,23,3
0,148,15,23,3
0,148,16,23,3
0,148,17,23,3
0,148,18,23,3
0,148,19,23,3
0,148,20,23,3
0,148,21,23,3
0,148,22,23,3
0,148,23,23,3
0,142,17,23,3
0,142,18,23,3
0,142,19,23,3
0,142,20,23,3
0,142,21,23,3
0,142,22,23,3
0,142,23,23,3
0,143,16,23,3
0,143,17,23,3
0,143,18,23,3
0,143,19,23,3
0,143,20,23,3
0,143,21,23,3
0,143,22,23,3
0,143,23,23,3
0,141,18,23,3
0,141,19,23,3
0,141,20,23,3
0,141,21,23,3
0,141,22,23,3
0,141,23,23,3
0,149,16,23,3
0,149,17,23,3
0,149,18,23,3
0,149,19,23,3
0,149,20,23,3
0,149,21,23,3
0,149,22,23,3
0,149,23,23,3
0,150,17,23,3
0,150,18,23,3
0,150,19,23,3
0,150,20,23,3
0,150,21,23,3
0,150,22,23,3
0,150,23,23,3
0,151,17,23,3
0,151,18,23,3
0,151,19,23,3
0,151,20,23,3
0,151,21,23,3
0,151,22,23,3
0,151,23,23,3
0,152,17,23,3
0,152,18,23,3
0,152,19,23,3
0,152,20,23,3
0,152,21,23,3
0,152,22,23,3
0,152,23,23,3
0,153,17,23,3
0,153,18,23,3
0,153,19,23,3
0,153,20,23,3
0,153,21,23,3
0,153,22,23,3
0,153,23,23,3
0,153,16,23,3
0,154,15,23,3
0,154,16,23,3
0,154,17,23,3
0,154,18,23,3
0,154,19,23,3
0,154,20,23,3
0,154,21,23,3
0,154,22,23,3
0,154,23,23,3
0,155,15,23,3
0,155,16,23,3
0,155,17,23,3
0,155,18,23,3
0,155,19,23,3
0,155,20,23,3
0,155,21,23,3
0,155,22,23,3
0,155,23,23,3
0,156,15,23,3
0,156,16,23,3
0,156,17,23,3
0,156,18,23,3
0,156,19,23,3
0,156,20,23,3
0,156,21,23,3
0,156,22,23,3
0,156,23,23,3
0,157,15,23,3
0,157,16,23,3
0,157,17,23,3
0,157,18,23,3
0,157,19,23,3
0,157,20,23,3
0,157,21,23,3
0,157,22,23,3
0,157,23,23,3
0,158,15,23,3
0,158,16,23,3
0,158,17,23,3
0,158,18,23,3
0,158,19,23,3
0,158,20,23,3
0,158,21,23,3
0,158,22,23,3
0,158,23,23,3
0,159,15,23,3
0,159,16,23,3
0,159,17,23,3
0,159,18,23,3
0,159,19,23,3
0,159,20,23,3
0,159,21,23,3
0,159,22,23,3
0,159,23,23,3
0,160,15,23,3
0,160,16,23,3
0,160,17,23,3
0,160,18,23,3
0,160,19,23,3
0,160,20,23,3
0,160,21,23,3
0,160,22,23,3
0,160,23,23,3
0,161,15,23,3
0,161,16,23,3
0,161,17,23,3
0,161,18,23,3
0,161,19,23,3
0,161,20,23,3
0,161,21,23,3
0,161,22,23,3
0,161,23,23,3
0,156,13,23,3
0,156,14,23,3
0,157,13,23,3
0,157,14,23,3
0,158,13,23,3
0,158,14,23,3
0,159,13,23,3
0,159,14,23,3
0,155,14,23,3
0,160,14,23,3
0,162,16,23,3
0,162,17,23,3
0,162,18,23,3
0,162,19,23,3
0,162,20,23,3
0,162,21,23,3
0,162,22,23,3
0,162,23,23,3
0,163,16,23,3
0,163,17,23,3
0,163,18,23,3
0,163,19,23,3
0,163,20,23,3
0,163,21,23,3
0,163,22,23,3
0,163,23,23,3
0,164,16,23,3
0,164,17,23,3
0,164,18,23,3
0,164,19,23,3
0,164,20,23,3
0,164,21,23,3
0,164,22,23,3
0,164,23,23,3
0,165,16,23,3
0,165,17,23,3
0,165,18,23,3
0,165,19,23,3
0,165,20,23,3
0,165,21,23,3
0,165,22,23,3
0,165,23,23,3
0,166,17,23,3
0,166,18,23,3
0,166,19,23,3
0,166,20,23,3
0,166,21,23,3
0,166,22,23,3
0,166,23,23,3
0,167,17,23,3
0,167,18,23,3
0,167,19,23,3
0,167,20,23,3
0,167,21,23,3
0,167,22,23,3
0,167,23,23,3
0,168,17,23,3
0,168,18,23,3
0,168,19,23,3
0,168,20,23,3
0,168,21,23,3
0,168,22,23,3
0,168,23,23,3
0,169,17,23,3
0,169,18,23,3
0,169,19,23,3
0,169,20,23,3
0,169,21,23,3
0,169,22,23,3
0,169,23,23,3
0,170,17,23,3
0,170,18,23,3
0,170,19,23,3
0,170,20,23,3
0,170,21,23,3
0,170,22,23,3
0,170,23,23,3
0,171,17,23,3
0,171,18,23,3
0,171,19,23,3
0,171,20,23,3
0,171,21,23,3
0,171,22,23,3
0,171,23,23,3
0,172,17,23,3
0,172,18,23,3
0,172,19,23,3
0,172,20,23,3
0,172,21,23,3
0,172,22,23,3
0,172,23,23,3
0,173,16,23,3
0,173,17,23,3
0,173,18,23,3
0,173,19,23,3
0,173,20,23,3
0,173,21,23,3
0,173,22,23,3
0,173,23,23,3
0,174,16,23,3
0,174,17,23,3
0,174,18,23,3
0,174,19,23,3
0,174,20,23,3
0,174,21,23,3
0,174,22,23,3
0,174,23,23,3
0,175,16,23,3
0,175,17,23,3
0,175,18,23,3
0,175,19,23,3
0,175,20,23,3
0,175,21,23,3
0,175,22,23,3
0,175,23,23,3
0,166,13,23,3
0,166,14,23,3
0,166,15,23,3
0,166,16,23,3
0,167,13,23,3
0,167,14,23,3
0,167,15,23,3
0,167,16,23,3
0,168,13,23,3
0,168,14,23,3
0,168,15,23,3
0,168,16,23,3
0,169,13,23,3
0,169,14,23,3
0,169,15,23,3
0,169,16,23,3
0,170,13,23,3
0,170,14,23,3
0,170,15,23,3
0,170,16,23,3
0,171,13,23,3
0,171,14,23,3
0,171,15,23,3
0,171,16,23,3
0,172,13,23,3
0,172,14,23,3
0,172,15,23,3
0,172,16,23,3
0,164,15,23,3
0,165,14,23,3
0,165,15,23,3
0,168,12,23,3
0,169,12,23,3
0,170,12,23,3
0,173,14,23,3
0,173,15,23,3
0,174,15,23,3
0,176,17,23,3
0,176,18,23,3
0,176,19,23,3
0,176,20,23,3
0,176,21,23,3
0,176,22,23,3
0,176,23,23,3
0,177,17,23,3
0,177,18,23,3
0,177,19,23,3
0,177,20,23,3
0,177,21,23,3
0,177,22,23,3
0,177,23,23,3
0,178,17,23,3
0,178,18,23,3
0,178,19,23,3
0,178,20,23,3
0,178,21,23,3
0,178,22,23,3
0,178,23,23,3
0,184,11,23,3
0,184,12,23,3
0,184,13,23,3
0,184,14,23,3
0,184,15,23,3
0,184,16,23,3
0,184,17,23,3
0,184,18,23,3
0,184,19,23,3
0,184,20,23,3
0,184,21,23,3
0,184,22,23,3
0,184,23,23,3
0,185,11,23,3
0,185,12,23,3
0,185,13,23,3
0,185,14,23,3
0,185,15,23,3
0,185,16,23,3
0,185,17,23,3
0,185,18,23,3
0,185,19,23,3
0,185,20,23,3
0,185,21,23,3
0,185,22,23,3
0,185,23,23,3
0,186,11,23,3
0,186,12,23,3
0,186,13,23,3
0,186,14,23,3
0,186,15,23,3
0,186,16,23,3
0,186,17,23,3
0,186,18,23,3
0,186,19,23,3
0,186,20,23,3
0,186,21,23,3
0,186,22,23,3
0,186,23,23,3
0,187,11,23,3
0,187,12,23,3
0,187,13,23,3
0,187,14,23,3
0,187,15,23,3
0,187,16,23,3
0,187,17,23,3
0,187,18,23,3
0,187,19,23,3
0,187,20,23,3
0,187,21,23,3
0,187,22,23,3
0,187,23,23,3
0,188,11,23,3
0,188,12,23,3
0,188,13,23,3
0,188,14,23,3
0,188,15,23,3
0,188,16,23,3
0,188,17,23,3
0,188,18,23,3
0,188,19,23,3
0,188,20,23,3
0,188,21,23,3
0,188,22,23,3
0,188,23,23,3
0,185,10,23,3
0,186,10,23,3
0,187,10,23,3
0,183,12,23,3
0,183,13,23,3
0,183,14,23,3
0,183,15,23,3
0,183,16,23,3
0,183,17,23,3
0,183,18,23,3
0,183,19,23,3
0,183,20,23,3
0,183,21,23,3
0,183,22,23,3
0,183,23,23,3
0,182,13,23,3
0,182,14,23,3
0,182,15,23,3
0,182,16,23,3
0,182,17,23,3
0,182,18,23,3
0,182,19,23,3
0,182,20,23,3
0,182,21,23,3
0,182,22,23,3
0,182,23,23,3
0,181,14,23,3
0,181,15,23,3
0,181,16,23,3
0,181,17,23,3
0,181,18,23,3
0,181,19,23,3
0,181,20,23,3
0,181,21,23,3
0,181,22,23,3
0,181,23,23,3
0,180,15,23,3
0,179,16,23,3
0,179,17,23,3
0,179,18,23,3
0,179,19,23,3
0,179,20,23,3
0,179,21,23,3
0,179,22,23,3
0,179,23,23,3
0,180,16,23,3
0,180,17,23,3
0,180,18,23,3
0,180,19,23,3
0,180,20,23,3
0,180,21,23,3
0,180,22,23,3
0,180,23,23,3
0,189,12,23,3
0,189,13,23,3
0,189,14,23,3
0,189,15,23,3
0,189,16,23,3
0,189,17,23,3
0,189,18,23,3
0,189,19,23,3
0,189,20,23,3
0,189,21,23,3
0,189,22,23,3
0,189,23,23,3
0,190,13,23,3
0,190,14,23,3
0,190,15,23,3
0,190,16,23,3
0,190,17,23,3
0,190,18,23,3
0,190,19,23,3
0,190,20,23,3
0,190,21,23,3
0,190,22,23,3
0,190,23,23,3
0,191,14,23,3
0,191,15,23,3
0,191,16,23,3
0,191,17,23,3
0,191,18,23,3
0,191,19,23,3
0,191,20,23,3
0,191,21,23,3
0,191,22,23,3
0,191,23,23,3
0,192,15,23,3
0,192,16,23,3
0,192,17,23,3
0,192,18,23,3
0,192,19,23,3
0,192,20,23,3
0,192,21,23,3
0,192,22,23,3
0,192,23,23,3
0,193,16,23,3
0,193,17,23,3
0,193,18,23,3
0,193,19,23,3
0,193,20,23,3
0,193,21,23,3
0,193,22,23,3
0,193,23,23,3
0,194,17,23,3
0,194,18,23,3
0,194,19,23,3
0,194,20,23,3
0,194,21,23,3
0,194,22,23,3
0,194,23,23,3
0,195,17,23,3
0,195,18,23,3
0,195,19,23,3
0,195,20,23,3
0,195,21,23,3
0,195,22,23,3
0,195,23,23,3
0,196,18,23,3
0,196,19,23,3
0,196,20,23,3
0,196,21,23,3
0,196,22,23,3
0,196,23,23,3
0,197,19,23,3
0,197,20,23,3
0,197,21,23,3
0,197,22,23,3
0,197,23,23,3
0,198,19,23,3
0,198,20,23,3
0,198,21,23,3
0,198,22,23,3
0,198,23,23,3
0,199,19,23,3
0,199,20,23,3
0,199,21,23,3
0,199,22,23,3
0,199,23,23,3
0,200,19,23,3
0,200,20,23,3
0,200,21,23,3
0,200,22,23,3
0,200,23,23,3
0,201,19,23,3
0,201,20,23,3
0,201,21,23,3
0,201,22,23,3
0,201,23,23,3
0,202,19,23,3
0,202,20,23,3
0,202,21,23,3
0,202,22,23,3
0,202,23,23,3
0,203,19,23,3
0,203,20,23,3
0,203,21,23,3
0,203,22,23,3
0,203,23,23,3
0,204,19,23,3
0,204,20,23,3
0,204,21,23,3
0,204,22,23,3
0,204,23,23,3
0,205,19,23,3
0,205,20,23,3
0,205,21,23,3
0,205,22,23,3
0,205,23,23,3
0,206,19,23,3
0,206,20,23,3
0,206,21,23,3
0,206,22,23,3
0,206,23,23,3
0,200,16,23,3
0,200,18,23,3
0,201,16,23,3
0,201,17,23,3
0,201,18,23,3
0,202,16,23,3
0,202,17,23,3
0,202,18,23,3
0,203,16,23,3
0,203,17,23,3
0,203,18,23,3
0,204,16,23,3
0,204,17,23,3
0,204,18,23,3
0,205,16,23,3
0,205,17,23,3
0,205,18,23,3
0,200,17,23,3
0,199,18,23,3
0,199,17,23,3
0,198,18,23,3
0,206,17,23,3
0,206,18,23,3
0,171,12,23,3
0,179,0,11,4
0,179,1,11,4
0,179,2,11,4
0,179,3,11,4
0,179,4,11,4
0,179,5,11,4
0,179,6,11,4
0,179,7,11,4
0,179,8,11,4
0,179,9,11,4
0,179,10,11,4
0,179,11,11,4
0,179,12,11,4
0,179,13,11,4
0,179,14,11,4
0,179,15,11,4
0,179,16,11,4
0,179,17,11,4
0,179,18,11,4
0,179,19,11,4
0,179,20,11,4
0,179,21,11,4
0,179,22,11,4
0,179,23,11,4
0,179,24,11,4
0,179,25,11,4
0,179,26,11,4
0,179,27,11,4
0,179,28,11,4
0,177,-3,26,4
0,178,-3,26,4
0,179,-4,26,4
0,179,-3,26,4
0,180,-4,26,4
0,180,-3,26,4
0,181,-4,26,4
0,181,-3,26,4
0,177,-4,26,4
0,177,-5,26,4
0,178,-4,26,4
0,178,-5,26,4
0,180,-5,26,4
0,179,-5,26,4
0,181,-5,26,4
0,177,-2,40,4
0,181,-2,41,4
0,179,-1,11,4
0,178,-2,42,4
0,179,-2,42,4
0,180,-2,42,4
