5,160,14,0,1
5,161,14,0,1
5,162,14,0,1
5,160,15,0,1
5,161,15,0,1
5,162,15,0,1
5,165,12,0,1
5,168,10,0,1
5,171,12,0,1
5,174,14,0,1
5,175,14,0,1
5,174,15,0,1
5,175,15,0,1
5,178,12,0,1
5,181,10,0,1
5,184,12,0,1
5,187,14,0,1
5,188,14,0,1
5,187,15,0,1
5,188,15,0,1
5,191,12,0,1
5,194,10,0,1
5,197,11,0,1
5,200,12,0,1
5,203,14,0,1
5,204,14,0,1
5,205,14,0,1
5,203,15,0,1
5,204,15,0,1
5,205,15,0,1
5,208,12,0,1
5,211,10,0,1
5,214,12,0,1
5,217,10,0,1
5,220,12,0,1
5,223,14,0,1
5,224,14,0,1
5,223,15,0,1
5,224,15,0,1
5,227,12,0,1
5,230,10,0,1
5,233,12,0,1
5,236,14,0,1
5,237,14,0,1
5,238,14,0,1
5,239,14,0,1
5,240,14,0,1
5,241,14,0,1
5,242,14,0,1
5,243,14,0,1
5,244,14,0,1
5,245,14,0,1
5,236,15,0,1
5,237,15,0,1
5,238,15,0,1
5,239,15,0,1
5,240,15,0,1
5,241,15,0,1
5,242,15,0,1
5,243,15,0,1
5,244,15,0,1
5,245,15,0,1
0,169,4,1,3
0,186,2,1,3
0,206,5,1,3
0,222,3,1,3
0,241,6,1,3