5,94,20,6,1
1,87,19,4,1
1,88,19,4,1
1,89,19,4,1
1,91,19,4,1
1,92,19,4,1
1,93,19,4,1
5,94,19,4,1
5,94,21,4,1
5,95,21,4,1
5,96,21,4,1
1,63,21,4,1
1,64,21,4,1
1,65,21,4,1
1,66,21,4,1
1,67,21,4,1
1,68,21,4,1
1,53,21,4,1
1,54,21,4,1
1,55,21,4,1
1,56,21,4,1
1,57,21,4,1
1,45,22,4,1
1,46,22,4,1
1,47,22,4,1
1,48,22,4,1
1,49,22,4,1
1,50,22,4,1
1,37,23,4,1
1,38,23,4,1
1,39,23,4,1
1,40,23,4,1
1,41,23,4,1
1,42,23,4,1
1,29,20,4,1
1,30,20,4,1
1,31,20,4,1
1,32,20,4,1
1,33,20,4,1
1,34,20,4,1
1,97,24,4,1
1,98,24,4,1
4,99,17,6,1
4,99,18,6,1
4,99,19,6,1
4,99,20,6,1
4,99,21,6,1
4,99,22,6,1
4,99,23,6,1
4,99,25,6,1
4,99,26,6,1
4,99,27,6,1
4,99,28,6,1
4,99,29,6,1
0,99,24,4,1
2,94,22,6,1
2,94,23,6,1
2,94,24,6,1
2,94,25,6,1
2,94,26,6,1
2,94,27,6,1
2,94,28,6,1
2,94,29,6,1
1,90,19,4,1
0-0,87,15,0,1
0-0,87,18,0,1
0-0,87,21,0,1
0-0,87,22,0,1
0-0,87,23,0,1
0-0,87,24,0,1
0-0,87,25,0,1
0-0,87,26,0,1
0-0,87,27,0,1
0-0,87,28,0,1
0-0,89,10,0,1
0-0,89,11,0,1
0-0,89,12,0,1
0-0,89,13,0,1
0-0,89,14,0,1
0-0,89,15,0,1
0-0,89,16,0,1
0-0,89,17,0,1
0-0,89,18,0,1
0-0,89,21,0,1
0-0,89,22,0,1
0-0,89,23,0,1
0-0,89,24,0,1
0-0,89,25,0,1
0-0,89,26,0,1
0-0,89,27,0,1
0-0,89,28,0,1
0-0,91,10,0,1
0-0,91,11,0,1
0-0,91,12,0,1
0-0,91,13,0,1
0-0,91,14,0,1
0-0,91,15,0,1
0-0,91,16,0,1
0-0,91,17,0,1
0-0,91,18,0,1
0-0,91,21,0,1
0-0,91,22,0,1
0-0,91,23,0,1
0-0,91,24,0,1
0-0,91,25,0,1
0-0,91,26,0,1
0-0,91,27,0,1
0-0,91,28,0,1
0-0,87,10,0,1
0-0,87,11,0,1
0-0,87,12,0,1
0-0,87,13,0,1
0-0,87,14,0,1
0-1,88,10,0,1
0-1,88,11,0,1
0-1,88,12,0,1
0-1,88,13,0,1
0-1,88,14,0,1
0-1,88,15,0,1
0-1,88,16,0,1
0-1,88,17,0,1
0-1,88,18,0,1
0-1,88,21,0,1
0-1,88,22,0,1
0-1,88,23,0,1
0-1,88,24,0,1
0-1,88,25,0,1
0-1,88,26,0,1
0-1,88,27,0,1
0-1,88,28,0,1
0-1,90,10,0,1
0-1,90,11,0,1
0-1,90,12,0,1
0-1,90,13,0,1
0-1,90,14,0,1
0-1,90,15,0,1
0-1,90,16,0,1
0-1,90,17,0,1
0-1,90,18,0,1
0-1,90,21,0,1
0-1,90,22,0,1
0-1,90,23,0,1
0-1,90,24,0,1
0-1,90,25,0,1
0-1,90,26,0,1
0-1,90,27,0,1
0-1,90,28,0,1
0-1,92,21,0,1
0-1,92,22,0,1
0-1,92,23,0,1
0-1,92,24,0,1
0-1,92,25,0,1
0-1,92,26,0,1
0-1,92,27,0,1
0-1,92,28,0,1
0-1,92,10,0,1
0-1,92,11,0,1
0-1,92,12,0,1
0-1,92,13,0,1
0-1,92,14,0,1
0-1,92,15,0,1
0-1,92,16,0,1
0-1,92,17,0,1
0-1,92,18,0,1
0-2,87,20,0,1
0-2,88,20,0,1
0-2,89,20,0,1
0-2,90,20,0,1
0-2,91,20,0,1
0-2,92,20,0,1
0-2,93,20,0,1
0-0,93,21,0,1
0-0,93,22,0,1
0-0,93,23,0,1
0-0,93,24,0,1
0-0,93,25,0,1
0-0,93,26,0,1
0-0,93,27,0,1
0-0,93,28,0,1
0-0,93,10,0,1
0-0,93,12,0,1
0-0,93,13,0,1
0-0,93,14,0,1
0-0,93,15,0,1
0-0,93,16,0,1
0-0,93,17,0,1
0-0,93,18,0,1
0-0,87,16,0,1
0-0,87,17,0,1
0-1,86,10,0,1
0-1,86,11,0,1
0-1,86,14,0,1
0-1,86,15,0,1
0-1,86,16,0,1
0-1,86,17,0,1
0-1,86,18,0,1
0-1,86,19,0,1
0-1,86,20,0,1
0-1,86,21,0,1
0-1,86,22,0,1
0-1,86,23,0,1
0-1,86,24,0,1
0-1,86,25,0,1
0-1,86,26,0,1
0-1,86,27,0,1
0-1,86,28,0,1
0-1,94,10,0,1
0-1,94,11,0,1
0-1,94,12,0,1
0-1,94,13,0,1
0-1,94,14,0,1
0-1,94,15,0,1
0-1,94,16,0,1
0-1,94,17,0,1
0-1,94,18,0,1
0-0,95,10,0,1
0-0,95,11,0,1
0-0,95,12,0,1
0-0,95,14,0,1
0-0,95,15,0,1
0-0,95,16,0,1
0-0,95,17,0,1
0-0,95,18,0,1
0-0,93,11,0,1
0-0,95,19,0,1
0-0,95,20,0,1
0-2,95,22,0,1
0-2,96,22,0,1
0-2,97,25,0,1
0-2,98,25,0,1
0-0,95,23,0,1
0-0,95,24,0,1
0-0,95,25,0,1
0-0,95,26,0,1
0-0,95,27,0,1
0-0,95,28,0,1
0-0,95,29,0,1
0-0,95,13,0,1
0-1,96,10,0,1
0-1,96,11,0,1
0-1,96,12,0,1
0-1,96,13,0,1
0-1,96,14,0,1
0-1,96,15,0,1
0-1,96,16,0,1
0-1,96,17,0,1
0-1,96,18,0,1
0-1,96,19,0,1
0-1,96,20,0,1
0-1,96,23,0,1
0-1,96,24,0,1
0-1,96,25,0,1
0-1,96,26,0,1
0-1,96,27,0,1
0-1,96,28,0,1
0-1,96,29,0,1
0-1,98,26,0,1
0-1,98,27,0,1
0-1,98,28,0,1
0-1,98,29,0,1
0-1,98,11,0,1
0-1,98,12,0,1
0-1,98,13,0,1
0-1,98,14,0,1
0-1,98,15,0,1
0-1,98,16,0,1
0-1,98,17,0,1
0-1,98,18,0,1
0-1,98,19,0,1
0-1,98,20,0,1
0-1,98,21,0,1
0-1,98,22,0,1
0-1,98,23,0,1
0-0,97,10,0,1
0-0,97,11,0,1
0-0,97,12,0,1
0-0,97,13,0,1
0-0,97,14,0,1
0-0,97,15,0,1
0-0,97,16,0,1
0-0,97,17,0,1
0-0,97,18,0,1
0-0,97,19,0,1
0-0,97,20,0,1
0-0,97,21,0,1
0-0,97,22,0,1
0-0,97,23,0,1
0-0,97,26,0,1
0-0,97,27,0,1
0-0,97,28,0,1
0-0,97,29,0,1
0-1,98,10,0,1
0-1,100,11,0,1
0-1,100,12,0,1
0-1,100,13,0,1
0-1,100,14,0,1
0-1,100,15,0,1
0-1,100,16,0,1
0-1,100,17,0,1
0-1,100,18,0,1
0-1,100,19,0,1
0-1,100,20,0,1
0-1,100,21,0,1
0-1,100,22,0,1
0-1,100,23,0,1
0-1,100,24,0,1
0-1,100,25,0,1
0-1,100,26,0,1
0-1,100,27,0,1
0-1,100,28,0,1
0-1,100,29,0,1
0-1,100,10,0,1
0-0,101,10,0,1
0-0,101,11,0,1
0-0,101,12,0,1
0-0,101,13,0,1
0-0,101,14,0,1
0-0,101,15,0,1
0-0,101,16,0,1
0-0,101,17,0,1
0-0,101,18,0,1
0-0,101,19,0,1
0-0,101,20,0,1
0-0,101,21,0,1
0-0,101,22,0,1
0-0,101,23,0,1
0-0,101,24,0,1
0-0,101,25,0,1
0-0,101,26,0,1
0-0,101,27,0,1
0-0,101,28,0,1
0-0,101,29,0,1
0-0,103,10,0,1
0-0,103,11,0,1
0-0,103,12,0,1
0-0,103,13,0,1
0-0,103,14,0,1
0-0,103,15,0,1
0-0,103,16,0,1
0-0,103,17,0,1
0-0,103,18,0,1
0-0,103,19,0,1
0-0,103,20,0,1
0-0,103,21,0,1
0-0,103,22,0,1
0-0,103,23,0,1
0-0,103,24,0,1
0-0,103,25,0,1
0-0,103,26,0,1
0-0,103,27,0,1
0-0,103,28,0,1
0-0,103,29,0,1
0-0,105,10,0,1
0-0,105,11,0,1
0-0,105,12,0,1
0-0,105,13,0,1
0-0,105,14,0,1
0-0,105,15,0,1
0-0,105,16,0,1
0-0,105,17,0,1
0-0,105,18,0,1
0-0,105,19,0,1
0-0,105,20,0,1
0-0,105,21,0,1
0-0,105,22,0,1
0-0,105,23,0,1
0-0,105,24,0,1
0-0,105,25,0,1
0-0,105,26,0,1
0-0,105,27,0,1
0-0,105,28,0,1
0-0,105,29,0,1
0-0,107,10,0,1
0-0,107,11,0,1
0-0,107,12,0,1
0-0,107,13,0,1
0-0,107,14,0,1
0-0,107,15,0,1
0-0,107,16,0,1
0-0,107,17,0,1
0-0,107,18,0,1
0-0,107,19,0,1
0-0,107,20,0,1
0-0,107,21,0,1
0-0,107,22,0,1
0-0,107,23,0,1
0-0,107,24,0,1
0-0,107,25,0,1
0-0,107,26,0,1
0-0,107,27,0,1
0-0,107,28,0,1
0-0,107,29,0,1
0-0,109,10,0,1
0-0,109,11,0,1
0-0,109,12,0,1
0-0,109,13,0,1
0-0,109,14,0,1
0-0,109,15,0,1
0-0,109,16,0,1
0-0,109,17,0,1
0-0,109,18,0,1
0-0,109,19,0,1
0-0,109,20,0,1
0-0,109,21,0,1
0-0,109,22,0,1
0-0,109,23,0,1
0-0,109,24,0,1
0-0,109,25,0,1
0-0,109,26,0,1
0-0,109,27,0,1
0-0,109,28,0,1
0-0,109,29,0,1
0-1,102,10,0,1
0-1,102,11,0,1
0-1,102,12,0,1
0-1,102,13,0,1
0-1,102,14,0,1
0-1,102,15,0,1
0-1,102,16,0,1
0-1,102,17,0,1
0-1,102,18,0,1
0-1,102,19,0,1
0-1,102,20,0,1
0-1,102,21,0,1
0-1,102,22,0,1
0-1,102,23,0,1
0-1,102,24,0,1
0-1,102,25,0,1
0-1,102,26,0,1
0-1,102,27,0,1
0-1,102,28,0,1
0-1,102,29,0,1
0-1,104,10,0,1
0-1,104,11,0,1
0-1,104,12,0,1
0-1,104,13,0,1
0-1,104,14,0,1
0-1,104,15,0,1
0-1,104,16,0,1
0-1,104,17,0,1
0-1,104,18,0,1
0-1,104,19,0,1
0-1,104,20,0,1
0-1,104,21,0,1
0-1,104,22,0,1
0-1,104,23,0,1
0-1,104,24,0,1
0-1,104,25,0,1
0-1,104,26,0,1
0-1,104,27,0,1
0-1,104,28,0,1
0-1,104,29,0,1
0-1,106,10,0,1
0-1,106,11,0,1
0-1,106,12,0,1
0-1,106,13,0,1
0-1,106,14,0,1
0-1,106,15,0,1
0-1,106,16,0,1
0-1,106,17,0,1
0-1,106,18,0,1
0-1,106,19,0,1
0-1,106,20,0,1
0-1,106,21,0,1
0-1,106,22,0,1
0-1,106,23,0,1
0-1,106,24,0,1
0-1,106,25,0,1
0-1,106,26,0,1
0-1,106,27,0,1
0-1,106,28,0,1
0-1,106,29,0,1
0-1,108,10,0,1
0-1,108,11,0,1
0-1,108,12,0,1
0-1,108,13,0,1
0-1,108,14,0,1
0-1,108,15,0,1
0-1,108,16,0,1
0-1,108,17,0,1
0-1,108,18,0,1
0-1,108,19,0,1
0-1,108,20,0,1
0-1,108,21,0,1
0-1,108,22,0,1
0-1,108,23,0,1
0-1,108,24,0,1
0-1,108,25,0,1
0-1,108,26,0,1
0-1,108,27,0,1
0-1,108,28,0,1
0-1,108,29,0,1
0-1,110,10,0,1
0-1,110,11,0,1
0-1,110,12,0,1
0-1,110,13,0,1
0-1,110,14,0,1
0-1,110,15,0,1
0-1,110,16,0,1
0-1,110,17,0,1
0-1,110,18,0,1
0-1,110,19,0,1
0-1,110,20,0,1
0-1,110,21,0,1
0-1,110,22,0,1
0-1,110,23,0,1
0-1,110,24,0,1
0-1,110,25,0,1
0-1,110,26,0,1
0-1,110,27,0,1
0-1,110,28,0,1
0-1,110,29,0,1
0,99,10,6,1
0,99,11,6,1
0,99,12,6,1
0,99,13,6,1
0,99,14,6,1
0,99,15,6,1
0,99,16,6,1
0-1,86,13,0,1
0-1,86,12,0,1
0-1,84,10,0,1
0-1,84,11,0,1
0-1,84,12,0,1
0-1,84,13,0,1
0-1,84,14,0,1
0-1,84,15,0,1
0-1,84,16,0,1
0-1,84,17,0,1
0-1,84,18,0,1
0-1,84,19,0,1
0-1,84,20,0,1
0-1,84,21,0,1
0-1,84,22,0,1
0-1,84,23,0,1
0-1,84,24,0,1
0-1,84,25,0,1
0-1,84,26,0,1
0-1,84,27,0,1
0-1,84,28,0,1
0-1,82,10,0,1
0-1,82,11,0,1
0-1,82,12,0,1
0-1,82,13,0,1
0-1,82,14,0,1
0-1,82,15,0,1
0-1,82,16,0,1
0-1,82,17,0,1
0-1,82,18,0,1
0-1,82,19,0,1
0-1,82,20,0,1
0-1,82,21,0,1
0-1,82,22,0,1
0-1,82,23,0,1
0-1,82,24,0,1
0-1,82,25,0,1
0-1,82,26,0,1
0-1,82,27,0,1
0-1,82,28,0,1
0-1,78,10,0,1
0-1,78,11,0,1
0-1,78,12,0,1
0-1,78,13,0,1
0-1,78,14,0,1
0-1,78,15,0,1
0-1,78,16,0,1
0-1,78,17,0,1
0-1,78,18,0,1
0-1,78,19,0,1
0-1,78,20,0,1
0-1,78,21,0,1
0-1,78,22,0,1
0-1,78,23,0,1
0-1,78,24,0,1
0-1,78,25,0,1
0-1,78,26,0,1
0-1,78,27,0,1
0-1,78,28,0,1
0-1,78,29,0,1
0-0,79,10,0,1
0-0,79,11,0,1
0-0,79,12,0,1
0-0,79,13,0,1
0-0,79,14,0,1
0-0,79,15,0,1
0-0,79,16,0,1
0-0,79,17,0,1
0-0,79,18,0,1
0-0,79,19,0,1
0-0,79,20,0,1
0-0,79,21,0,1
0-0,79,22,0,1
0-0,79,23,0,1
0-0,79,24,0,1
0-0,79,25,0,1
0-0,79,26,0,1
0-0,79,27,0,1
0-0,79,28,0,1
0-0,79,29,0,1
0-0,81,10,0,1
0-0,81,11,0,1
0-0,81,12,0,1
0-0,81,13,0,1
0-0,81,14,0,1
0-0,81,15,0,1
0-0,81,16,0,1
0-0,81,17,0,1
0-0,81,18,0,1
0-0,81,19,0,1
0-0,81,20,0,1
0-0,81,21,0,1
0-0,81,22,0,1
0-0,81,23,0,1
0-0,81,24,0,1
0-0,81,25,0,1
0-0,81,26,0,1
0-0,81,27,0,1
0-0,81,28,0,1
0-0,81,29,0,1
0-0,83,10,0,1
0-0,83,11,0,1
0-0,83,12,0,1
0-0,83,13,0,1
0-0,83,14,0,1
0-0,83,15,0,1
0-0,83,16,0,1
0-0,83,17,0,1
0-0,83,18,0,1
0-0,83,19,0,1
0-0,83,20,0,1
0-0,83,21,0,1
0-0,83,22,0,1
0-0,83,23,0,1
0-0,83,24,0,1
0-0,83,25,0,1
0-0,83,26,0,1
0-0,83,27,0,1
0-0,83,28,0,1
0-0,83,29,0,1
0-0,85,10,0,1
0-0,85,11,0,1
0-0,85,12,0,1
0-0,85,13,0,1
0-0,85,14,0,1
0-0,85,15,0,1
0-0,85,16,0,1
0-0,85,17,0,1
0-0,85,18,0,1
0-0,85,19,0,1
0-0,85,20,0,1
0-0,85,21,0,1
0-0,85,22,0,1
0-0,85,23,0,1
0-0,85,24,0,1
0-0,85,25,0,1
0-0,85,26,0,1
0-0,85,27,0,1
0-0,85,28,0,1
0-0,85,29,0,1
0-1,80,10,0,1
0-1,80,11,0,1
0-1,80,12,0,1
0-1,80,13,0,1
0-1,80,14,0,1
0-1,80,15,0,1
0-1,80,16,0,1
0-1,80,17,0,1
0-1,80,18,0,1
0-1,80,19,0,1
0-1,80,20,0,1
0-1,80,21,0,1
0-1,80,22,0,1
0-1,80,23,0,1
0-1,80,24,0,1
0-1,80,25,0,1
0-1,80,26,0,1
0-1,80,27,0,1
0-1,80,28,0,1
0-1,80,29,0,1
1,31,5,4,1
1,58,23,4,1
1,59,23,4,1
1,60,23,4,1
1,61,23,4,1
1,62,23,4,1
5,58,21,4,1
5,62,21,4,1
0-0,60,7,0,2
0-0,60,8,0,2
0-0,60,9,0,2
0-0,60,10,0,2
0-0,60,11,0,2
0-0,60,12,0,2
0-0,60,13,0,2
0-0,60,14,0,2
0-0,60,15,0,2
0-0,60,16,0,2
0-0,60,17,0,2
0-0,60,18,0,2
0-0,60,19,0,2
0-0,60,20,0,2
0-0,60,21,0,2
0-0,60,22,0,2
0-0,60,23,0,2
0-0,60,24,0,2
0-0,60,25,0,2
0-0,60,26,0,2
0-0,60,27,0,2
0-0,60,28,0,2
0-0,60,29,0,2
0-0,60,30,0,2
0-0,62,7,0,2
0-0,62,8,0,2
0-0,62,9,0,2
0-0,62,10,0,2
0-0,62,11,0,2
0-0,62,12,0,2
0-0,62,13,0,2
0-0,62,14,0,2
0-0,62,15,0,2
0-0,62,16,0,2
0-0,62,17,0,2
0-0,62,18,0,2
0-0,62,19,0,2
0-0,62,20,0,2
0-0,62,21,0,2
0-0,62,22,0,2
0-0,62,23,0,2
0-0,62,24,0,2
0-0,62,25,0,2
0-0,62,26,0,2
0-0,62,27,0,2
0-0,62,28,0,2
0-0,62,29,0,2
0-0,62,30,0,2
0-0,64,7,0,2
0-0,64,8,0,2
0-0,64,9,0,2
0-0,64,10,0,2
0-0,64,11,0,2
0-0,64,12,0,2
0-0,64,13,0,2
0-0,64,14,0,2
0-0,64,15,0,2
0-0,64,16,0,2
0-0,64,17,0,2
0-0,64,18,0,2
0-0,64,19,0,2
0-0,64,20,0,2
0-0,64,21,0,2
0-0,64,22,0,2
0-0,64,23,0,2
0-0,64,24,0,2
0-0,64,25,0,2
0-0,64,26,0,2
0-0,64,27,0,2
0-0,64,28,0,2
0-0,64,29,0,2
0-0,64,30,0,2
0-0,66,7,0,2
0-0,66,8,0,2
0-0,66,9,0,2
0-0,66,10,0,2
0-0,66,11,0,2
0-0,66,12,0,2
0-0,66,13,0,2
0-0,66,14,0,2
0-0,66,15,0,2
0-0,66,16,0,2
0-0,66,17,0,2
0-0,66,18,0,2
0-0,66,19,0,2
0-0,66,20,0,2
0-0,66,21,0,2
0-0,66,22,0,2
0-0,66,23,0,2
0-0,66,24,0,2
0-0,66,25,0,2
0-0,66,26,0,2
0-0,66,27,0,2
0-0,66,28,0,2
0-0,66,29,0,2
0-0,66,30,0,2
0-0,68,7,0,2
0-0,68,8,0,2
0-0,68,9,0,2
0-0,68,10,0,2
0-0,68,11,0,2
0-0,68,12,0,2
0-0,68,13,0,2
0-0,68,14,0,2
0-0,68,15,0,2
0-0,68,16,0,2
0-0,68,17,0,2
0-0,68,18,0,2
0-0,68,19,0,2
0-0,68,20,0,2
0-0,68,21,0,2
0-0,68,22,0,2
0-0,68,23,0,2
0-0,68,24,0,2
0-0,68,25,0,2
0-0,68,26,0,2
0-0,68,27,0,2
0-0,68,28,0,2
0-0,68,29,0,2
0-0,68,30,0,2
0-1,69,7,0,2
0-1,69,8,0,2
0-1,69,9,0,2
0-1,69,10,0,2
0-1,69,11,0,2
0-1,69,12,0,2
0-1,69,13,0,2
0-1,69,14,0,2
0-1,69,15,0,2
0-1,69,16,0,2
0-1,69,17,0,2
0-1,69,18,0,2
0-1,69,19,0,2
0-1,69,20,0,2
0-1,69,21,0,2
0-1,69,22,0,2
0-1,69,23,0,2
0-1,69,24,0,2
0-1,69,25,0,2
0-1,69,26,0,2
0-1,69,27,0,2
0-1,69,28,0,2
0-1,69,29,0,2
0-1,69,30,0,2
0-1,67,7,0,2
0-1,67,8,0,2
0-1,67,9,0,2
0-1,67,10,0,2
0-1,67,11,0,2
0-1,67,12,0,2
0-1,67,13,0,2
0-1,67,14,0,2
0-1,67,15,0,2
0-1,67,16,0,2
0-1,67,17,0,2
0-1,67,18,0,2
0-1,67,19,0,2
0-1,67,20,0,2
0-1,67,21,0,2
0-1,67,22,0,2
0-1,67,23,0,2
0-1,67,24,0,2
0-1,67,25,0,2
0-1,67,26,0,2
0-1,67,27,0,2
0-1,67,28,0,2
0-1,67,29,0,2
0-1,67,30,0,2
0-1,65,7,0,2
0-1,65,8,0,2
0-1,65,9,0,2
0-1,65,10,0,2
0-1,65,11,0,2
0-1,65,12,0,2
0-1,65,13,0,2
0-1,65,14,0,2
0-1,65,15,0,2
0-1,65,16,0,2
0-1,65,17,0,2
0-1,65,18,0,2
0-1,65,19,0,2
0-1,65,20,0,2
0-1,65,21,0,2
0-1,65,22,0,2
0-1,65,23,0,2
0-1,65,24,0,2
0-1,65,25,0,2
0-1,65,26,0,2
0-1,65,27,0,2
0-1,65,28,0,2
0-1,65,29,0,2
0-1,65,30,0,2
0-1,63,7,0,2
0-1,63,8,0,2
0-1,63,9,0,2
0-1,63,10,0,2
0-1,63,11,0,2
0-1,63,12,0,2
0-1,63,13,0,2
0-1,63,14,0,2
0-1,63,15,0,2
0-1,63,16,0,2
0-1,63,17,0,2
0-1,63,18,0,2
0-1,63,19,0,2
0-1,63,20,0,2
0-1,63,21,0,2
0-1,63,22,0,2
0-1,63,23,0,2
0-1,63,24,0,2
0-1,63,25,0,2
0-1,63,26,0,2
0-1,63,27,0,2
0-1,63,28,0,2
0-1,63,29,0,2
0-1,63,30,0,2
0-1,61,7,0,2
0-1,61,8,0,2
0-1,61,9,0,2
0-1,61,10,0,2
0-1,61,11,0,2
0-1,61,12,0,2
0-1,61,13,0,2
0-1,61,14,0,2
0-1,61,15,0,2
0-1,61,16,0,2
0-1,61,17,0,2
0-1,61,18,0,2
0-1,61,19,0,2
0-1,61,20,0,2
0-1,61,21,0,2
0-1,61,22,0,2
0-1,61,23,0,2
0-1,61,24,0,2
0-1,61,25,0,2
0-1,61,26,0,2
0-1,61,27,0,2
0-1,61,28,0,2
0-1,61,29,0,2
0-1,61,30,0,2
0-1,71,7,0,2
0-1,71,8,0,2
0-1,71,9,0,2
0-1,71,10,0,2
0-1,71,11,0,2
0-1,71,12,0,2
0-1,71,13,0,2
0-1,71,14,0,2
0-1,71,15,0,2
0-1,71,16,0,2
0-1,71,17,0,2
0-1,71,18,0,2
0-1,71,19,0,2
0-1,71,20,0,2
0-1,71,21,0,2
0-1,71,22,0,2
0-1,71,23,0,2
0-1,71,24,0,2
0-1,71,25,0,2
0-1,71,26,0,2
0-1,71,27,0,2
0-1,71,28,0,2
0-1,71,29,0,2
0-1,71,30,0,2
0-0,70,7,0,2
0-0,70,8,0,2
0-0,70,9,0,2
0-0,70,10,0,2
0-0,70,11,0,2
0-0,70,12,0,2
0-0,70,13,0,2
0-0,70,14,0,2
0-0,70,15,0,2
0-0,70,16,0,2
0-0,70,17,0,2
0-0,70,18,0,2
0-0,70,19,0,2
0-0,70,20,0,2
0-0,70,21,0,2
0-0,70,22,0,2
0-0,70,23,0,2
0-0,70,24,0,2
0-0,70,25,0,2
0-0,70,26,0,2
0-0,70,27,0,2
0-0,70,28,0,2
0-0,70,29,0,2
0-0,70,30,0,2
0-0,72,7,0,2
0-0,72,8,0,2
0-0,72,9,0,2
0-0,72,10,0,2
0-0,72,11,0,2
0-0,72,12,0,2
0-0,72,13,0,2
0-0,72,14,0,2
0-0,72,15,0,2
0-0,72,16,0,2
0-0,72,17,0,2
0-0,72,18,0,2
0-0,72,19,0,2
0-0,72,20,0,2
0-0,72,21,0,2
0-0,72,22,0,2
0-0,72,23,0,2
0-0,72,24,0,2
0-0,72,25,0,2
0-0,72,26,0,2
0-0,72,27,0,2
0-0,72,28,0,2
0-0,72,29,0,2
0-0,72,30,0,2
0-1,73,7,0,2
0-1,73,8,0,2
0-1,73,9,0,2
0-1,73,10,0,2
0-1,73,11,0,2
0-1,73,12,0,2
0-1,73,13,0,2
0-1,73,14,0,2
0-1,73,15,0,2
0-1,73,16,0,2
0-1,73,17,0,2
0-1,73,18,0,2
0-1,73,19,0,2
0-1,73,20,0,2
0-1,73,21,0,2
0-1,73,22,0,2
0-1,73,23,0,2
0-1,73,24,0,2
0-1,73,25,0,2
0-1,73,26,0,2
0-1,73,27,0,2
0-1,73,28,0,2
0-1,73,29,0,2
0-1,73,30,0,2
0-1,75,7,0,2
0-1,75,8,0,2
0-1,75,9,0,2
0-1,75,10,0,2
0-1,75,11,0,2
0-1,75,12,0,2
0-1,75,13,0,2
0-1,75,14,0,2
0-1,75,15,0,2
0-1,75,16,0,2
0-1,75,17,0,2
0-1,75,18,0,2
0-1,75,19,0,2
0-1,75,20,0,2
0-1,75,21,0,2
0-1,75,22,0,2
0-1,75,23,0,2
0-1,75,24,0,2
0-1,75,25,0,2
0-1,75,26,0,2
0-1,75,27,0,2
0-1,75,28,0,2
0-1,75,29,0,2
0-1,75,30,0,2
0-1,77,7,0,2
0-1,77,8,0,2
0-1,77,9,0,2
0-1,77,10,0,2
0-1,77,11,0,2
0-1,77,12,0,2
0-1,77,13,0,2
0-1,77,14,0,2
0-1,77,15,0,2
0-1,77,16,0,2
0-1,77,17,0,2
0-1,77,18,0,2
0-1,77,19,0,2
0-1,77,20,0,2
0-1,77,21,0,2
0-1,77,22,0,2
0-1,77,23,0,2
0-1,77,24,0,2
0-1,77,25,0,2
0-1,77,26,0,2
0-1,77,27,0,2
0-1,77,28,0,2
0-1,77,29,0,2
0-1,77,30,0,2
0-1,79,7,0,2
0-1,79,8,0,2
0-1,79,9,0,2
0-1,79,10,0,2
0-1,79,11,0,2
0-1,79,12,0,2
0-1,79,13,0,2
0-1,79,14,0,2
0-1,79,15,0,2
0-1,79,16,0,2
0-1,79,17,0,2
0-1,79,18,0,2
0-1,79,19,0,2
0-1,79,20,0,2
0-1,79,21,0,2
0-1,79,22,0,2
0-1,79,23,0,2
0-1,79,24,0,2
0-1,79,25,0,2
0-1,79,26,0,2
0-1,79,27,0,2
0-1,79,28,0,2
0-1,79,29,0,2
0-1,79,30,0,2
0-0,74,7,0,2
0-0,74,8,0,2
0-0,74,9,0,2
0-0,74,10,0,2
0-0,74,11,0,2
0-0,74,12,0,2
0-0,74,13,0,2
0-0,74,14,0,2
0-0,74,15,0,2
0-0,74,16,0,2
0-0,74,17,0,2
0-0,74,18,0,2
0-0,74,19,0,2
0-0,74,20,0,2
0-0,74,21,0,2
0-0,74,22,0,2
0-0,74,23,0,2
0-0,74,24,0,2
0-0,74,25,0,2
0-0,74,26,0,2
0-0,74,27,0,2
0-0,74,28,0,2
0-0,74,29,0,2
0-0,74,30,0,2
0-0,76,7,0,2
0-0,76,8,0,2
0-0,76,9,0,2
0-0,76,10,0,2
0-0,76,11,0,2
0-0,76,12,0,2
0-0,76,13,0,2
0-0,76,14,0,2
0-0,76,15,0,2
0-0,76,16,0,2
0-0,76,17,0,2
0-0,76,18,0,2
0-0,76,19,0,2
0-0,76,20,0,2
0-0,76,21,0,2
0-0,76,22,0,2
0-0,76,23,0,2
0-0,76,24,0,2
0-0,76,25,0,2
0-0,76,26,0,2
0-0,76,27,0,2
0-0,76,28,0,2
0-0,76,29,0,2
0-0,76,30,0,2
0-0,78,7,0,2
0-0,78,8,0,2
0-0,78,9,0,2
0-0,78,10,0,2
0-0,78,11,0,2
0-0,78,12,0,2
0-0,78,13,0,2
0-0,78,14,0,2
0-0,78,15,0,2
0-0,78,16,0,2
0-0,78,17,0,2
0-0,78,18,0,2
0-0,78,19,0,2
0-0,78,20,0,2
0-0,78,21,0,2
0-0,78,22,0,2
0-0,78,23,0,2
0-0,78,24,0,2
0-0,78,25,0,2
0-0,78,26,0,2
0-0,78,27,0,2
0-0,78,28,0,2
0-0,78,29,0,2
0-0,78,30,0,2
0-0,80,8,0,2
0-0,80,9,0,2
0-0,80,10,0,2
0-0,80,11,0,2
0-0,80,12,0,2
0-0,80,13,0,2
0-0,80,14,0,2
0-0,80,15,0,2
0-0,80,16,0,2
0-0,80,17,0,2
0-0,80,18,0,2
0-0,80,19,0,2
0-0,80,20,0,2
0-0,80,21,0,2
0-0,80,22,0,2
0-0,80,23,0,2
0-0,80,24,0,2
0-0,80,25,0,2
0-0,80,26,0,2
0-0,80,27,0,2
0-0,80,28,0,2
0-0,80,29,0,2
0-0,80,30,0,2
0-0,82,7,0,2
0-0,82,8,0,2
0-0,82,9,0,2
0-0,82,10,0,2
0-0,82,11,0,2
0-0,82,12,0,2
0-0,82,13,0,2
0-0,82,14,0,2
0-0,82,15,0,2
0-0,82,16,0,2
0-0,82,17,0,2
0-0,82,18,0,2
0-0,82,19,0,2
0-0,82,20,0,2
0-0,82,21,0,2
0-0,82,22,0,2
0-0,82,23,0,2
0-0,82,24,0,2
0-0,82,25,0,2
0-0,82,26,0,2
0-0,82,27,0,2
0-0,82,28,0,2
0-0,82,29,0,2
0-0,82,30,0,2
0-0,84,7,0,2
0-0,84,8,0,2
0-0,84,9,0,2
0-0,84,10,0,2
0-0,84,11,0,2
0-0,84,12,0,2
0-0,84,13,0,2
0-0,84,14,0,2
0-0,84,15,0,2
0-0,84,16,0,2
0-0,84,17,0,2
0-0,84,18,0,2
0-0,84,19,0,2
0-0,84,20,0,2
0-0,84,21,0,2
0-0,84,22,0,2
0-0,84,23,0,2
0-0,84,24,0,2
0-0,84,25,0,2
0-0,84,26,0,2
0-0,84,27,0,2
0-0,84,28,0,2
0-0,84,29,0,2
0-0,84,30,0,2
0-0,86,7,0,2
0-0,86,8,0,2
0-0,86,9,0,2
0-0,86,10,0,2
0-0,86,11,0,2
0-0,86,12,0,2
0-0,86,13,0,2
0-0,86,14,0,2
0-0,86,15,0,2
0-0,86,16,0,2
0-0,86,17,0,2
0-0,86,18,0,2
0-0,86,19,0,2
0-0,86,20,0,2
0-0,86,21,0,2
0-0,86,22,0,2
0-0,86,23,0,2
0-0,86,24,0,2
0-0,86,25,0,2
0-0,86,26,0,2
0-0,86,27,0,2
0-0,86,28,0,2
0-0,86,29,0,2
0-0,86,30,0,2
0-0,88,7,0,2
0-0,88,8,0,2
0-0,88,9,0,2
0-0,88,10,0,2
0-0,88,11,0,2
0-0,88,12,0,2
0-0,88,13,0,2
0-0,88,14,0,2
0-0,88,15,0,2
0-0,88,16,0,2
0-0,88,17,0,2
0-0,88,18,0,2
0-0,88,19,0,2
0-0,88,20,0,2
0-0,88,21,0,2
0-0,88,22,0,2
0-0,88,23,0,2
0-0,88,24,0,2
0-0,88,25,0,2
0-0,88,26,0,2
0-0,88,27,0,2
0-0,88,28,0,2
0-0,88,29,0,2
0-0,88,30,0,2
0-0,90,7,0,2
0-0,90,8,0,2
0-0,90,9,0,2
0-0,90,10,0,2
0-0,90,11,0,2
0-0,90,12,0,2
0-0,90,13,0,2
0-0,90,14,0,2
0-0,90,15,0,2
0-0,90,16,0,2
0-0,90,17,0,2
0-0,90,18,0,2
0-0,90,19,0,2
0-0,90,20,0,2
0-0,90,21,0,2
0-0,90,22,0,2
0-0,90,23,0,2
0-0,90,24,0,2
0-0,90,25,0,2
0-0,90,26,0,2
0-0,90,27,0,2
0-0,90,28,0,2
0-0,90,29,0,2
0-0,90,30,0,2
0-1,81,7,0,2
0-1,81,8,0,2
0-1,81,9,0,2
0-1,81,10,0,2
0-1,81,11,0,2
0-1,81,12,0,2
0-1,81,13,0,2
0-1,81,14,0,2
0-1,81,15,0,2
0-1,81,16,0,2
0-1,81,17,0,2
0-1,81,18,0,2
0-1,81,19,0,2
0-1,81,20,0,2
0-1,81,21,0,2
0-1,81,22,0,2
0-1,81,23,0,2
0-1,81,24,0,2
0-1,81,25,0,2
0-1,81,26,0,2
0-1,81,27,0,2
0-1,81,28,0,2
0-1,81,29,0,2
0-1,81,30,0,2
0-0,80,7,0,2
0-1,83,7,0,2
0-1,83,8,0,2
0-1,83,9,0,2
0-1,83,10,0,2
0-1,83,11,0,2
0-1,83,12,0,2
0-1,83,13,0,2
0-1,83,14,0,2
0-1,83,15,0,2
0-1,83,16,0,2
0-1,83,17,0,2
0-1,83,18,0,2
0-1,83,19,0,2
0-1,83,20,0,2
0-1,83,21,0,2
0-1,83,22,0,2
0-1,83,23,0,2
0-1,83,24,0,2
0-1,83,25,0,2
0-1,83,26,0,2
0-1,83,27,0,2
0-1,83,28,0,2
0-1,83,29,0,2
0-1,83,30,0,2
0-1,85,7,0,2
0-1,85,8,0,2
0-1,85,9,0,2
0-1,85,10,0,2
0-1,85,11,0,2
0-1,85,12,0,2
0-1,85,13,0,2
0-1,85,14,0,2
0-1,85,15,0,2
0-1,85,16,0,2
0-1,85,17,0,2
0-1,85,18,0,2
0-1,85,19,0,2
0-1,85,20,0,2
0-1,85,21,0,2
0-1,85,22,0,2
0-1,85,23,0,2
0-1,85,24,0,2
0-1,85,25,0,2
0-1,85,26,0,2
0-1,85,27,0,2
0-1,85,28,0,2
0-1,85,29,0,2
0-1,85,30,0,2
0-1,87,7,0,2
0-1,87,8,0,2
0-1,87,9,0,2
0-1,87,10,0,2
0-1,87,11,0,2
0-1,87,12,0,2
0-1,87,13,0,2
0-1,87,14,0,2
0-1,87,15,0,2
0-1,87,16,0,2
0-1,87,17,0,2
0-1,87,18,0,2
0-1,87,19,0,2
0-1,87,20,0,2
0-1,87,21,0,2
0-1,87,22,0,2
0-1,87,23,0,2
0-1,87,24,0,2
0-1,87,25,0,2
0-1,87,26,0,2
0-1,87,27,0,2
0-1,87,28,0,2
0-1,87,29,0,2
0-1,87,30,0,2
0-1,89,7,0,2
0-1,89,8,0,2
0-1,89,9,0,2
0-1,89,10,0,2
0-1,89,11,0,2
0-1,89,12,0,2
0-1,89,13,0,2
0-1,89,14,0,2
0-1,89,15,0,2
0-1,89,16,0,2
0-1,89,17,0,2
0-1,89,18,0,2
0-1,89,19,0,2
0-1,89,20,0,2
0-1,89,21,0,2
0-1,89,22,0,2
0-1,89,23,0,2
0-1,89,24,0,2
0-1,89,25,0,2
0-1,89,26,0,2
0-1,89,27,0,2
0-1,89,28,0,2
0-1,89,29,0,2
0-1,89,30,0,2
0-0,40,7,0,3
0-0,40,8,0,3
0-0,40,10,0,3
0-0,40,11,0,3
0-0,40,12,0,3
0-0,40,13,0,3
0-0,40,14,0,3
0-0,40,15,0,3
0-0,40,16,0,3
0-0,40,17,0,3
0-0,40,18,0,3
0-0,40,19,0,3
0-0,40,20,0,3
0-0,40,21,0,3
0-0,40,22,0,3
0-0,40,23,0,3
0-0,40,24,0,3
0-0,40,25,0,3
0-0,40,26,0,3
0-0,40,27,0,3
0-0,40,28,0,3
0-0,40,29,0,3
0-0,40,30,0,3
0-0,40,31,0,3
0-0,40,32,0,3
0-0,40,33,0,3
0-0,42,7,0,3
0-0,42,8,0,3
0-0,42,9,0,3
0-0,42,10,0,3
0-0,42,11,0,3
0-0,42,12,0,3
0-0,42,13,0,3
0-0,42,14,0,3
0-0,42,15,0,3
0-0,42,16,0,3
0-0,42,17,0,3
0-0,42,18,0,3
0-0,42,19,0,3
0-0,42,20,0,3
0-0,42,21,0,3
0-0,42,22,0,3
0-0,42,23,0,3
0-0,42,24,0,3
0-0,42,25,0,3
0-0,42,26,0,3
0-0,42,27,0,3
0-0,42,28,0,3
0-0,42,29,0,3
0-0,42,30,0,3
0-0,42,31,0,3
0-0,42,32,0,3
0-0,42,33,0,3
0-0,44,7,0,3
0-0,44,8,0,3
0-0,44,9,0,3
0-0,44,10,0,3
0-0,44,11,0,3
0-0,44,12,0,3
0-0,44,13,0,3
0-0,44,14,0,3
0-0,44,15,0,3
0-0,44,16,0,3
0-0,44,17,0,3
0-0,44,18,0,3
0-0,44,19,0,3
0-0,44,20,0,3
0-0,44,21,0,3
0-0,44,22,0,3
0-0,44,23,0,3
0-0,44,24,0,3
0-0,44,25,0,3
0-0,44,26,0,3
0-0,44,27,0,3
0-0,44,28,0,3
0-0,44,29,0,3
0-0,44,30,0,3
0-0,44,31,0,3
0-0,44,32,0,3
0-0,44,33,0,3
0-0,46,7,0,3
0-0,46,8,0,3
0-0,46,9,0,3
0-0,46,10,0,3
0-0,46,11,0,3
0-0,46,12,0,3
0-0,46,13,0,3
0-0,46,14,0,3
0-0,46,15,0,3
0-0,46,16,0,3
0-0,46,17,0,3
0-0,46,18,0,3
0-0,46,19,0,3
0-0,46,20,0,3
0-0,46,21,0,3
0-0,46,22,0,3
0-0,46,23,0,3
0-0,46,24,0,3
0-0,46,25,0,3
0-0,46,26,0,3
0-0,46,27,0,3
0-0,46,28,0,3
0-0,46,29,0,3
0-0,46,30,0,3
0-0,46,31,0,3
0-0,46,32,0,3
0-0,46,33,0,3
0-0,48,7,0,3
0-0,48,8,0,3
0-0,48,9,0,3
0-0,48,10,0,3
0-0,48,11,0,3
0-0,48,12,0,3
0-0,48,13,0,3
0-0,48,14,0,3
0-0,48,15,0,3
0-0,48,16,0,3
0-0,48,17,0,3
0-0,48,18,0,3
0-0,48,19,0,3
0-0,48,20,0,3
0-0,48,21,0,3
0-0,48,22,0,3
0-0,48,23,0,3
0-0,48,24,0,3
0-0,48,25,0,3
0-0,48,26,0,3
0-0,48,27,0,3
0-0,48,28,0,3
0-0,48,29,0,3
0-0,48,30,0,3
0-0,48,31,0,3
0-0,48,32,0,3
0-0,48,33,0,3
0-1,41,7,0,3
0-1,41,8,0,3
0-1,41,9,0,3
0-1,41,10,0,3
0-1,41,11,0,3
0-1,41,12,0,3
0-1,41,13,0,3
0-1,41,14,0,3
0-1,41,15,0,3
0-1,41,16,0,3
0-1,41,17,0,3
0-1,41,18,0,3
0-1,41,19,0,3
0-1,41,20,0,3
0-1,41,21,0,3
0-1,41,22,0,3
0-1,41,23,0,3
0-1,41,24,0,3
0-1,41,25,0,3
0-1,41,26,0,3
0-1,41,27,0,3
0-1,41,28,0,3
0-1,41,29,0,3
0-1,41,30,0,3
0-1,41,31,0,3
0-1,41,32,0,3
0-1,41,33,0,3
0-0,40,9,0,3
0-1,43,7,0,3
0-1,43,8,0,3
0-1,43,9,0,3
0-1,43,10,0,3
0-1,43,11,0,3
0-1,43,12,0,3
0-1,43,13,0,3
0-1,43,14,0,3
0-1,43,15,0,3
0-1,43,16,0,3
0-1,43,17,0,3
0-1,43,18,0,3
0-1,43,19,0,3
0-1,43,20,0,3
0-1,43,21,0,3
0-1,43,22,0,3
0-1,43,23,0,3
0-1,43,24,0,3
0-1,43,25,0,3
0-1,43,26,0,3
0-1,43,27,0,3
0-1,43,28,0,3
0-1,43,29,0,3
0-1,43,30,0,3
0-1,43,31,0,3
0-1,43,32,0,3
0-1,43,33,0,3
0-1,45,7,0,3
0-1,45,8,0,3
0-1,45,9,0,3
0-1,45,10,0,3
0-1,45,11,0,3
0-1,45,12,0,3
0-1,45,13,0,3
0-1,45,14,0,3
0-1,45,15,0,3
0-1,45,16,0,3
0-1,45,17,0,3
0-1,45,18,0,3
0-1,45,19,0,3
0-1,45,20,0,3
0-1,45,21,0,3
0-1,45,22,0,3
0-1,45,23,0,3
0-1,45,24,0,3
0-1,45,25,0,3
0-1,45,26,0,3
0-1,45,27,0,3
0-1,45,28,0,3
0-1,45,29,0,3
0-1,45,30,0,3
0-1,45,31,0,3
0-1,45,32,0,3
0-1,45,33,0,3
0-1,47,7,0,3
0-1,47,8,0,3
0-1,47,9,0,3
0-1,47,10,0,3
0-1,47,11,0,3
0-1,47,12,0,3
0-1,47,13,0,3
0-1,47,14,0,3
0-1,47,15,0,3
0-1,47,16,0,3
0-1,47,17,0,3
0-1,47,18,0,3
0-1,47,19,0,3
0-1,47,20,0,3
0-1,47,21,0,3
0-1,47,22,0,3
0-1,47,23,0,3
0-1,47,24,0,3
0-1,47,25,0,3
0-1,47,26,0,3
0-1,47,27,0,3
0-1,47,28,0,3
0-1,47,29,0,3
0-1,47,30,0,3
0-1,47,31,0,3
0-1,47,32,0,3
0-1,47,33,0,3
0-1,49,7,0,3
0-1,49,8,0,3
0-1,49,9,0,3
0-1,49,10,0,3
0-1,49,11,0,3
0-1,49,12,0,3
0-1,49,13,0,3
0-1,49,14,0,3
0-1,49,15,0,3
0-1,49,16,0,3
0-1,49,17,0,3
0-1,49,18,0,3
0-1,49,19,0,3
0-1,49,20,0,3
0-1,49,21,0,3
0-1,49,22,0,3
0-1,49,23,0,3
0-1,49,24,0,3
0-1,49,25,0,3
0-1,49,26,0,3
0-1,49,27,0,3
0-1,49,28,0,3
0-1,49,29,0,3
0-1,49,30,0,3
0-1,49,31,0,3
0-1,49,32,0,3
0-1,49,33,0,3
0-1,49,4,0,3
0-1,49,6,0,3
0-1,47,5,0,3
0-1,47,6,0,3
0-1,45,4,0,3
0-1,45,5,0,3
0-1,45,6,0,3
0-1,43,4,0,3
0-1,43,5,0,3
0-1,43,6,0,3
0-1,41,4,0,3
0-1,41,5,0,3
0-1,41,6,0,3
0-0,40,5,0,3
0-0,40,6,0,3
0-0,42,4,0,3
0-0,42,5,0,3
0-0,42,6,0,3
0-0,44,4,0,3
0-0,44,5,0,3
0-0,46,4,0,3
0-0,46,5,0,3
0-0,44,6,0,3
0-0,46,6,0,3
0-0,48,4,0,3
0-0,48,5,0,3
0-0,48,6,0,3
0-0,47,4,0,3
0-0,40,4,0,3
0-1,39,5,0,3
0-1,39,6,0,3
0-1,39,7,0,3
0-1,39,8,0,3
0-1,39,9,0,3
0-1,39,10,0,3
0-1,39,11,0,3
0-1,39,12,0,3
0-1,39,13,0,3
0-1,39,14,0,3
0-1,39,15,0,3
0-1,39,16,0,3
0-1,39,17,0,3
0-1,39,18,0,3
0-1,39,19,0,3
0-1,39,20,0,3
0-1,39,21,0,3
0-1,39,22,0,3
0-1,39,23,0,3
0-1,39,24,0,3
0-1,39,25,0,3
0-1,39,26,0,3
0-1,39,27,0,3
0-1,39,28,0,3
0-1,39,29,0,3
0-1,39,30,0,3
0-1,39,31,0,3
0-1,39,32,0,3
0-1,39,33,0,3
0-1,39,4,0,3
0-0,38,4,0,3
0-0,38,5,0,3
0-0,38,6,0,3
0-0,38,7,0,3
0-0,38,8,0,3
0-0,38,9,0,3
0-0,38,10,0,3
0-0,38,11,0,3
0-0,38,12,0,3
0-0,38,13,0,3
0-0,38,14,0,3
0-0,38,15,0,3
0-0,38,16,0,3
0-0,38,17,0,3
0-0,38,18,0,3
0-0,38,19,0,3
0-0,38,20,0,3
0-0,38,21,0,3
0-0,38,22,0,3
0-0,38,23,0,3
0-0,38,24,0,3
0-0,38,25,0,3
0-0,38,26,0,3
0-0,38,27,0,3
0-0,38,28,0,3
0-0,38,29,0,3
0-0,38,30,0,3
0-0,38,31,0,3
0-0,38,32,0,3
0-0,38,33,0,3
0-1,49,5,0,3
0-1,51,4,0,3
0-1,51,5,0,3
0-1,51,6,0,3
0-1,51,7,0,3
0-1,51,8,0,3
0-1,51,9,0,3
0-1,51,10,0,3
0-1,51,11,0,3
0-1,51,12,0,3
0-1,51,13,0,3
0-1,51,14,0,3
0-1,51,15,0,3
0-1,51,16,0,3
0-1,51,17,0,3
0-1,51,18,0,3
0-1,51,19,0,3
0-1,51,20,0,3
0-1,51,21,0,3
0-1,51,22,0,3
0-1,51,23,0,3
0-1,51,24,0,3
0-1,51,25,0,3
0-1,51,26,0,3
0-1,51,27,0,3
0-1,51,28,0,3
0-1,51,29,0,3
0-1,51,30,0,3
0-1,51,31,0,3
0-1,51,32,0,3
0-1,51,33,0,3
0-1,53,4,0,3
0-1,53,5,0,3
0-1,53,6,0,3
0-1,53,7,0,3
0-1,53,8,0,3
0-1,53,9,0,3
0-1,53,10,0,3
0-1,53,11,0,3
0-1,53,12,0,3
0-1,53,13,0,3
0-1,53,14,0,3
0-1,53,15,0,3
0-1,53,16,0,3
0-1,53,17,0,3
0-1,53,18,0,3
0-1,53,19,0,3
0-1,53,20,0,3
0-1,53,21,0,3
0-1,53,22,0,3
0-1,53,23,0,3
0-1,53,24,0,3
0-1,53,25,0,3
0-1,53,26,0,3
0-1,53,27,0,3
0-1,53,28,0,3
0-1,53,29,0,3
0-1,53,30,0,3
0-1,53,31,0,3
0-1,53,32,0,3
0-1,53,33,0,3
0-1,55,4,0,3
0-1,55,5,0,3
0-1,55,7,0,3
0-1,55,8,0,3
0-1,55,9,0,3
0-1,55,10,0,3
0-1,55,11,0,3
0-1,55,12,0,3
0-1,55,13,0,3
0-1,55,14,0,3
0-1,55,15,0,3
0-1,55,16,0,3
0-1,55,17,0,3
0-1,55,18,0,3
0-1,55,19,0,3
0-1,55,20,0,3
0-1,55,21,0,3
0-1,55,22,0,3
0-1,55,23,0,3
0-1,55,24,0,3
0-1,55,25,0,3
0-1,55,26,0,3
0-1,55,27,0,3
0-1,55,28,0,3
0-1,55,29,0,3
0-1,55,30,0,3
0-1,55,31,0,3
0-1,55,32,0,3
0-1,55,33,0,3
0-0,50,4,0,3
0-0,50,5,0,3
0-0,50,6,0,3
0-0,50,7,0,3
0-0,50,8,0,3
0-0,50,9,0,3
0-0,50,10,0,3
0-0,50,11,0,3
0-0,50,12,0,3
0-0,50,13,0,3
0-0,50,14,0,3
0-0,50,15,0,3
0-0,50,16,0,3
0-0,50,17,0,3
0-0,50,18,0,3
0-0,50,19,0,3
0-0,50,20,0,3
0-0,50,21,0,3
0-0,50,22,0,3
0-0,50,23,0,3
0-0,50,24,0,3
0-0,50,25,0,3
0-0,50,26,0,3
0-0,50,27,0,3
0-0,50,28,0,3
0-0,50,29,0,3
0-0,50,30,0,3
0-0,50,31,0,3
0-0,50,32,0,3
0-0,50,33,0,3
0-0,52,4,0,3
0-0,52,5,0,3
0-0,52,6,0,3
0-0,52,7,0,3
0-0,52,8,0,3
0-0,52,9,0,3
0-0,52,10,0,3
0-0,52,11,0,3
0-0,52,12,0,3
0-0,52,13,0,3
0-0,52,14,0,3
0-0,52,15,0,3
0-0,52,16,0,3
0-0,52,17,0,3
0-0,52,18,0,3
0-0,52,19,0,3
0-0,52,20,0,3
0-0,52,21,0,3
0-0,52,22,0,3
0-0,52,23,0,3
0-0,52,24,0,3
0-0,52,25,0,3
0-0,52,26,0,3
0-0,52,27,0,3
0-0,52,28,0,3
0-0,52,29,0,3
0-0,52,30,0,3
0-0,52,31,0,3
0-0,52,32,0,3
0-0,52,33,0,3
0-0,54,4,0,3
0-0,54,5,0,3
0-0,54,6,0,3
0-0,54,7,0,3
0-0,54,8,0,3
0-0,54,9,0,3
0-0,54,10,0,3
0-0,54,11,0,3
0-0,54,12,0,3
0-0,54,13,0,3
0-0,54,14,0,3
0-0,54,15,0,3
0-0,54,16,0,3
0-0,54,17,0,3
0-0,54,18,0,3
0-0,54,19,0,3
0-0,54,20,0,3
0-0,54,21,0,3
0-0,54,22,0,3
0-0,54,23,0,3
0-0,54,24,0,3
0-0,54,25,0,3
0-0,54,26,0,3
0-0,54,27,0,3
0-0,54,28,0,3
0-0,54,29,0,3
0-0,54,30,0,3
0-0,54,31,0,3
0-0,54,32,0,3
0-0,54,33,0,3
0-1,55,6,0,3
0-1,57,4,0,3
0-1,57,5,0,3
0-1,57,6,0,3
0-1,57,7,0,3
0-1,57,8,0,3
0-1,57,9,0,3
0-1,57,10,0,3
0-1,57,11,0,3
0-1,57,12,0,3
0-1,57,13,0,3
0-1,57,14,0,3
0-1,57,15,0,3
0-1,57,16,0,3
0-1,57,17,0,3
0-1,57,18,0,3
0-1,57,19,0,3
0-1,57,20,0,3
0-1,57,21,0,3
0-1,57,22,0,3
0-1,57,23,0,3
0-1,57,24,0,3
0-1,57,25,0,3
0-1,57,26,0,3
0-1,57,27,0,3
0-1,57,28,0,3
0-1,57,29,0,3
0-1,57,30,0,3
0-1,57,31,0,3
0-1,57,32,0,3
0-1,57,33,0,3
0-0,56,4,0,3
0-0,56,5,0,3
0-0,56,6,0,3
0-0,56,7,0,3
0-0,56,8,0,3
0-0,56,9,0,3
0-0,56,10,0,3
0-0,56,11,0,3
0-0,56,12,0,3
0-0,56,13,0,3
0-0,56,14,0,3
0-0,56,15,0,3
0-0,56,16,0,3
0-0,56,17,0,3
0-0,56,18,0,3
0-0,56,19,0,3
0-0,56,20,0,3
0-0,56,21,0,3
0-0,56,22,0,3
0-0,56,23,0,3
0-0,56,24,0,3
0-0,56,25,0,3
0-0,56,26,0,3
0-0,56,27,0,3
0-0,56,28,0,3
0-0,56,29,0,3
0-0,56,30,0,3
0-0,56,31,0,3
0-0,56,32,0,3
0-0,56,33,0,3
0-0,58,4,0,3
0-0,58,5,0,3
0-0,58,6,0,3
0-0,58,7,0,3
0-0,58,8,0,3
0-0,58,9,0,3
0-0,58,10,0,3
0-0,58,11,0,3
0-0,58,12,0,3
0-0,58,13,0,3
0-0,58,14,0,3
0-0,58,15,0,3
0-0,58,16,0,3
0-0,58,17,0,3
0-0,58,18,0,3
0-0,58,19,0,3
0-0,58,20,0,3
0-0,58,21,0,3
0-0,58,22,0,3
0-0,58,23,0,3
0-0,58,24,0,3
0-0,58,25,0,3
0-0,58,26,0,3
0-0,58,27,0,3
0-0,58,28,0,3
0-0,58,29,0,3
0-0,58,30,0,3
0-0,58,31,0,3
0-0,58,32,0,3
0-0,58,33,0,3
0-1,59,3,0,3
0-1,59,4,0,3
0-1,59,5,0,3
0-1,59,6,0,3
0-1,59,7,0,3
0-1,59,8,0,3
0-1,59,9,0,3
0-1,59,10,0,3
0-1,59,11,0,3
0-1,59,12,0,3
0-1,59,13,0,3
0-1,59,14,0,3
0-1,59,15,0,3
0-1,59,16,0,3
0-1,59,17,0,3
0-1,59,18,0,3
0-1,59,19,0,3
0-1,59,20,0,3
0-1,59,21,0,3
0-1,59,22,0,3
0-1,59,23,0,3
0-1,59,24,0,3
0-1,59,25,0,3
0-1,59,26,0,3
0-1,59,27,0,3
0-1,59,28,0,3
0-1,59,29,0,3
0-1,59,30,0,3
0-1,59,31,0,3
0-1,59,32,0,3
0-1,59,33,0,3
0-0,60,4,0,3
0-0,60,5,0,3
0-0,60,6,0,3
0-0,60,7,0,3
0-0,60,8,0,3
0-0,60,9,0,3
0-0,60,10,0,3
0-0,60,11,0,3
0-0,60,12,0,3
0-0,60,13,0,3
0-0,60,14,0,3
0-0,60,15,0,3
0-0,60,16,0,3
0-0,60,17,0,3
0-0,60,18,0,3
0-0,60,19,0,3
0-0,60,20,0,3
0-0,60,21,0,3
0-0,60,22,0,3
0-0,60,23,0,3
0-0,60,24,0,3
0-0,60,25,0,3
0-0,60,26,0,3
0-0,60,27,0,3
0-0,60,28,0,3
0-0,60,29,0,3
0-0,60,30,0,3
0-0,60,31,0,3
0-0,60,32,0,3
0-0,60,33,0,3
0-0,62,4,0,3
0-0,62,5,0,3
0-0,62,6,0,3
0-0,62,7,0,3
0-0,62,8,0,3
0-0,62,9,0,3
0-0,62,10,0,3
0-0,62,11,0,3
0-0,62,12,0,3
0-0,62,13,0,3
0-0,62,14,0,3
0-0,62,15,0,3
0-0,62,16,0,3
0-0,62,17,0,3
0-0,62,18,0,3
0-0,62,19,0,3
0-0,62,20,0,3
0-0,62,21,0,3
0-0,62,22,0,3
0-0,62,23,0,3
0-0,62,24,0,3
0-0,62,25,0,3
0-0,62,26,0,3
0-0,62,27,0,3
0-0,62,28,0,3
0-0,62,29,0,3
0-0,62,30,0,3
0-0,62,31,0,3
0-0,62,32,0,3
0-0,62,33,0,3
0-0,64,4,0,3
0-0,64,5,0,3
0-0,64,6,0,3
0-0,64,7,0,3
0-0,64,8,0,3
0-0,64,9,0,3
0-0,64,10,0,3
0-0,64,11,0,3
0-0,64,12,0,3
0-0,64,13,0,3
0-0,64,14,0,3
0-0,64,15,0,3
0-0,64,16,0,3
0-0,64,17,0,3
0-0,64,18,0,3
0-0,64,19,0,3
0-0,64,20,0,3
0-0,64,21,0,3
0-0,64,22,0,3
0-0,64,23,0,3
0-0,64,24,0,3
0-0,64,25,0,3
0-0,64,26,0,3
0-0,64,27,0,3
0-0,64,28,0,3
0-0,64,29,0,3
0-0,64,30,0,3
0-0,64,31,0,3
0-0,64,32,0,3
0-0,64,33,0,3
0-0,66,4,0,3
0-0,66,5,0,3
0-0,66,6,0,3
0-0,66,7,0,3
0-0,66,8,0,3
0-0,66,9,0,3
0-0,66,10,0,3
0-0,66,11,0,3
0-0,66,12,0,3
0-0,66,13,0,3
0-0,66,14,0,3
0-0,66,15,0,3
0-0,66,16,0,3
0-0,66,17,0,3
0-0,66,18,0,3
0-0,66,19,0,3
0-0,66,20,0,3
0-0,66,21,0,3
0-0,66,22,0,3
0-0,66,23,0,3
0-0,66,24,0,3
0-0,66,25,0,3
0-0,66,26,0,3
0-0,66,27,0,3
0-0,66,28,0,3
0-0,66,29,0,3
0-0,66,30,0,3
0-0,66,31,0,3
0-0,66,32,0,3
0-0,66,33,0,3
0-0,68,4,0,3
0-0,68,5,0,3
0-0,68,6,0,3
0-0,68,7,0,3
0-0,68,8,0,3
0-0,68,9,0,3
0-0,68,10,0,3
0-0,68,11,0,3
0-0,68,12,0,3
0-0,68,13,0,3
0-0,68,14,0,3
0-0,68,15,0,3
0-0,68,16,0,3
0-0,68,17,0,3
0-0,68,18,0,3
0-0,68,19,0,3
0-0,68,20,0,3
0-0,68,21,0,3
0-0,68,22,0,3
0-0,68,23,0,3
0-0,68,24,0,3
0-0,68,25,0,3
0-0,68,26,0,3
0-0,68,27,0,3
0-0,68,28,0,3
0-0,68,29,0,3
0-0,68,30,0,3
0-0,68,31,0,3
0-0,68,32,0,3
0-0,68,33,0,3
0-1,61,4,0,3
0-1,61,5,0,3
0-1,61,6,0,3
0-1,61,7,0,3
0-1,61,8,0,3
0-1,61,9,0,3
0-1,61,10,0,3
0-1,61,11,0,3
0-1,61,12,0,3
0-1,61,13,0,3
0-1,61,14,0,3
0-1,61,15,0,3
0-1,61,16,0,3
0-1,61,17,0,3
0-1,61,18,0,3
0-1,61,19,0,3
0-1,61,20,0,3
0-1,61,21,0,3
0-1,61,22,0,3
0-1,61,23,0,3
0-1,61,24,0,3
0-1,61,25,0,3
0-1,61,26,0,3
0-1,61,27,0,3
0-1,61,28,0,3
0-1,61,29,0,3
0-1,61,30,0,3
0-1,61,31,0,3
0-1,61,32,0,3
0-1,61,33,0,3
0-1,63,4,0,3
0-1,63,5,0,3
0-1,63,6,0,3
0-1,63,7,0,3
0-1,63,8,0,3
0-1,63,9,0,3
0-1,63,10,0,3
0-1,63,11,0,3
0-1,63,12,0,3
0-1,63,13,0,3
0-1,63,14,0,3
0-1,63,15,0,3
0-1,63,16,0,3
0-1,63,17,0,3
0-1,63,18,0,3
0-1,63,19,0,3
0-1,63,20,0,3
0-1,63,21,0,3
0-1,63,22,0,3
0-1,63,23,0,3
0-1,63,24,0,3
0-1,63,25,0,3
0-1,63,26,0,3
0-1,63,27,0,3
0-1,63,28,0,3
0-1,63,29,0,3
0-1,63,30,0,3
0-1,63,31,0,3
0-1,63,32,0,3
0-1,63,33,0,3
0-1,65,4,0,3
0-1,65,5,0,3
0-1,65,6,0,3
0-1,65,7,0,3
0-1,65,8,0,3
0-1,65,9,0,3
0-1,65,10,0,3
0-1,65,11,0,3
0-1,65,12,0,3
0-1,65,13,0,3
0-1,65,14,0,3
0-1,65,15,0,3
0-1,65,16,0,3
0-1,65,17,0,3
0-1,65,18,0,3
0-1,65,19,0,3
0-1,65,20,0,3
0-1,65,21,0,3
0-1,65,22,0,3
0-1,65,23,0,3
0-1,65,24,0,3
0-1,65,25,0,3
0-1,65,26,0,3
0-1,65,27,0,3
0-1,65,28,0,3
0-1,65,29,0,3
0-1,65,30,0,3
0-1,65,31,0,3
0-1,65,32,0,3
0-1,65,33,0,3
0-1,67,4,0,3
0-1,67,5,0,3
0-1,67,6,0,3
0-1,67,7,0,3
0-1,67,8,0,3
0-1,67,9,0,3
0-1,67,10,0,3
0-1,67,11,0,3
0-1,67,12,0,3
0-1,67,13,0,3
0-1,67,14,0,3
0-1,67,15,0,3
0-1,67,16,0,3
0-1,67,17,0,3
0-1,67,18,0,3
0-1,67,19,0,3
0-1,67,20,0,3
0-1,67,21,0,3
0-1,67,22,0,3
0-1,67,23,0,3
0-1,67,24,0,3
0-1,67,25,0,3
0-1,67,26,0,3
0-1,67,27,0,3
0-1,67,28,0,3
0-1,67,29,0,3
0-1,67,30,0,3
0-1,67,31,0,3
0-1,67,32,0,3
0-1,67,33,0,3
0-0,18,3,0,4
0-0,18,4,0,4
0-0,18,5,0,4
0-0,18,6,0,4
0-0,18,7,0,4
0-0,18,8,0,4
0-0,18,9,0,4
0-0,18,10,0,4
0-0,18,11,0,4
0-0,18,12,0,4
0-0,18,13,0,4
0-0,18,14,0,4
0-0,18,15,0,4
0-0,18,16,0,4
0-0,18,17,0,4
0-0,18,18,0,4
0-0,18,19,0,4
0-0,18,20,0,4
0-0,18,21,0,4
0-0,18,22,0,4
0-0,18,23,0,4
0-0,18,24,0,4
0-0,20,3,0,4
0-0,20,4,0,4
0-0,20,5,0,4
0-0,20,6,0,4
0-0,20,7,0,4
0-0,20,8,0,4
0-0,20,9,0,4
0-0,20,10,0,4
0-0,20,11,0,4
0-0,20,12,0,4
0-0,20,13,0,4
0-0,20,14,0,4
0-0,20,15,0,4
0-0,20,16,0,4
0-0,20,17,0,4
0-0,20,18,0,4
0-0,20,19,0,4
0-0,20,20,0,4
0-0,20,21,0,4
0-0,20,22,0,4
0-0,20,23,0,4
0-0,20,24,0,4
0-0,22,3,0,4
0-0,22,4,0,4
0-0,22,5,0,4
0-0,22,6,0,4
0-0,22,7,0,4
0-0,22,8,0,4
0-0,22,9,0,4
0-0,22,10,0,4
0-0,22,11,0,4
0-0,22,12,0,4
0-0,22,13,0,4
0-0,22,14,0,4
0-0,22,15,0,4
0-0,22,16,0,4
0-0,22,17,0,4
0-0,22,18,0,4
0-0,22,19,0,4
0-0,22,20,0,4
0-0,22,21,0,4
0-0,22,22,0,4
0-0,22,23,0,4
0-0,22,24,0,4
0-0,24,3,0,4
0-0,24,4,0,4
0-0,24,5,0,4
0-0,24,6,0,4
0-0,24,7,0,4
0-0,24,8,0,4
0-0,24,9,0,4
0-0,24,10,0,4
0-0,24,11,0,4
0-0,24,12,0,4
0-0,24,13,0,4
0-0,24,14,0,4
0-0,24,15,0,4
0-0,24,16,0,4
0-0,24,17,0,4
0-0,24,18,0,4
0-0,24,19,0,4
0-0,24,20,0,4
0-0,24,21,0,4
0-0,24,22,0,4
0-0,24,23,0,4
0-0,24,24,0,4
0-0,26,3,0,4
0-0,26,4,0,4
0-0,26,5,0,4
0-0,26,6,0,4
0-0,26,7,0,4
0-0,26,8,0,4
0-0,26,9,0,4
0-0,26,10,0,4
0-0,26,11,0,4
0-0,26,12,0,4
0-0,26,13,0,4
0-0,26,14,0,4
0-0,26,15,0,4
0-0,26,16,0,4
0-0,26,17,0,4
0-0,26,18,0,4
0-0,26,19,0,4
0-0,26,20,0,4
0-0,26,21,0,4
0-0,26,22,0,4
0-0,26,23,0,4
0-0,26,24,0,4
0-0,28,3,0,4
0-0,28,4,0,4
0-0,28,5,0,4
0-0,28,6,0,4
0-0,28,7,0,4
0-0,28,8,0,4
0-0,28,9,0,4
0-0,28,10,0,4
0-0,28,11,0,4
0-0,28,12,0,4
0-0,28,13,0,4
0-0,28,14,0,4
0-0,28,15,0,4
0-0,28,16,0,4
0-0,28,17,0,4
0-0,28,18,0,4
0-0,28,19,0,4
0-0,28,20,0,4
0-0,28,21,0,4
0-0,28,22,0,4
0-0,28,23,0,4
0-0,28,24,0,4
0-0,30,3,0,4
0-0,30,4,0,4
0-0,30,5,0,4
0-0,30,6,0,4
0-0,30,7,0,4
0-0,30,8,0,4
0-0,30,9,0,4
0-0,30,10,0,4
0-0,30,11,0,4
0-0,30,12,0,4
0-0,30,13,0,4
0-0,30,14,0,4
0-0,30,15,0,4
0-0,30,16,0,4
0-0,30,17,0,4
0-0,30,18,0,4
0-0,30,19,0,4
0-0,30,20,0,4
0-0,30,21,0,4
0-0,30,22,0,4
0-0,30,23,0,4
0-0,30,24,0,4
0-0,32,3,0,4
0-0,32,4,0,4
0-0,32,5,0,4
0-0,32,6,0,4
0-0,32,7,0,4
0-0,32,8,0,4
0-0,32,9,0,4
0-0,32,10,0,4
0-0,32,11,0,4
0-0,32,12,0,4
0-0,32,13,0,4
0-0,32,14,0,4
0-0,32,15,0,4
0-0,32,16,0,4
0-0,32,17,0,4
0-0,32,18,0,4
0-0,32,19,0,4
0-0,32,20,0,4
0-0,32,21,0,4
0-0,32,22,0,4
0-0,32,23,0,4
0-0,32,24,0,4
0-0,34,3,0,4
0-0,34,4,0,4
0-0,34,5,0,4
0-0,34,6,0,4
0-0,34,7,0,4
0-0,34,8,0,4
0-0,34,9,0,4
0-0,34,10,0,4
0-0,34,11,0,4
0-0,34,12,0,4
0-0,34,13,0,4
0-0,34,14,0,4
0-0,34,15,0,4
0-0,34,16,0,4
0-0,34,17,0,4
0-0,34,18,0,4
0-0,34,19,0,4
0-0,34,20,0,4
0-0,34,21,0,4
0-0,34,22,0,4
0-0,34,23,0,4
0-0,34,24,0,4
0-0,36,3,0,4
0-0,36,4,0,4
0-0,36,5,0,4
0-0,36,6,0,4
0-0,36,7,0,4
0-0,36,8,0,4
0-0,36,9,0,4
0-0,36,10,0,4
0-0,36,11,0,4
0-0,36,12,0,4
0-0,36,13,0,4
0-0,36,14,0,4
0-0,36,15,0,4
0-0,36,16,0,4
0-0,36,17,0,4
0-0,36,18,0,4
0-0,36,19,0,4
0-0,36,20,0,4
0-0,36,21,0,4
0-0,36,22,0,4
0-0,36,23,0,4
0-0,36,24,0,4
0-0,38,3,0,4
0-0,38,4,0,4
0-0,38,5,0,4
0-0,38,6,0,4
0-0,38,7,0,4
0-0,38,8,0,4
0-0,38,9,0,4
0-0,38,10,0,4
0-0,38,11,0,4
0-0,38,12,0,4
0-0,38,13,0,4
0-0,38,14,0,4
0-0,38,15,0,4
0-0,38,16,0,4
0-0,38,17,0,4
0-0,38,18,0,4
0-0,38,19,0,4
0-0,38,20,0,4
0-0,38,21,0,4
0-0,38,22,0,4
0-0,40,3,0,4
0-0,40,4,0,4
0-0,40,5,0,4
0-0,40,6,0,4
0-0,40,7,0,4
0-0,40,8,0,4
0-0,40,9,0,4
0-0,40,10,0,4
0-0,40,11,0,4
0-0,40,12,0,4
0-0,40,13,0,4
0-0,40,14,0,4
0-0,40,15,0,4
0-0,40,16,0,4
0-0,40,17,0,4
0-0,40,18,0,4
0-0,40,19,0,4
0-0,40,20,0,4
0-0,40,21,0,4
0-0,40,22,0,4
0-0,40,23,0,4
0-0,40,24,0,4
0-0,42,3,0,4
0-0,42,4,0,4
0-0,42,5,0,4
0-0,42,6,0,4
0-0,42,7,0,4
0-0,42,8,0,4
0-0,42,9,0,4
0-0,42,10,0,4
0-0,42,11,0,4
0-0,42,12,0,4
0-0,42,13,0,4
0-0,42,14,0,4
0-0,42,15,0,4
0-0,42,16,0,4
0-0,42,17,0,4
0-0,42,18,0,4
0-0,42,19,0,4
0-0,42,20,0,4
0-0,42,21,0,4
0-0,42,22,0,4
0-0,42,23,0,4
0-0,42,24,0,4
0-0,44,3,0,4
0-0,44,4,0,4
0-0,44,5,0,4
0-0,44,6,0,4
0-0,44,7,0,4
0-0,44,8,0,4
0-0,44,9,0,4
0-0,44,10,0,4
0-0,44,11,0,4
0-0,44,12,0,4
0-0,44,13,0,4
0-0,44,14,0,4
0-0,44,15,0,4
0-0,44,16,0,4
0-0,44,17,0,4
0-0,44,18,0,4
0-0,44,19,0,4
0-0,44,20,0,4
0-0,44,21,0,4
0-0,44,22,0,4
0-0,44,23,0,4
0-0,44,24,0,4
0-0,46,3,0,4
0-0,46,4,0,4
0-0,46,5,0,4
0-0,46,6,0,4
0-0,46,7,0,4
0-0,46,8,0,4
0-0,46,9,0,4
0-0,46,10,0,4
0-0,46,11,0,4
0-0,46,12,0,4
0-0,46,13,0,4
0-0,46,14,0,4
0-0,46,15,0,4
0-0,46,16,0,4
0-0,46,17,0,4
0-0,46,18,0,4
0-0,46,19,0,4
0-0,46,20,0,4
0-0,46,21,0,4
0-0,46,22,0,4
0-0,46,23,0,4
0-0,46,24,0,4
0-0,48,3,0,4
0-0,48,4,0,4
0-0,48,5,0,4
0-0,48,6,0,4
0-0,48,7,0,4
0-0,48,8,0,4
0-0,48,9,0,4
0-0,48,10,0,4
0-0,48,11,0,4
0-0,48,12,0,4
0-0,48,13,0,4
0-0,48,14,0,4
0-0,48,15,0,4
0-0,48,16,0,4
0-0,48,17,0,4
0-0,48,18,0,4
0-0,48,19,0,4
0-0,48,20,0,4
0-0,48,21,0,4
0-0,48,22,0,4
0-0,48,23,0,4
0-0,48,24,0,4
0-0,10,3,0,4
0-0,10,4,0,4
0-0,10,5,0,4
0-0,10,6,0,4
0-0,10,7,0,4
0-0,10,8,0,4
0-0,10,9,0,4
0-0,10,10,0,4
0-0,10,11,0,4
0-0,10,12,0,4
0-0,10,13,0,4
0-0,10,14,0,4
0-0,10,15,0,4
0-0,10,16,0,4
0-0,10,17,0,4
0-0,10,18,0,4
0-0,10,19,0,4
0-0,10,20,0,4
0-0,10,21,0,4
0-0,10,22,0,4
0-0,10,23,0,4
0-0,10,24,0,4
0-0,12,4,0,4
0-0,12,5,0,4
0-0,12,6,0,4
0-0,12,7,0,4
0-0,12,8,0,4
0-0,12,9,0,4
0-0,12,10,0,4
0-0,12,12,0,4
0-0,12,13,0,4
0-0,12,14,0,4
0-0,12,15,0,4
0-0,12,16,0,4
0-0,12,17,0,4
0-0,12,18,0,4
0-0,12,19,0,4
0-0,12,20,0,4
0-0,12,21,0,4
0-0,12,22,0,4
0-0,12,23,0,4
0-0,12,24,0,4
0-0,14,3,0,4
0-0,14,4,0,4
0-0,14,5,0,4
0-0,14,6,0,4
0-0,14,7,0,4
0-0,14,8,0,4
0-0,14,9,0,4
0-0,14,10,0,4
0-0,14,11,0,4
0-0,14,12,0,4
0-0,14,13,0,4
0-0,14,14,0,4
0-0,14,15,0,4
0-0,14,16,0,4
0-0,14,17,0,4
0-0,14,18,0,4
0-0,14,19,0,4
0-0,14,20,0,4
0-0,14,21,0,4
0-0,14,22,0,4
0-0,14,23,0,4
0-0,14,24,0,4
0-0,16,3,0,4
0-0,16,4,0,4
0-0,16,5,0,4
0-0,16,6,0,4
0-0,16,7,0,4
0-0,16,8,0,4
0-0,16,9,0,4
0-0,16,10,0,4
0-0,16,11,0,4
0-0,16,12,0,4
0-0,16,13,0,4
0-0,16,14,0,4
0-0,16,15,0,4
0-0,16,16,0,4
0-0,16,17,0,4
0-0,16,18,0,4
0-0,16,19,0,4
0-0,16,20,0,4
0-0,16,21,0,4
0-0,16,22,0,4
0-0,16,23,0,4
0-0,16,24,0,4
0-1,11,3,0,4
0-1,11,4,0,4
0-1,11,5,0,4
0-1,11,6,0,4
0-1,11,7,0,4
0-1,11,8,0,4
0-1,11,9,0,4
0-1,11,10,0,4
0-1,11,11,0,4
0-1,11,12,0,4
0-1,11,13,0,4
0-1,11,14,0,4
0-1,11,15,0,4
0-1,11,16,0,4
0-1,11,17,0,4
0-1,11,18,0,4
0-1,11,19,0,4
0-1,11,20,0,4
0-1,11,21,0,4
0-1,11,22,0,4
0-1,11,23,0,4
0-1,11,24,0,4
0-1,13,3,0,4
0-1,13,4,0,4
0-1,13,5,0,4
0-1,13,6,0,4
0-1,13,7,0,4
0-1,13,8,0,4
0-1,13,9,0,4
0-1,13,10,0,4
0-1,13,12,0,4
0-1,13,13,0,4
0-1,13,14,0,4
0-1,13,15,0,4
0-1,13,16,0,4
0-1,13,17,0,4
0-1,13,18,0,4
0-1,13,19,0,4
0-1,13,20,0,4
0-1,13,21,0,4
0-1,13,22,0,4
0-1,13,23,0,4
0-1,13,24,0,4
0-1,15,3,0,4
0-1,15,4,0,4
0-1,15,5,0,4
0-1,15,6,0,4
0-1,15,7,0,4
0-1,15,8,0,4
0-1,15,9,0,4
0-1,15,10,0,4
0-1,15,11,0,4
0-1,15,12,0,4
0-1,15,13,0,4
0-1,15,14,0,4
0-1,15,15,0,4
0-1,15,16,0,4
0-1,15,17,0,4
0-1,15,18,0,4
0-1,15,19,0,4
0-1,15,20,0,4
0-1,15,21,0,4
0-1,15,22,0,4
0-1,15,23,0,4
0-1,15,24,0,4
0-1,17,3,0,4
0-1,17,4,0,4
0-1,17,5,0,4
0-1,17,6,0,4
0-1,17,7,0,4
0-1,17,8,0,4
0-1,17,9,0,4
0-1,17,10,0,4
0-1,17,11,0,4
0-1,17,12,0,4
0-1,17,13,0,4
0-1,17,14,0,4
0-1,17,15,0,4
0-1,17,16,0,4
0-1,17,17,0,4
0-1,17,18,0,4
0-1,17,19,0,4
0-1,17,20,0,4
0-1,17,21,0,4
0-1,17,22,0,4
0-1,17,23,0,4
0-1,17,24,0,4
0-1,19,3,0,4
0-1,19,4,0,4
0-1,19,5,0,4
0-1,19,6,0,4
0-1,19,7,0,4
0-1,19,8,0,4
0-1,19,9,0,4
0-1,19,10,0,4
0-1,19,11,0,4
0-1,19,12,0,4
0-1,19,13,0,4
0-1,19,14,0,4
0-1,19,15,0,4
0-1,19,16,0,4
0-1,19,17,0,4
0-1,19,18,0,4
0-1,19,19,0,4
0-1,19,20,0,4
0-1,19,21,0,4
0-1,19,22,0,4
0-1,19,23,0,4
0-1,19,24,0,4
0-1,21,3,0,4
0-1,21,4,0,4
0-1,21,5,0,4
0-1,21,6,0,4
0-1,21,7,0,4
0-1,21,8,0,4
0-1,21,9,0,4
0-1,21,10,0,4
0-1,21,11,0,4
0-1,21,12,0,4
0-1,21,13,0,4
0-1,21,14,0,4
0-1,21,15,0,4
0-1,21,16,0,4
0-1,21,17,0,4
0-1,21,18,0,4
0-1,21,19,0,4
0-1,21,20,0,4
0-1,21,21,0,4
0-1,21,22,0,4
0-1,21,23,0,4
0-1,21,24,0,4
0-1,23,3,0,4
0-1,23,4,0,4
0-1,23,5,0,4
0-1,23,6,0,4
0-1,23,7,0,4
0-1,23,8,0,4
0-1,23,9,0,4
0-1,23,10,0,4
0-1,23,11,0,4
0-1,23,12,0,4
0-1,23,13,0,4
0-1,23,14,0,4
0-1,23,15,0,4
0-1,23,16,0,4
0-1,23,17,0,4
0-1,23,18,0,4
0-1,23,19,0,4
0-1,23,20,0,4
0-1,23,21,0,4
0-1,23,22,0,4
0-1,23,23,0,4
0-1,23,24,0,4
0-1,25,3,0,4
0-1,25,4,0,4
0-1,25,5,0,4
0-1,25,6,0,4
0-1,25,7,0,4
0-1,25,8,0,4
0-1,25,9,0,4
0-1,25,10,0,4
0-1,25,11,0,4
0-1,25,12,0,4
0-1,25,13,0,4
0-1,25,14,0,4
0-1,25,15,0,4
0-1,25,16,0,4
0-1,25,17,0,4
0-1,25,18,0,4
0-1,25,19,0,4
0-1,25,20,0,4
0-1,25,21,0,4
0-1,25,22,0,4
0-1,25,23,0,4
0-1,25,24,0,4
0-1,27,3,0,4
0-1,27,4,0,4
0-1,27,5,0,4
0-1,27,6,0,4
0-1,27,7,0,4
0-1,27,8,0,4
0-1,27,9,0,4
0-1,27,10,0,4
0-1,27,11,0,4
0-1,27,12,0,4
0-1,27,13,0,4
0-1,27,14,0,4
0-1,27,15,0,4
0-1,27,16,0,4
0-1,27,17,0,4
0-1,27,18,0,4
0-1,27,19,0,4
0-1,27,20,0,4
0-1,27,21,0,4
0-1,27,22,0,4
0-1,27,23,0,4
0-1,27,24,0,4
0-1,29,2,0,4
0-1,29,3,0,4
0-1,29,4,0,4
0-1,29,5,0,4
0-1,29,6,0,4
0-1,29,7,0,4
0-1,29,8,0,4
0-1,29,9,0,4
0-1,29,10,0,4
0-1,29,11,0,4
0-1,29,12,0,4
0-1,29,13,0,4
0-1,29,14,0,4
0-1,29,15,0,4
0-1,29,16,0,4
0-1,29,17,0,4
0-1,29,18,0,4
0-1,29,19,0,4
0-1,29,20,0,4
0-1,29,21,0,4
0-1,29,22,0,4
0-1,29,23,0,4
0-1,29,24,0,4
0-1,31,3,0,4
0-1,31,4,0,4
0-1,31,5,0,4
0-1,31,6,0,4
0-1,31,7,0,4
0-1,31,8,0,4
0-1,31,9,0,4
0-1,31,10,0,4
0-1,31,11,0,4
0-1,31,12,0,4
0-1,31,13,0,4
0-1,31,14,0,4
0-1,31,15,0,4
0-1,31,16,0,4
0-1,31,17,0,4
0-1,31,18,0,4
0-1,31,19,0,4
0-1,31,20,0,4
0-1,31,21,0,4
0-1,31,22,0,4
0-1,31,23,0,4
0-1,31,24,0,4
0-1,33,3,0,4
0-1,33,4,0,4
0-1,33,5,0,4
0-1,33,6,0,4
0-1,33,7,0,4
0-1,33,8,0,4
0-1,33,9,0,4
0-1,33,10,0,4
0-1,33,11,0,4
0-1,33,12,0,4
0-1,33,13,0,4
0-1,33,14,0,4
0-1,33,15,0,4
0-1,33,16,0,4
0-1,33,17,0,4
0-1,33,18,0,4
0-1,33,19,0,4
0-1,33,20,0,4
0-1,33,21,0,4
0-1,33,22,0,4
0-1,33,23,0,4
0-1,33,24,0,4
0-1,35,3,0,4
0-1,35,4,0,4
0-1,35,5,0,4
0-1,35,6,0,4
0-1,35,7,0,4
0-1,35,8,0,4
0-1,35,9,0,4
0-1,35,10,0,4
0-1,35,11,0,4
0-1,35,12,0,4
0-1,35,13,0,4
0-1,35,14,0,4
0-1,35,15,0,4
0-1,35,16,0,4
0-1,35,17,0,4
0-1,35,18,0,4
0-1,35,19,0,4
0-1,35,20,0,4
0-1,35,21,0,4
0-1,35,22,0,4
0-1,35,23,0,4
0-1,35,24,0,4
0-1,37,3,0,4
0-1,37,4,0,4
0-1,37,5,0,4
0-1,37,6,0,4
0-1,37,7,0,4
0-1,37,8,0,4
0-1,37,9,0,4
0-1,37,10,0,4
0-1,37,11,0,4
0-1,37,12,0,4
0-1,37,13,0,4
0-1,37,14,0,4
0-1,37,15,0,4
0-1,37,16,0,4
0-1,37,17,0,4
0-1,37,18,0,4
0-1,37,19,0,4
0-1,37,20,0,4
0-1,37,21,0,4
0-1,37,22,0,4
0-1,37,23,0,4
0-1,37,24,0,4
0-1,39,3,0,4
0-1,39,4,0,4
0-1,39,5,0,4
0-1,39,6,0,4
0-1,39,7,0,4
0-1,39,8,0,4
0-1,39,9,0,4
0-1,39,10,0,4
0-1,39,11,0,4
0-1,39,12,0,4
0-1,39,13,0,4
0-1,39,14,0,4
0-1,39,15,0,4
0-1,39,16,0,4
0-1,39,17,0,4
0-1,39,18,0,4
0-1,39,19,0,4
0-1,39,20,0,4
0-1,39,21,0,4
0-1,39,22,0,4
0-1,39,23,0,4
0-1,39,24,0,4
0-1,41,3,0,4
0-1,41,4,0,4
0-1,41,5,0,4
0-1,41,6,0,4
0-1,41,7,0,4
0-1,41,8,0,4
0-1,41,9,0,4
0-1,41,10,0,4
0-1,41,11,0,4
0-1,41,12,0,4
0-1,41,13,0,4
0-1,41,14,0,4
0-1,41,15,0,4
0-1,41,16,0,4
0-1,41,17,0,4
0-1,41,18,0,4
0-1,41,19,0,4
0-1,41,20,0,4
0-1,41,21,0,4
0-1,41,22,0,4
0-1,41,23,0,4
0-1,41,24,0,4
0-1,43,3,0,4
0-1,43,4,0,4
0-1,43,5,0,4
0-1,43,6,0,4
0-1,43,7,0,4
0-1,43,8,0,4
0-1,43,9,0,4
0-1,43,10,0,4
0-1,43,11,0,4
0-1,43,12,0,4
0-1,43,13,0,4
0-1,43,14,0,4
0-1,43,15,0,4
0-1,43,16,0,4
0-1,43,17,0,4
0-1,43,18,0,4
0-1,43,19,0,4
0-1,43,20,0,4
0-1,43,21,0,4
0-1,43,22,0,4
0-1,43,23,0,4
0-1,43,24,0,4
0-1,45,3,0,4
0-1,45,4,0,4
0-1,45,5,0,4
0-1,45,6,0,4
0-1,45,7,0,4
0-1,45,8,0,4
0-1,45,9,0,4
0-1,45,10,0,4
0-1,45,11,0,4
0-1,45,12,0,4
0-1,45,13,0,4
0-1,45,14,0,4
0-1,45,15,0,4
0-1,45,16,0,4
0-1,45,17,0,4
0-1,45,18,0,4
0-1,45,19,0,4
0-1,45,20,0,4
0-1,45,21,0,4
0-1,45,22,0,4
0-1,45,23,0,4
0-1,45,24,0,4
0-1,47,3,0,4
0-1,47,4,0,4
0-1,47,5,0,4
0-1,47,6,0,4
0-1,47,7,0,4
0-1,47,8,0,4
0-1,47,9,0,4
0-1,47,10,0,4
0-1,47,11,0,4
0-1,47,12,0,4
0-1,47,13,0,4
0-1,47,14,0,4
0-1,47,15,0,4
0-1,47,16,0,4
0-1,47,17,0,4
0-1,47,18,0,4
0-1,47,19,0,4
0-1,47,20,0,4
0-1,47,21,0,4
0-1,47,22,0,4
0-1,47,23,0,4
0-1,47,24,0,4
0-0,-10,3,0,4
0-0,10,25,0,4
0-0,10,26,0,4
0-0,10,27,0,4
0-0,10,28,0,4
0-0,10,29,0,4
0-0,10,30,0,4
0-0,12,25,0,4
0-0,12,26,0,4
0-0,12,27,0,4
0-0,12,28,0,4
0-0,12,29,0,4
0-0,10,31,0,4
0-0,10,32,0,4
0-0,10,33,0,4
0-0,10,34,0,4
0-0,10,35,0,4
0-0,10,36,0,4
0-0,12,30,0,4
0-0,12,31,0,4
0-0,12,32,0,4
0-0,12,33,0,4
0-0,12,34,0,4
0-0,12,35,0,4
0-0,12,36,0,4
0-0,10,-2,0,4
0-0,10,-1,0,4
0-0,10,0,0,4
0-0,10,1,0,4
0-0,10,2,0,4
0-0,12,0,0,4
0-0,12,1,0,4
0-0,12,2,0,4
0-0,12,3,0,4
0-0,12,-1,0,4
0-0,12,-2,0,4
0,-4,0,0,4
0-0,8,0,0,4
0-0,8,1,0,4
0-0,8,2,0,4
0-0,8,4,0,4
0-0,8,6,0,4
0-0,8,7,0,4
0-0,8,8,0,4
0-0,8,9,0,4
0-0,8,10,0,4
0-0,8,11,0,4
0-0,8,12,0,4
0-0,8,13,0,4
0-0,8,14,0,4
0-0,8,15,0,4
0-0,8,16,0,4
0-0,8,17,0,4
0-0,8,18,0,4
0-0,8,19,0,4
0-0,8,20,0,4
0-0,8,21,0,4
0-0,8,22,0,4
0-0,8,23,0,4
0-0,8,24,0,4
0-0,8,25,0,4
0-0,8,26,0,4
0-0,8,27,0,4
0-0,8,28,0,4
0-0,8,29,0,4
0-0,8,30,0,4
0-0,8,31,0,4
0-0,8,32,0,4
0-1,9,3,0,4
0-1,9,4,0,4
0-1,9,5,0,4
0-1,9,6,0,4
0-1,9,7,0,4
0-1,9,8,0,4
0-1,9,9,0,4
0-1,9,10,0,4
0-1,9,11,0,4
0-1,9,12,0,4
0-1,9,13,0,4
0-1,9,14,0,4
0-1,9,15,0,4
0-1,9,16,0,4
0-1,9,17,0,4
0-1,9,18,0,4
0-1,9,19,0,4
0-1,9,20,0,4
0-1,9,21,0,4
0-1,9,22,0,4
0-1,9,23,0,4
0-1,9,24,0,4
0-1,9,25,0,4
0-1,9,26,0,4
0-1,9,27,0,4
0-1,9,28,0,4
0-1,9,29,0,4
0-1,9,30,0,4
0-1,9,31,0,4
0-1,9,32,0,4
0-1,9,33,0,4
0-1,9,34,0,4
0-1,11,25,0,4
0-1,11,26,0,4
0-1,11,27,0,4
0-1,11,28,0,4
0-1,11,29,0,4
0-1,11,30,0,4
0-1,11,31,0,4
0-1,11,32,0,4
0-1,11,33,0,4
0-1,11,34,0,4
0-1,8,33,0,4
0-1,8,34,0,4
0-1,11,35,0,4
0-1,11,36,0,4
0-1,8,35,0,4
0-1,8,36,0,4
0-0,9,35,0,4
0-0,9,36,0,4
0-0,13,25,0,4
0-0,14,25,0,4
0-0,15,25,0,4
0-1,13,26,0,4
0-1,13,27,0,4
0-1,13,28,0,4
0-1,13,29,0,4
0-1,13,30,0,4
0-1,13,31,0,4
0-1,13,11,0,4
0-0,12,11,0,4
0-1,13,32,0,4
0-1,13,33,0,4
0-1,13,34,0,4
0-1,13,35,0,4
0-1,13,36,0,4
0-1,15,26,0,4
0-1,15,27,0,4
0-1,15,28,0,4
0-1,15,29,0,4
0-1,15,30,0,4
0-1,15,31,0,4
0-1,15,32,0,4
0-1,15,33,0,4
0-1,15,34,0,4
0-1,15,35,0,4
0-1,15,36,0,4
0-1,17,25,0,4
0-1,17,26,0,4
0-1,17,27,0,4
0-1,17,28,0,4
0-1,17,29,0,4
0-1,17,30,0,4
0-1,17,31,0,4
0-1,17,32,0,4
0-1,17,33,0,4
0-1,17,34,0,4
0-1,17,35,0,4
0-1,17,36,0,4
0-1,19,25,0,4
0-1,19,26,0,4
0-1,19,27,0,4
0-1,19,28,0,4
0-1,19,29,0,4
0-1,19,30,0,4
0-1,19,31,0,4
0-1,19,32,0,4
0-1,19,33,0,4
0-1,19,34,0,4
0-1,19,35,0,4
0-1,19,36,0,4
0-1,21,25,0,4
0-1,21,26,0,4
0-1,21,27,0,4
0-1,21,28,0,4
0-1,21,29,0,4
0-1,21,30,0,4
0-1,21,31,0,4
0-1,21,32,0,4
0-1,21,33,0,4
0-1,21,34,0,4
0-1,21,35,0,4
0-1,21,36,0,4
0-1,23,25,0,4
0-1,23,26,0,4
0-1,23,27,0,4
0-1,23,28,0,4
0-1,23,29,0,4
0-1,23,30,0,4
0-1,23,31,0,4
0-1,23,32,0,4
0-1,23,33,0,4
0-1,23,34,0,4
0-1,23,35,0,4
0-1,23,36,0,4
0-1,25,25,0,4
0-1,25,26,0,4
0-1,25,27,0,4
0-1,25,28,0,4
0-1,25,29,0,4
0-1,25,30,0,4
0-1,25,31,0,4
0-1,25,32,0,4
0-1,25,33,0,4
0-1,25,34,0,4
0-1,25,35,0,4
0-1,25,36,0,4
0-1,27,25,0,4
0-1,27,26,0,4
0-1,27,27,0,4
0-1,27,28,0,4
0-1,27,29,0,4
0-1,27,30,0,4
0-1,27,31,0,4
0-1,27,32,0,4
0-1,27,33,0,4
0-1,27,34,0,4
0-1,27,35,0,4
0-1,27,36,0,4
0-1,29,25,0,4
0-1,29,26,0,4
0-1,29,27,0,4
0-1,29,28,0,4
0-1,29,29,0,4
0-1,29,30,0,4
0-1,29,31,0,4
0-1,29,32,0,4
0-1,29,33,0,4
0-1,29,34,0,4
0-1,29,35,0,4
0-1,29,36,0,4
0-1,31,25,0,4
0-1,31,26,0,4
0-1,31,27,0,4
0-1,31,28,0,4
0-1,31,29,0,4
0-1,31,30,0,4
0-1,31,31,0,4
0-1,31,32,0,4
0-1,31,33,0,4
0-1,31,34,0,4
0-1,31,35,0,4
0-1,31,36,0,4
0-1,33,25,0,4
0-1,33,26,0,4
0-1,33,27,0,4
0-1,33,28,0,4
0-1,33,29,0,4
0-1,33,30,0,4
0-1,33,31,0,4
0-1,33,32,0,4
0-1,33,33,0,4
0-1,33,34,0,4
0-1,33,35,0,4
0-1,33,36,0,4
0-1,35,25,0,4
0-1,35,26,0,4
0-1,35,27,0,4
0-1,35,28,0,4
0-1,35,29,0,4
0-1,35,30,0,4
0-1,35,31,0,4
0-1,35,32,0,4
0-1,35,33,0,4
0-1,35,34,0,4
0-1,35,35,0,4
0-1,35,36,0,4
0-1,37,25,0,4
0-1,37,26,0,4
0-1,37,27,0,4
0-1,37,28,0,4
0-1,37,29,0,4
0-1,37,30,0,4
0-1,37,31,0,4
0-1,37,32,0,4
0-1,37,33,0,4
0-1,37,34,0,4
0-1,37,35,0,4
0-1,37,36,0,4
0-0,14,26,0,4
0-0,14,27,0,4
0-0,14,28,0,4
0-0,14,29,0,4
0-0,14,30,0,4
0-0,14,31,0,4
0-0,14,32,0,4
0-0,14,33,0,4
0-0,14,34,0,4
0-0,14,35,0,4
0-0,14,36,0,4
0-0,16,25,0,4
0-0,16,26,0,4
0-0,16,27,0,4
0-0,16,28,0,4
0-0,16,29,0,4
0-0,16,30,0,4
0-0,16,31,0,4
0-0,16,32,0,4
0-0,16,33,0,4
0-0,16,34,0,4
0-0,16,35,0,4
0-0,16,36,0,4
0-0,18,25,0,4
0-0,18,26,0,4
0-0,18,27,0,4
0-0,18,28,0,4
0-0,18,29,0,4
0-0,18,30,0,4
0-0,18,31,0,4
0-0,18,32,0,4
0-0,18,33,0,4
0-0,18,34,0,4
0-0,18,35,0,4
0-0,18,36,0,4
0-0,20,25,0,4
0-0,20,26,0,4
0-0,20,27,0,4
0-0,20,28,0,4
0-0,20,29,0,4
0-0,20,30,0,4
0-0,20,31,0,4
0-0,20,32,0,4
0-0,20,33,0,4
0-0,20,34,0,4
0-0,20,35,0,4
0-0,20,36,0,4
0-0,22,25,0,4
0-0,22,26,0,4
0-0,22,27,0,4
0-0,22,28,0,4
0-0,22,29,0,4
0-0,22,30,0,4
0-0,22,31,0,4
0-0,22,32,0,4
0-0,22,33,0,4
0-0,22,34,0,4
0-0,22,35,0,4
0-0,22,36,0,4
0-0,24,25,0,4
0-0,24,26,0,4
0-0,24,27,0,4
0-0,24,28,0,4
0-0,24,29,0,4
0-0,24,30,0,4
0-0,24,31,0,4
0-0,24,32,0,4
0-0,24,33,0,4
0-0,24,34,0,4
0-0,24,35,0,4
0-0,24,36,0,4
0-0,26,25,0,4
0-0,26,26,0,4
0-0,26,27,0,4
0-0,26,28,0,4
0-0,26,29,0,4
0-0,26,30,0,4
0-0,26,31,0,4
0-0,26,32,0,4
0-0,26,33,0,4
0-0,26,34,0,4
0-0,26,35,0,4
0-0,26,36,0,4
0-0,28,25,0,4
0-0,28,26,0,4
0-0,28,27,0,4
0-0,28,28,0,4
0-0,28,29,0,4
0-0,28,30,0,4
0-0,28,31,0,4
0-0,28,32,0,4
0-0,28,33,0,4
0-0,28,34,0,4
0-0,28,35,0,4
0-0,28,36,0,4
0-0,30,25,0,4
0-0,30,26,0,4
0-0,30,27,0,4
0-0,30,28,0,4
0-0,30,29,0,4
0-0,30,30,0,4
0-0,30,31,0,4
0-0,30,32,0,4
0-0,30,33,0,4
0-0,30,34,0,4
0-0,30,35,0,4
0-0,30,36,0,4
0-0,32,25,0,4
0-0,32,26,0,4
0-0,32,27,0,4
0-0,32,28,0,4
0-0,32,29,0,4
0-0,32,30,0,4
0-0,32,31,0,4
0-0,32,32,0,4
0-0,32,33,0,4
0-0,32,34,0,4
0-0,32,35,0,4
0-0,32,36,0,4
0-0,34,25,0,4
0-0,34,26,0,4
0-0,34,27,0,4
0-0,34,28,0,4
0-0,34,29,0,4
0-0,34,30,0,4
0-0,34,31,0,4
0-0,34,32,0,4
0-0,34,33,0,4
0-0,34,34,0,4
0-0,34,35,0,4
0-0,34,36,0,4
0-0,36,25,0,4
0-0,36,26,0,4
0-0,36,27,0,4
0-0,36,28,0,4
0-0,36,29,0,4
0-0,36,30,0,4
0-0,36,31,0,4
0-0,36,32,0,4
0-0,36,33,0,4
0-0,36,34,0,4
0-0,36,35,0,4
0-0,36,36,0,4
0-0,8,3,0,4
0-0,8,5,0,4
0-1,7,3,0,4
0-1,7,4,0,4
0-1,7,5,0,4
0-1,7,6,0,4
0-1,7,7,0,4
0-1,7,8,0,4
0-1,7,9,0,4
0-1,7,10,0,4
0-1,7,11,0,4
0-1,7,12,0,4
0-1,7,13,0,4
0-1,7,14,0,4
0-1,7,15,0,4
0-1,7,16,0,4
0-1,7,17,0,4
0-1,7,18,0,4
0-1,7,19,0,4
0-1,7,20,0,4
0-1,7,21,0,4
0-1,7,22,0,4
0-1,7,23,0,4
0-1,7,24,0,4
0-1,7,25,0,4
0-1,7,26,0,4
0-1,7,27,0,4
0-1,7,28,0,4
0-1,7,29,0,4
0-1,7,30,0,4
0-1,7,31,0,4
0-1,7,32,0,4
0-1,7,33,0,4
0-1,7,34,0,4
0-1,7,35,0,4
0-1,7,36,0,4
0-1,5,4,0,4
0-1,5,5,0,4
0-1,5,6,0,4
0-1,5,7,0,4
0-1,5,8,0,4
0-1,5,9,0,4
0-1,5,10,0,4
0-1,5,11,0,4
0-1,5,12,0,4
0-1,5,13,0,4
0-1,5,14,0,4
0-1,5,15,0,4
0-1,5,16,0,4
0-1,5,17,0,4
0-1,5,18,0,4
0-1,5,19,0,4
0-1,5,20,0,4
0-1,5,21,0,4
0-1,5,22,0,4
0-1,5,23,0,4
0-1,5,24,0,4
0-1,5,25,0,4
0-1,5,26,0,4
0-1,5,27,0,4
0-1,5,28,0,4
0-1,5,29,0,4
0-1,5,30,0,4
0-1,5,31,0,4
0-1,5,32,0,4
0-1,5,33,0,4
0-1,5,34,0,4
0-1,5,35,0,4
0-1,5,36,0,4
0-1,5,3,0,4
0-0,6,3,0,4
0-0,6,4,0,4
0-0,6,5,0,4
0-0,6,6,0,4
0-0,6,7,0,4
0-0,6,8,0,4
0-0,6,9,0,4
0-0,6,10,0,4
0-0,6,11,0,4
0-0,6,12,0,4
0-0,6,13,0,4
0-0,6,14,0,4
0-0,6,15,0,4
0-0,6,16,0,4
0-0,6,17,0,4
0-0,6,18,0,4
0-0,6,19,0,4
0-0,6,20,0,4
0-0,6,21,0,4
0-0,6,22,0,4
0-0,6,23,0,4
0-0,6,24,0,4
0-0,6,25,0,4
0-0,6,26,0,4
0-0,6,27,0,4
0-0,6,28,0,4
0-0,6,29,0,4
0-0,6,30,0,4
0-0,6,31,0,4
0-0,6,32,0,4
0-0,6,33,0,4
0-0,6,34,0,4
0-0,6,35,0,4
0-0,6,36,0,4
0-0,38,24,0,4
0-0,38,23,0,4
0-0,38,25,0,4
0-0,38,26,0,4
0-0,38,27,0,4
0-0,38,28,0,4
0-0,38,29,0,4
0-0,38,30,0,4
0-0,38,31,0,4
0-0,38,32,0,4
0-0,38,33,0,4
0-0,38,34,0,4
0-0,38,35,0,4
0-0,38,36,0,4
0-0,40,25,0,4
0-0,40,26,0,4
0-0,40,27,0,4
0-0,40,28,0,4
0-0,40,29,0,4
0-0,40,30,0,4
0-0,40,31,0,4
0-0,40,32,0,4
0-0,40,33,0,4
0-0,40,34,0,4
0-0,40,35,0,4
0-0,40,36,0,4
0-0,42,25,0,4
0-0,42,26,0,4
0-0,42,27,0,4
0-0,42,28,0,4
0-0,42,29,0,4
0-0,42,30,0,4
0-0,42,31,0,4
0-0,42,32,0,4
0-0,42,33,0,4
0-0,42,34,0,4
0-0,42,35,0,4
0-0,42,36,0,4
0-0,44,25,0,4
0-0,44,26,0,4
0-0,44,27,0,4
0-0,44,28,0,4
0-0,44,29,0,4
0-0,44,30,0,4
0-0,44,31,0,4
0-0,44,32,0,4
0-0,44,33,0,4
0-0,44,34,0,4
0-0,44,35,0,4
0-0,44,36,0,4
0-1,39,25,0,4
0-1,39,26,0,4
0-1,39,27,0,4
0-1,39,28,0,4
0-1,39,29,0,4
0-1,39,30,0,4
0-1,39,31,0,4
0-1,39,32,0,4
0-1,39,33,0,4
0-1,39,34,0,4
0-1,39,35,0,4
0-1,39,36,0,4
0-1,41,25,0,4
0-1,41,26,0,4
0-1,41,27,0,4
0-1,41,28,0,4
0-1,41,29,0,4
0-1,41,30,0,4
0-1,41,31,0,4
0-1,41,32,0,4
0-1,41,33,0,4
0-1,41,34,0,4
0-1,41,35,0,4
0-1,41,36,0,4
0-1,43,25,0,4
0-1,43,26,0,4
0-1,43,27,0,4
0-1,43,28,0,4
0-1,43,29,0,4
0-1,43,30,0,4
0-1,43,31,0,4
0-1,43,32,0,4
0-1,43,33,0,4
0-1,43,34,0,4
0-1,43,35,0,4
0-1,43,36,0,4
