4,101,38,6,1
4,101,39,6,1
4,101,30,6,1
4,101,31,6,1
4,101,32,6,1
4,101,33,6,1
4,101,34,6,1
4,101,35,6,1
4,101,36,6,1
4,101,37,4,1
5,89,34,4,1
5,90,34,4,1
5,91,34,4,1
5,92,34,4,1
5,93,34,4,1
5,94,34,4,1
5,95,34,4,1
5,95,37,4,1
5,96,37,4,1
5,97,37,4,1
5,98,37,4,1
5,99,37,4,1
5,100,37,4,1
5,92,37,4,1
5,91,37,4,1
5,90,37,4,1
5,89,37,4,1
5,88,37,4,1
5,87,37,4,1
2,86,30,6,1
2,86,31,6,1
2,86,32,6,1
2,86,33,6,1
2,86,34,6,1
2,86,35,6,1
2,86,36,6,1
2,86,37,4,1
1,87,40,4,1
1,88,40,4,1
1,89,40,4,1
1,90,40,4,1
1,91,40,4,1
1,92,40,4,1
1,93,40,4,1
1,94,40,4,1
1,95,40,4,1
2,86,39,6,1
2,86,38,6,1
4,101,40,6,1
4,101,41,6,1
4,101,42,6,1
4,101,43,6,1
4,101,44,6,1
4,101,45,6,1
0,86,41,6,1
0,86,42,6,1
0,86,43,6,1
0,86,44,6,1
0,86,45,6,1
0,86,40,4,1
0-0,95,29,0,1
0-0,95,30,0,1
0-0,95,31,0,1
0-0,95,32,0,1
0-0,95,33,0,1
0-0,97,29,0,1
0-0,97,30,0,1
0-0,97,31,0,1
0-0,97,32,0,1
0-0,97,33,0,1
0-0,97,34,0,1
0-0,97,35,0,1
0-0,97,36,0,1
0-0,99,29,0,1
0-0,99,30,0,1
0-0,99,31,0,1
0-0,99,32,0,1
0-0,99,33,0,1
0-0,99,34,0,1
0-0,99,35,0,1
0-0,99,36,0,1
0-0,103,29,0,1
0-0,103,30,0,1
0-0,103,31,0,1
0-0,103,32,0,1
0-0,103,33,0,1
0-0,103,34,0,1
0-0,103,35,0,1
0-0,103,36,0,1
0-0,103,37,0,1
0-0,103,38,0,1
0-0,103,39,0,1
0-0,103,40,0,1
0-0,103,41,0,1
0-0,103,42,0,1
0-0,103,43,0,1
0-0,103,44,0,1
0-0,103,45,0,1
0-0,93,29,0,1
0-0,93,30,0,1
0-0,93,31,0,1
0-0,93,32,0,1
0-0,93,33,0,1
0-0,91,29,0,1
0-0,91,30,0,1
0-0,91,31,0,1
0-0,91,32,0,1
0-0,91,33,0,1
0-0,89,29,0,1
0-0,89,30,0,1
0-0,89,31,0,1
0-0,89,32,0,1
0-0,89,33,0,1
0-0,87,29,0,1
0-0,87,30,0,1
0-0,87,31,0,1
0-0,87,32,0,1
0-0,87,34,0,1
0-0,87,35,0,1
0-0,87,36,0,1
0-2,89,35,0,1
0-2,90,35,0,1
0-2,91,35,0,1
0-2,92,35,0,1
0-2,93,35,0,1
0-2,94,35,0,1
0-2,95,35,0,1
0-2,87,38,0,1
0-2,88,38,0,1
0-2,89,38,0,1
0-2,90,38,0,1
0-2,91,38,0,1
0-2,92,38,0,1
0-2,95,38,0,1
0-2,96,38,0,1
0-2,97,38,0,1
0-2,98,38,0,1
0-2,99,38,0,1
0-2,100,38,0,1
0-2,87,41,0,1
0-2,88,41,0,1
0-2,89,41,0,1
0-2,90,41,0,1
0-2,91,41,0,1
0-2,92,41,0,1
0-2,93,41,0,1
0-2,94,41,0,1
0-2,95,41,0,1
0-2,96,41,0,1
0-0,87,33,0,1
0-0,89,36,0,1
0-0,91,36,0,1
0-0,93,36,0,1
0-0,95,36,0,1
0-0,95,39,0,1
0-0,93,37,0,1
0-0,93,38,0,1
0-0,93,39,0,1
0-0,91,39,0,1
0-0,89,39,0,1
0-0,87,39,0,1
0-0,87,42,0,1
0-0,87,43,0,1
0-0,87,44,0,1
0-0,87,45,0,1
0-0,89,42,0,1
0-0,89,43,0,1
0-0,89,44,0,1
0-0,89,45,0,1
0-0,91,42,0,1
0-0,91,43,0,1
0-0,91,44,0,1
0-0,91,45,0,1
0-0,93,42,0,1
0-0,93,43,0,1
0-0,93,44,0,1
0-0,93,45,0,1
0-0,95,42,0,1
0-0,95,43,0,1
0-0,95,44,0,1
0-0,95,45,0,1
0-0,97,42,0,1
0-0,97,43,0,1
0-0,97,44,0,1
0-0,97,45,0,1
0-0,99,39,0,1
0-0,99,40,0,1
0-0,99,41,0,1
0-0,99,42,0,1
0-0,99,43,0,1
0-0,99,44,0,1
0-0,99,45,0,1
0-0,85,29,0,1
0-0,85,30,0,1
0-0,85,31,0,1
0-0,85,32,0,1
0-0,85,33,0,1
0-0,85,34,0,1
0-0,85,35,0,1
0-0,85,36,0,1
0-0,85,37,0,1
0-0,85,38,0,1
0-0,85,39,0,1
0-0,85,40,0,1
0-0,85,41,0,1
0-0,85,42,0,1
0-0,85,43,0,1
0-0,85,44,0,1
0-0,85,45,0,1
0-0,83,29,0,1
0-0,83,30,0,1
0-0,83,31,0,1
0-0,83,32,0,1
0-0,83,33,0,1
0-0,83,34,0,1
0-0,83,35,0,1
0-0,83,36,0,1
0-0,83,37,0,1
0-0,83,38,0,1
0-0,83,39,0,1
0-0,83,40,0,1
0-0,83,41,0,1
0-0,83,42,0,1
0-0,83,43,0,1
0-0,83,44,0,1
0-0,83,45,0,1
0-0,81,30,0,1
0-0,81,31,0,1
0-0,81,32,0,1
0-0,81,33,0,1
0-0,81,34,0,1
0-0,81,35,0,1
0-0,81,36,0,1
0-0,81,37,0,1
0-0,81,38,0,1
0-0,81,39,0,1
0-0,81,40,0,1
0-0,81,41,0,1
0-0,81,42,0,1
0-0,81,43,0,1
0-0,81,44,0,1
0-0,81,45,0,1
0-0,105,29,0,1
0-0,105,30,0,1
0-0,105,31,0,1
0-0,105,32,0,1
0-0,105,33,0,1
0-0,105,34,0,1
0-0,105,35,0,1
0-0,105,36,0,1
0-0,105,37,0,1
0-0,105,38,0,1
0-0,105,39,0,1
0-0,105,40,0,1
0-0,105,41,0,1
0-0,105,42,0,1
0-0,105,43,0,1
0-0,105,44,0,1
0-0,105,45,0,1
0-1,104,29,0,1
0-1,104,30,0,1
0-1,104,31,0,1
0-1,104,32,0,1
0-1,104,33,0,1
0-1,104,34,0,1
0-1,104,35,0,1
0-1,104,36,0,1
0-1,104,37,0,1
0-1,104,38,0,1
0-1,104,39,0,1
0-1,104,40,0,1
0-1,104,41,0,1
0-1,104,42,0,1
0-1,104,43,0,1
0-1,104,44,0,1
0-1,104,45,0,1
0-1,106,30,0,1
0-1,106,31,0,1
0-1,106,32,0,1
0-1,106,33,0,1
0-1,106,34,0,1
0-1,106,35,0,1
0-1,106,36,0,1
0-1,106,37,0,1
0-1,106,38,0,1
0-1,106,39,0,1
0-1,106,40,0,1
0-1,106,41,0,1
0-1,106,42,0,1
0-1,106,43,0,1
0-1,106,44,0,1
0-1,106,45,0,1
0-1,102,29,0,1
0-1,102,30,0,1
0-1,102,31,0,1
0-1,102,32,0,1
0-1,102,33,0,1
0-1,102,34,0,1
0-1,102,35,0,1
0-1,102,36,0,1
0-1,102,37,0,1
0-1,102,38,0,1
0-1,102,39,0,1
0-1,102,40,0,1
0-1,102,41,0,1
0-1,102,42,0,1
0-1,102,43,0,1
0-1,102,44,0,1
0-1,102,45,0,1
0-1,100,29,0,1
0-1,100,30,0,1
0-1,100,31,0,1
0-1,100,32,0,1
0-1,100,33,0,1
0-1,100,34,0,1
0-1,100,35,0,1
0-1,100,36,0,1
0-1,98,29,0,1
0-1,98,30,0,1
0-1,98,31,0,1
0-1,98,32,0,1
0-1,98,33,0,1
0-1,98,34,0,1
0-1,98,35,0,1
0-1,98,36,0,1
0-1,100,39,0,1
0-1,100,40,0,1
0-1,100,41,0,1
0-1,100,42,0,1
0-1,100,43,0,1
0-1,100,44,0,1
0-1,100,45,0,1
0-1,98,39,0,1
0-1,98,40,0,1
0-1,98,41,0,1
0-1,98,42,0,1
0-1,98,43,0,1
0-1,98,44,0,1
0-1,98,45,0,1
0-1,96,42,0,1
0-1,96,43,0,1
0-1,96,44,0,1
0-1,96,45,0,1
0-1,96,39,0,1
0-1,96,29,0,1
0-1,96,30,0,1
0-1,96,31,0,1
0-1,96,32,0,1
0-1,96,33,0,1
0-1,96,34,0,1
0-1,96,35,0,1
0-1,96,36,0,1
0-1,94,36,0,1
0-1,94,37,0,1
0-1,94,38,0,1
0-1,94,39,0,1
0-1,94,29,0,1
0-1,94,30,0,1
0-1,94,31,0,1
0-1,94,32,0,1
0-1,94,33,0,1
0-1,92,29,0,1
0-1,92,30,0,1
0-1,92,31,0,1
0-1,92,32,0,1
0-1,92,33,0,1
0-1,90,29,0,1
0-1,90,30,0,1
0-1,90,31,0,1
0-1,90,32,0,1
0-1,90,33,0,1
0-1,88,29,0,1
0-1,88,30,0,1
0-1,88,31,0,1
0-1,88,32,0,1
0-1,88,33,0,1
0-1,88,34,0,1
0-1,88,35,0,1
0-1,88,36,0,1
0-1,84,29,0,1
0-1,84,30,0,1
0-1,84,31,0,1
0-1,84,32,0,1
0-1,84,33,0,1
0-1,84,34,0,1
0-1,84,35,0,1
0-1,84,36,0,1
0-1,84,37,0,1
0-1,84,38,0,1
0-1,84,39,0,1
0-1,84,40,0,1
0-1,84,41,0,1
0-1,84,42,0,1
0-1,84,43,0,1
0-1,84,44,0,1
0-1,84,45,0,1
0-1,82,29,0,1
0-1,82,30,0,1
0-1,82,31,0,1
0-1,82,32,0,1
0-1,82,33,0,1
0-1,82,34,0,1
0-1,82,35,0,1
0-1,82,36,0,1
0-1,82,37,0,1
0-1,82,38,0,1
0-1,82,39,0,1
0-1,82,40,0,1
0-1,82,41,0,1
0-1,82,42,0,1
0-1,82,43,0,1
0-1,82,44,0,1
0-1,82,45,0,1
0-1,90,36,0,1
0-1,92,36,0,1
0-1,92,39,0,1
0-1,90,39,0,1
0-1,88,39,0,1
0-1,88,42,0,1
0-1,88,43,0,1
0-1,88,44,0,1
0-1,88,45,0,1
0-1,90,42,0,1
0-1,90,43,0,1
0-1,90,44,0,1
0-1,90,45,0,1
0-1,92,42,0,1
0-1,92,43,0,1
0-1,92,44,0,1
0-1,92,45,0,1
0-1,94,42,0,1
0-1,94,43,0,1
0-1,94,44,0,1
0-1,94,45,0,1
5,96,40,4,1
0-0,97,39,0,1
0-0,97,40,0,1
0-0,97,41,0,1
0-1,80,29,0,1
0-1,80,30,0,1
0-1,80,31,0,1
0-1,80,32,0,1
0-1,80,33,0,1
0-1,80,34,0,1
0-1,80,35,0,1
0-1,80,36,0,1
0-1,80,37,0,1
0-1,80,38,0,1
0-1,80,39,0,1
0-1,80,40,0,1
0-1,80,41,0,1
0-1,80,42,0,1
0-1,80,43,0,1
0-1,80,44,0,1
0-1,80,45,0,1
0-0,81,29,0,1
0-0,79,29,0,1
0-0,79,30,0,1
0-0,79,31,0,1
0-0,79,32,0,1
0-0,79,33,0,1
0-0,79,34,0,1
0-0,79,35,0,1
0-0,79,36,0,1
0-0,79,37,0,1
0-0,79,38,0,1
0-0,79,39,0,1
0-0,79,40,0,1
0-0,79,41,0,1
0-0,79,42,0,1
0-0,79,43,0,1
0-0,79,44,0,1
0-0,79,45,0,1
0-1,78,29,0,1
0-1,78,30,0,1
0-1,78,31,0,1
0-1,78,32,0,1
0-1,78,33,0,1
0-1,78,34,0,1
0-1,78,35,0,1
0-1,78,36,0,1
0-1,78,37,0,1
0-1,78,38,0,1
0-1,78,39,0,1
0-1,78,40,0,1
0-1,78,41,0,1
0-1,78,42,0,1
0-1,78,43,0,1
0-1,78,44,0,1
0-1,78,45,0,1
0-1,106,29,0,1
0-0,107,29,0,1
0-0,107,30,0,1
0-0,107,31,0,1
0-0,107,32,0,1
0-0,107,33,0,1
0-0,107,34,0,1
0-0,107,35,0,1
0-0,107,36,0,1
0-0,107,37,0,1
0-0,107,38,0,1
0-0,107,39,0,1
0-0,107,40,0,1
0-0,107,41,0,1
0-0,107,42,0,1
0-0,107,43,0,1
0-0,107,44,0,1
0-0,107,45,0,1
0-0,109,29,0,1
0-0,109,30,0,1
0-0,109,31,0,1
0-0,109,32,0,1
0-0,109,33,0,1
0-0,109,34,0,1
0-0,109,35,0,1
0-0,109,36,0,1
0-0,109,37,0,1
0-0,109,38,0,1
0-0,109,39,0,1
0-0,109,40,0,1
0-0,109,41,0,1
0-0,109,42,0,1
0-0,109,43,0,1
0-0,109,44,0,1
0-0,109,45,0,1
0-0,111,29,0,1
0-0,111,30,0,1
0-0,111,31,0,1
0-0,111,32,0,1
0-0,111,33,0,1
0-0,111,34,0,1
0-0,111,35,0,1
0-0,111,36,0,1
0-0,111,37,0,1
0-0,111,38,0,1
0-0,111,39,0,1
0-0,111,40,0,1
0-0,111,41,0,1
0-0,111,42,0,1
0-0,111,43,0,1
0-0,111,44,0,1
0-0,111,45,0,1
0-0,113,29,0,1
0-0,113,30,0,1
0-0,113,31,0,1
0-0,113,32,0,1
0-0,113,33,0,1
0-0,113,34,0,1
0-0,113,35,0,1
0-0,113,36,0,1
0-0,113,37,0,1
0-0,113,38,0,1
0-0,113,39,0,1
0-0,113,40,0,1
0-0,113,41,0,1
0-0,113,42,0,1
0-0,113,43,0,1
0-0,113,44,0,1
0-0,113,45,0,1
0-1,114,29,0,1
0-1,114,30,0,1
0-1,114,31,0,1
0-1,114,32,0,1
0-1,114,33,0,1
0-1,114,34,0,1
0-1,114,35,0,1
0-1,114,36,0,1
0-1,114,37,0,1
0-1,114,38,0,1
0-1,114,39,0,1
0-1,114,40,0,1
0-1,114,41,0,1
0-1,114,42,0,1
0-1,114,43,0,1
0-1,114,44,0,1
0-1,114,45,0,1
0-1,112,29,0,1
0-1,112,30,0,1
0-1,112,31,0,1
0-1,112,32,0,1
0-1,112,33,0,1
0-1,112,34,0,1
0-1,112,35,0,1
0-1,112,36,0,1
0-1,112,37,0,1
0-1,112,38,0,1
0-1,112,39,0,1
0-1,112,40,0,1
0-1,112,41,0,1
0-1,112,42,0,1
0-1,112,43,0,1
0-1,112,44,0,1
0-1,112,45,0,1
0-1,110,29,0,1
0-1,110,30,0,1
0-1,110,31,0,1
0-1,110,32,0,1
0-1,110,33,0,1
0-1,110,34,0,1
0-1,110,35,0,1
0-1,110,36,0,1
0-1,110,37,0,1
0-1,110,38,0,1
0-1,110,39,0,1
0-1,110,40,0,1
0-1,110,41,0,1
0-1,110,42,0,1
0-1,110,43,0,1
0-1,110,44,0,1
0-1,110,45,0,1
0-1,108,29,0,1
0-1,108,30,0,1
0-1,108,31,0,1
0-1,108,32,0,1
0-1,108,33,0,1
0-1,108,34,0,1
0-1,108,35,0,1
0-1,108,36,0,1
0-1,108,37,0,1
0-1,108,38,0,1
0-1,108,39,0,1
0-1,108,40,0,1
0-1,108,41,0,1
0-1,108,42,0,1
0-1,108,43,0,1
0-1,108,44,0,1
0-1,108,45,0,1
0,86,29,6,1
0,101,29,6,1
