0,198,88,12,1
0,198,89,12,1
0,198,90,12,1
0,198,91,12,1
0,198,92,12,1
2,198,83,12,1
2,198,84,12,1
2,198,85,12,1
2,198,86,12,1
2,198,87,12,1
1,199,88,2,1
1,200,88,2,1
1,201,88,2,1
1,203,88,2,1
1,204,88,2,1
1,205,88,2,1
1,202,88,3,1
0,202,89,10,1
0,202,90,10,1
0,202,91,10,1
0,202,92,10,1
0,200,89,7,1
0,200,90,7,1
0,200,91,7,1
0,200,92,7,1
0,201,89,7,1
0,201,90,7,1
0,201,91,7,1
0,201,92,7,1
0,199,89,12,1
0,199,90,12,1
0,199,91,12,1
0,199,92,12,1
0,203,89,12,1
0,203,90,12,1
0,203,91,12,1
0,203,92,12,1
0,204,89,12,1
0,204,90,12,1
0,204,91,12,1
0,204,92,12,1
0,205,89,12,1
0,205,90,12,1
0,205,91,12,1
0,205,92,12,1
0,206,89,12,1
0,206,90,12,1
0,206,91,12,1
0,206,92,12,1
0,207,89,12,1
0,207,90,12,1
0,207,91,12,1
0,207,92,12,1
0,208,89,12,1
0,208,90,12,1
0,208,91,12,1
0,208,92,12,1
0,209,89,12,1
0,209,90,12,1
0,209,91,12,1
0,209,92,12,1
0,206,87,12,1
0,206,88,12,1
0,207,87,12,1
0,207,88,12,1
0,208,87,12,1
0,208,88,12,1
0,209,87,12,1
0,209,88,12,1
1,207,86,2,1
1,208,86,2,1
1,209,86,2,1
5,206,86,2,1
1,210,86,3,1
1,212,86,3,1
1,211,86,2,1
1,213,86,2,1
1,214,86,2,1
1,215,86,2,1
4,216,85,12,1
0,213,87,12,1
0,213,88,12,1
0,213,89,12,1
0,213,90,12,1
0,213,91,12,1
0,213,92,12,1
0,214,87,12,1
0,214,88,12,1
0,214,89,12,1
0,214,90,12,1
0,214,91,12,1
0,214,92,12,1
0,215,87,12,1
0,215,88,12,1
0,215,89,12,1
0,215,90,12,1
0,215,91,12,1
0,215,92,12,1
0,216,86,12,1
0,216,87,12,1
0,216,88,12,1
0,216,89,12,1
0,216,90,12,1
0,216,91,12,1
0,216,92,12,1
0,212,87,10,1
0,212,88,10,1
0,212,89,10,1
0,212,90,10,1
0,212,91,10,1
0,212,92,10,1
0,210,87,10,1
0,210,88,10,1
0,210,89,10,1
0,210,90,10,1
0,210,91,10,1
0,210,92,10,1
0,211,87,12,1
0,211,88,12,1
0,211,89,12,1
0,211,90,12,1
0,211,91,12,1
0,211,92,12,1
0,217,85,10,1
0,217,86,10,1
0,217,87,10,1
0,217,88,10,1
0,217,89,10,1
0,217,90,10,1
0,217,91,10,1
0,217,92,10,1
5,216,84,2,1
1,218,84,2,1
1,219,84,2,1
1,217,84,3,1
0,220,85,10,1
0,220,86,10,1
0,220,87,10,1
0,220,88,10,1
0,220,89,10,1
0,220,90,10,1
0,220,91,10,1
0,220,92,10,1
0,218,85,7,1
0,218,86,7,1
0,218,87,7,1
0,218,88,7,1
0,218,89,7,1
0,218,90,7,1
0,218,91,7,1
0,218,92,7,1
0,219,85,7,1
0,219,86,7,1
0,219,87,7,1
0,219,88,7,1
0,219,89,7,1
0,219,90,7,1
0,219,91,7,1
0,219,92,7,1
1,220,84,3,1
1,221,84,2,1
1,223,84,2,1
1,225,84,2,1
1,226,84,2,1
1,227,84,2,1
0,221,85,12,1
0,221,86,12,1
0,221,87,12,1
0,221,88,12,1
0,221,89,12,1
0,221,90,12,1
0,221,91,12,1
0,221,92,12,1
0,223,85,12,1
0,223,86,12,1
0,223,87,12,1
0,223,88,12,1
0,223,89,12,1
0,223,90,12,1
0,223,91,12,1
0,223,92,12,1
0,225,85,12,1
0,225,86,12,1
0,225,87,12,1
0,225,88,12,1
0,225,89,12,1
0,225,90,12,1
0,225,91,12,1
0,225,92,12,1
0,226,85,12,1
0,226,86,12,1
0,226,87,12,1
0,226,88,12,1
0,226,89,12,1
0,226,90,12,1
0,226,91,12,1
0,226,92,12,1
0,227,85,12,1
0,227,86,12,1
0,227,87,12,1
0,227,88,12,1
0,227,89,12,1
0,227,90,12,1
0,227,91,12,1
0,227,92,12,1
0,222,85,10,1
0,222,86,10,1
0,222,87,10,1
0,222,88,10,1
0,222,89,10,1
0,222,90,10,1
0,222,91,10,1
0,222,92,10,1
0,224,85,10,1
0,224,86,10,1
0,224,87,10,1
0,224,88,10,1
0,224,89,10,1
0,224,90,10,1
0,224,91,10,1
0,224,92,10,1
1,222,84,3,1
1,224,84,3,1
0,228,84,10,1
0,228,85,10,1
0,228,86,10,1
0,228,87,10,1
0,228,88,10,1
0,228,89,10,1
0,228,90,10,1
0,228,91,10,1
0,228,92,10,1
4,228,83,10,1
4,228,82,10,1
5,228,80,5,1
5,198,82,2,1
water,198,80,48,1
water,198,81,48,1
water,199,80,48,1
water,199,81,48,1
water,199,82,48,1
water,199,83,48,1
water,199,84,48,1
water,199,85,48,1
water,199,86,48,1
water,199,87,48,1
water,200,80,48,1
water,200,81,48,1
water,200,82,48,1
water,200,83,48,1
water,200,84,48,1
water,200,85,48,1
water,200,86,48,1
water,200,87,48,1
water,201,80,48,1
water,201,81,48,1
water,201,82,48,1
water,201,83,48,1
water,201,84,48,1
water,201,85,48,1
water,201,86,48,1
water,201,87,48,1
water,202,81,48,1
water,202,82,48,1
water,202,83,48,1
water,202,84,48,1
water,202,85,48,1
water,202,86,48,1
water,202,87,48,1
water,203,81,48,1
water,203,82,48,1
water,203,83,48,1
water,203,84,48,1
water,203,85,48,1
water,203,86,48,1
water,203,87,48,1
water,204,81,48,1
water,204,82,48,1
water,204,83,48,1
water,204,84,48,1
water,204,85,48,1
water,204,86,48,1
water,204,87,48,1
water,205,81,48,1
water,205,82,48,1
water,205,83,48,1
water,205,84,48,1
water,205,85,48,1
water,205,86,48,1
water,205,87,48,1
water,206,81,48,1
water,206,82,48,1
water,206,83,48,1
water,206,84,48,1
water,206,85,48,1
water,207,81,48,1
water,207,82,48,1
water,207,83,48,1
water,207,84,48,1
water,207,85,48,1
water,208,81,48,1
water,208,82,48,1
water,208,83,48,1
water,208,84,48,1
water,208,85,48,1
water,209,81,48,1
water,209,82,48,1
water,209,83,48,1
water,209,84,48,1
water,209,85,48,1
water,210,83,48,1
water,210,84,48,1
water,210,85,48,1
water,211,83,48,1
water,211,84,48,1
water,211,85,48,1
water,212,83,48,1
water,212,84,48,1
water,212,85,48,1
water,213,83,48,1
water,213,84,48,1
water,213,85,48,1
water,214,84,48,1
water,214,85,48,1
water,215,84,48,1
water,215,85,48,1
death,197,78,14,1
death,198,78,14,1
death,199,78,14,1
death,200,78,14,1
death,201,78,14,1
death,205,80,14,1
death,206,80,14,1
death,207,80,14,1
death,208,80,14,1
death,209,80,14,1
death,214,80,14,1
death,215,80,14,1
death,216,80,14,1
death,217,80,14,1
death,218,80,14,1
death,219,80,14,1
0,205,76,12,1
0,205,77,12,1
0,206,76,12,1
0,206,77,12,1
0,207,76,12,1
0,207,77,12,1
0,208,76,12,1
0,208,77,12,1
0,209,76,12,1
0,209,77,12,1
0,205,78,12,1
0,205,79,12,1
0,206,78,12,1
0,206,79,12,1
0,207,78,12,1
0,207,79,12,1
0,208,78,12,1
0,208,79,12,1
0,209,78,12,1
0,209,79,12,1
0,214,76,12,1
0,214,77,12,1
0,214,78,12,1
0,214,79,12,1
0,215,76,12,1
0,215,77,12,1
0,215,78,12,1
0,215,79,12,1
0,216,76,12,1
0,216,77,12,1
0,216,78,12,1
0,216,79,12,1
0,219,79,12,1
0,219,76,7,1
0,219,77,7,1
0,219,78,7,1
0,210,76,10,1
0,210,77,10,1
0,210,78,10,1
0,210,79,10,1
3,210,80,13,1
water-5,210,81,0,1
water-6,210,82,0,1
3,212,80,13,1
0,212,76,10,1
0,212,77,10,1
0,212,78,10,1
0,212,79,10,1
water-5,212,81,0,1
water-6,212,82,0,1
death,211,80,14,1
death,213,80,14,1
0,211,76,12,1
0,211,77,12,1
0,211,78,12,1
0,211,79,12,1
0,213,76,12,1
0,213,77,12,1
0,213,78,12,1
0,213,79,12,1
0,217,76,10,1
0,217,77,10,1
0,217,78,10,1
0,217,79,11,1
0,218,76,7,1
0,218,77,7,1
0,218,78,7,1
0,218,79,12,1
0,220,76,10,1
0,220,77,10,1
0,220,78,10,1
0,220,79,10,1
3,220,80,13,1
death,221,80,14,1
0,221,76,12,1
0,221,77,12,1
0,221,78,12,1
0,221,79,12,1
0,222,76,10,1
0,222,77,10,1
0,222,78,10,1
0,222,79,10,1
3,222,80,13,1
death,223,80,14,1
0,223,76,12,1
0,223,77,12,1
0,223,78,12,1
0,223,79,12,1
0,224,76,10,1
0,224,77,10,1
0,224,78,10,1
0,224,79,10,1
0,224,80,10,1
2,225,76,12,1
2,225,77,12,1
2,225,78,12,1
2,225,79,12,1
2,225,80,12,1
5,224,81,11,1
5,225,81,12,1
water,213,81,48,1
water,213,82,48,1
water,211,81,48,1
water,211,82,48,1
water,197,79,48,1
water,198,79,48,1
water,199,79,48,1
water,200,79,48,1
water,201,79,48,1
0,201,76,7,1
0,201,77,12,1
0,199,76,12,1
0,199,77,12,1
0,200,76,12,1
0,200,77,12,1
0,198,76,10,1
0,198,77,11,1
0,202,76,10,1
0,202,77,10,1
3,202,78,13,1
water-5,202,79,0,1
water-6,202,80,0,1
death,203,78,14,1
0,203,76,12,1
0,203,77,12,1
0,204,76,12,1
0,204,77,12,1
0,204,78,12,1
death,204,80,14,1
4,204,79,12,1
water,203,79,48,1
water,203,80,48,1
1,231,83,4,1
1,232,83,4,1
1,233,83,4,1
1,234,83,4,1
1,235,83,4,1
1,236,83,4,1
1,237,83,4,1
1,241,83,4,1
1,242,83,4,1
1,243,83,4,1
1,244,83,4,1
1,245,83,4,1
1,249,84,4,1
1,250,84,4,1
1,251,84,4,1
1,254,83,4,1
1,255,83,4,1
1,256,83,4,1
1,257,83,4,1
1,258,83,4,1
1,262,81,4,1
1,261,81,4,1
1,263,81,4,1
1,264,81,4,1
1,265,81,4,1
1,268,80,4,1
1,269,80,4,1
5,271,80,5,1
2,271,81,10,1
2,271,82,10,1
2,271,83,10,1
2,271,84,11,1
0,270,81,12,1
0,270,82,12,1
0,270,83,12,1
0,270,84,12,1
1,272,84,2,1
1,274,84,2,1
1,275,84,2,1
1,276,84,2,1
0,276,85,12,1
0,276,86,12,1
0,276,87,12,1
0,276,88,12,1
0,276,89,12,1
0,276,90,12,1
0,276,91,12,1
0,276,92,12,1
0,276,93,12,1
0,277,85,10,1
0,277,86,10,1
0,277,87,10,1
0,277,88,10,1
0,277,89,10,1
0,277,90,10,1
0,277,91,10,1
0,277,92,10,1
0,277,93,10,1
1,277,84,3,1
3,277,79,25,1
3,276,79,25,1
5,275,79,24,1
4,275,78,20,1
4,275,77,20,1
4,275,76,20,1
0,276,76,26,1
0,277,76,26,1
0,276,77,17,1
0,276,78,21,1
0,277,77,18,1
0,277,78,22,1
0,278,78,7,1
0,279,78,7,1
0,280,78,7,1
0,281,78,7,1
0,282,78,7,1
0,283,78,7,1
0,284,78,7,1
0,285,78,7,1
0,286,78,7,1
0,287,78,7,1
0,288,78,7,1
0,289,78,7,1
0,278,84,2,1
0,279,84,2,1
0,280,84,2,1
0,281,84,2,1
0,282,84,2,1
0,283,84,2,1
0,284,84,2,1
0,285,84,2,1
0,286,84,2,1
0,287,84,2,1
0,288,84,2,1
0,289,84,2,1
0,278,85,7,1
0,279,85,7,1
0,280,85,7,1
0,281,85,7,1
0,282,85,7,1
0,283,85,7,1
0,284,85,7,1
0,285,85,7,1
0,286,85,7,1
0,287,85,7,1
0,288,85,7,1
0,289,85,7,1
0,278,79,12,1
0,279,79,12,1
0,280,79,12,1
0,281,79,12,1
0,282,79,12,1
0,283,79,12,1
0,284,79,12,1
0,285,79,12,1
0,286,79,12,1
0,287,79,12,1
0,288,79,12,1
0,289,79,12,1
0,290,79,12,1
0,291,79,12,1
0,292,79,12,1
0,293,79,12,1
water-3,272,80,0,1
water-3,273,80,0,1
water-3,274,80,0,1
water-3,275,80,0,1
water-3,276,80,0,1
water-3,277,80,0,1
water-4,272,81,0,1
water-4,273,81,0,1
water-4,274,81,0,1
water-4,275,81,0,1
water-4,276,81,0,1
water-4,277,81,0,1
0,290,73,1,1
0,290,74,1,1
0,290,75,1,1
0,290,76,1,1
0,290,77,1,1
0,291,73,1,1
0,291,74,1,1
0,291,75,1,1
0,291,76,1,1
0,291,77,1,1
0,292,73,1,1
0,292,74,1,1
0,292,75,1,1
0,292,76,1,1
0,292,77,1,1
0,293,73,1,1
0,293,74,1,1
0,293,75,1,1
0,293,76,1,1
0,293,77,1,1
0,290,86,1,1
0,290,87,1,1
0,290,89,1,1
0,290,90,1,1
0,290,91,1,1
0,290,92,1,1
0,290,93,1,1
0,291,86,1,1
0,291,87,1,1
0,291,89,1,1
0,291,90,1,1
0,291,91,1,1
0,291,92,1,1
0,291,93,1,1
0-0,226,76,0,1
0-0,226,77,0,1
0-0,226,78,0,1
0-0,226,79,0,1
0-1,227,76,0,1
0-1,227,77,0,1
0-1,227,78,0,1
0-1,227,79,0,1
0-1,229,76,0,1
0-1,229,77,0,1
0-1,229,78,0,1
0-1,229,79,0,1
0-1,229,80,0,1
0-1,229,81,0,1
0-1,229,82,0,1
0-1,229,83,0,1
0-1,229,84,0,1
0-1,229,85,0,1
0-1,229,86,0,1
0-1,229,87,0,1
0-1,229,88,0,1
0-1,229,89,0,1
0-1,229,90,0,1
0-1,229,91,0,1
0-1,229,92,0,1
0-0,228,76,0,1
0-0,228,77,0,1
0-0,228,78,0,1
0-0,228,79,0,1
0-0,230,76,0,1
0-0,230,77,0,1
0-0,230,78,0,1
0-0,230,79,0,1
0-0,230,80,0,1
0-0,230,81,0,1
0-0,230,82,0,1
0-0,230,83,0,1
0-0,230,84,0,1
0-0,230,85,0,1
0-0,230,86,0,1
0-0,230,87,0,1
0-0,230,88,0,1
0-0,230,89,0,1
0-0,230,90,0,1
0-0,230,91,0,1
0-0,230,92,0,1
water-4,226,81,0,1
water-4,227,81,0,1
water-3,226,80,0,1
water-3,227,80,0,1
0,228,81,10,1
water,278,81,8,1
water,278,82,8,1
water,278,83,8,1
water,279,81,8,1
water,279,82,8,1
water,279,83,8,1
water,280,81,8,1
water,280,82,8,1
water,280,83,8,1
water,281,81,8,1
water,281,82,8,1
water,281,83,8,1
water,282,81,8,1
water,282,82,8,1
water,282,83,8,1
water,283,81,8,1
water,283,82,8,1
water,283,83,8,1
water,284,81,8,1
water,284,82,8,1
water,284,83,8,1
water,285,81,8,1
water,285,82,8,1
water,285,83,8,1
water,286,81,8,1
water,286,82,8,1
water,286,83,8,1
water,287,81,8,1
water,287,82,8,1
water,287,83,8,1
water,288,81,8,1
water,288,82,8,1
water,288,83,8,1
water,289,81,8,1
water,289,82,8,1
water,289,83,8,1
water,278,80,9,1
water,279,80,9,1
water,280,80,9,1
water,281,80,9,1
water,282,80,9,1
water,283,80,9,1
water,284,80,9,1
water,285,80,9,1
water,286,80,9,1
water,287,80,9,1
water,288,80,9,1
water,289,80,9,1
0-1,207,68,0,1
0-1,231,76,0,1
0-1,231,77,0,1
0-1,231,78,0,1
0-1,231,79,0,1
0-1,231,80,0,1
0-1,231,81,0,1
0-1,231,82,0,1
0-1,231,84,0,1
0-1,231,85,0,1
0-1,231,86,0,1
0-1,231,87,0,1
0-1,231,88,0,1
0-1,231,89,0,1
0-1,231,90,0,1
0-1,231,91,0,1
0-1,231,92,0,1
0-1,233,84,0,1
0-1,233,85,0,1
0-1,233,86,0,1
0-1,233,87,0,1
0-1,233,88,0,1
0-1,233,89,0,1
0-1,233,90,0,1
0-1,233,91,0,1
0-1,233,92,0,1
0-1,233,76,0,1
0-1,233,77,0,1
0-1,233,78,0,1
0-1,233,79,0,1
0-1,233,80,0,1
0-1,233,81,0,1
0-1,233,82,0,1
0-1,235,76,0,1
0-1,235,77,0,1
0-1,235,78,0,1
0-1,235,79,0,1
0-1,235,80,0,1
0-1,235,81,0,1
0-1,235,82,0,1
0-1,235,84,0,1
0-1,235,85,0,1
0-1,235,86,0,1
0-1,235,87,0,1
0-1,235,88,0,1
0-1,235,89,0,1
0-1,235,90,0,1
0-1,235,91,0,1
0-1,235,92,0,1
0-1,237,77,0,1
0-1,237,78,0,1
0-1,237,79,0,1
0-1,237,80,0,1
0-1,237,81,0,1
0-1,237,82,0,1
0-1,237,84,0,1
0-1,237,85,0,1
0-1,237,86,0,1
0-1,237,87,0,1
0-1,237,88,0,1
0-1,237,89,0,1
0-1,237,90,0,1
0-1,237,91,0,1
0-1,237,92,0,1
0-0,238,77,0,1
0-0,238,78,0,1
0-0,238,79,0,1
0-0,238,80,0,1
0-0,238,81,0,1
0-0,238,82,0,1
0-0,238,83,0,1
0-0,238,84,0,1
0-0,238,85,0,1
0-0,238,86,0,1
0-0,238,87,0,1
0-0,238,88,0,1
0-0,238,89,0,1
0-0,238,90,0,1
0-0,238,91,0,1
0-0,238,92,0,1
0-0,236,77,0,1
0-0,236,78,0,1
0-0,236,79,0,1
0-0,236,80,0,1
0-0,236,81,0,1
0-0,236,82,0,1
0-0,236,84,0,1
0-0,236,85,0,1
0-0,236,86,0,1
0-0,236,87,0,1
0-0,236,88,0,1
0-0,236,89,0,1
0-0,236,90,0,1
0-0,236,91,0,1
0-0,236,92,0,1
0-0,234,84,0,1
0-0,234,85,0,1
0-0,234,86,0,1
0-0,234,87,0,1
0-0,234,88,0,1
0-0,234,89,0,1
0-0,234,90,0,1
0-0,234,91,0,1
0-0,234,92,0,1
0-0,234,76,0,1
0-0,234,77,0,1
0-0,234,78,0,1
0-0,234,79,0,1
0-0,234,80,0,1
0-0,234,81,0,1
0-0,234,82,0,1
0-0,232,77,0,1
0-0,232,78,0,1
0-0,232,79,0,1
0-0,232,80,0,1
0-0,232,81,0,1
0-0,232,82,0,1
0-0,232,84,0,1
0-0,232,85,0,1
0-0,232,86,0,1
0-0,232,87,0,1
0-0,232,88,0,1
0-0,232,89,0,1
0-0,232,90,0,1
0-0,232,91,0,1
0-0,232,92,0,1
0-0,232,74,0,1
0-0,232,75,0,1
0-0,232,76,0,1
0-0,232,73,0,1
0-0,234,73,0,1
0-0,234,74,0,1
0-0,234,75,0,1
0-0,236,73,0,1
0-0,236,74,0,1
0-0,236,75,0,1
0-0,238,73,0,1
0-0,238,74,0,1
0-0,238,75,0,1
0-0,230,73,0,1
0-0,230,74,0,1
0-0,230,75,0,1
0-0,228,73,0,1
0-0,228,74,0,1
0-0,228,75,0,1
0-0,226,73,0,1
0-0,226,74,0,1
0-0,226,75,0,1
0-0,236,76,0,1
0-0,238,76,0,1
0-1,237,76,0,1
0-1,237,73,0,1
0-1,237,75,0,1
0-1,237,74,0,1
0-1,235,75,0,1
0-1,233,75,0,1
0-1,229,75,0,1
0-1,231,75,0,1
0-1,227,75,0,1
0-1,227,73,0,1
0-1,227,74,0,1
0-1,229,73,0,1
0-1,229,74,0,1
0-1,231,73,0,1
0-1,231,74,0,1
0-1,233,73,0,1
0-1,233,74,0,1
0-1,235,73,0,1
0-1,235,74,0,1
0-0,267,70,0,1
0-0,267,73,0,1
0-0,267,74,0,1
0-0,267,75,0,1
0-0,267,76,0,1
0-0,267,77,0,1
0-0,267,78,0,1
0-0,267,79,0,1
0-0,267,80,0,1
0-0,267,81,0,1
0-0,267,82,0,1
0-0,267,83,0,1
0-0,267,84,0,1
0-0,267,85,0,1
0-0,267,86,0,1
0-0,267,87,0,1
0-0,267,88,0,1
0-0,267,89,0,1
0-0,267,90,0,1
0-0,267,91,0,1
0-0,267,92,0,1
0-0,267,93,0,1
0-0,267,94,0,1
0-1,268,70,0,1
0-1,268,71,0,1
0-1,268,72,0,1
0-1,268,73,0,1
0-1,268,74,0,1
0-1,268,75,0,1
0-1,268,76,0,1
0-1,268,77,0,1
0-1,268,78,0,1
0-1,268,79,0,1
0-1,268,82,0,1
0-1,268,83,0,1
0-1,268,84,0,1
0-1,268,85,0,1
0-1,268,86,0,1
0-1,268,87,0,1
0-1,268,88,0,1
0-1,268,89,0,1
0-1,268,90,0,1
0-1,268,91,0,1
0-1,268,92,0,1
0-1,268,93,0,1
0-1,268,94,0,1
0-1,270,70,0,1
0-1,270,71,0,1
0-1,270,72,0,1
0-1,270,73,0,1
0-1,270,74,0,1
0-1,270,75,0,1
0-1,270,76,0,1
0-1,270,77,0,1
0-1,270,78,0,1
0-1,270,79,0,1
0-1,272,70,0,1
0-1,272,71,0,1
0-1,272,72,0,1
0-1,272,73,0,1
0-1,272,74,0,1
0-1,272,75,0,1
0-1,272,76,0,1
0-1,272,77,0,1
0-1,272,78,0,1
0-1,272,79,0,1
0-1,274,72,0,1
0-1,274,73,0,1
0-1,274,74,0,1
0-1,274,75,0,1
0-1,274,76,0,1
0-1,274,77,0,1
0-1,274,78,0,1
0-1,274,79,0,1
0-1,270,86,0,1
0-1,270,87,0,1
0-1,270,88,0,1
0-1,270,89,0,1
0-1,270,90,0,1
0-1,270,91,0,1
0-1,270,92,0,1
0-1,270,93,0,1
0-1,272,86,0,1
0-1,272,87,0,1
0-1,272,88,0,1
0-1,272,89,0,1
0-1,272,90,0,1
0-1,272,91,0,1
0-1,272,92,0,1
0-1,272,93,0,1
0-1,272,94,0,1
0-1,274,86,0,1
0-1,274,87,0,1
0-1,274,88,0,1
0-1,274,89,0,1
0-1,274,90,0,1
0-1,274,91,0,1
0-1,274,92,0,1
0-1,274,93,0,1
0-1,274,94,0,1
0-0,269,82,0,1
0-0,269,83,0,1
0-0,269,84,0,1
0-0,269,85,0,1
0-0,269,86,0,1
0-0,269,87,0,1
0-0,269,88,0,1
0-0,269,89,0,1
0-0,269,90,0,1
0-0,269,91,0,1
0-0,269,92,0,1
0-0,269,93,0,1
0-0,269,94,0,1
0-0,269,70,0,1
0-0,269,71,0,1
0-0,269,72,0,1
0-0,269,73,0,1
0-0,269,74,0,1
0-0,269,75,0,1
0-0,269,76,0,1
0-0,269,77,0,1
0-0,269,78,0,1
0-0,269,79,0,1
0-0,271,70,0,1
0-0,271,71,0,1
0-0,271,72,0,1
0-0,271,73,0,1
0-0,271,74,0,1
0-0,271,75,0,1
0-0,271,76,0,1
0-0,271,77,0,1
0-0,271,78,0,1
0-0,271,79,0,1
0-0,273,70,0,1
0-0,273,71,0,1
0-0,273,72,0,1
0-0,273,73,0,1
0-0,273,74,0,1
0-0,273,75,0,1
0-0,273,76,0,1
0-0,273,77,0,1
0-0,273,78,0,1
0-0,273,79,0,1
0-0,271,86,0,1
0-0,271,87,0,1
0-0,271,88,0,1
0-0,271,89,0,1
0-0,271,90,0,1
0-0,271,91,0,1
0-0,271,92,0,1
0-0,271,93,0,1
0-0,271,94,0,1
0-0,273,86,0,1
0-0,273,87,0,1
0-0,273,88,0,1
0-0,273,89,0,1
0-0,273,90,0,1
0-0,273,91,0,1
0-0,273,92,0,1
0-0,273,93,0,1
0-0,273,94,0,1
0-0,275,86,0,1
0-0,275,87,0,1
0-0,275,88,0,1
0-0,275,89,0,1
0-0,275,90,0,1
0-0,275,91,0,1
0-0,275,92,0,1
0-0,275,93,0,1
0-0,275,94,0,1
0-2,268,81,0,1
0-2,269,81,0,1
1,270,80,4,1
1,273,84,2,1
water,272,82,0,1
water,272,83,0,1
water,273,82,0,1
water,273,83,0,1
water,274,82,0,1
water,274,83,0,1
water,275,82,0,1
water,275,83,0,1
water,276,82,0,1
water,276,83,0,1
water,277,82,0,1
water,277,83,0,1
0-0,267,72,0,1
0-0,267,71,0,1
0-1,266,70,0,1
0-1,266,71,0,1
0-1,266,72,0,1
0-1,266,73,0,1
0-1,266,74,0,1
0-1,266,75,0,1
0-1,266,76,0,1
0-1,266,77,0,1
0-1,266,78,0,1
0-1,266,80,0,1
0-1,266,81,0,1
0-1,266,82,0,1
0-1,266,83,0,1
0-1,266,84,0,1
0-1,266,85,0,1
0-1,266,86,0,1
0-1,266,87,0,1
0-1,266,88,0,1
0-1,266,89,0,1
0-1,266,90,0,1
0-1,266,91,0,1
0-1,266,92,0,1
0-1,266,93,0,1
0-1,266,94,0,1
0-0,265,83,0,1
0-0,265,84,0,1
0-0,265,85,0,1
0-0,265,86,0,1
0-0,265,87,0,1
0-0,265,88,0,1
0-0,265,89,0,1
0-0,265,90,0,1
0-0,265,91,0,1
0-0,265,92,0,1
0-0,265,93,0,1
0-0,265,94,0,1
0-0,265,70,0,1
0-0,265,71,0,1
0-0,265,72,0,1
0-0,265,73,0,1
0-0,265,75,0,1
0-0,265,76,0,1
0-0,265,77,0,1
0-0,265,78,0,1
0-0,265,79,0,1
0-0,265,80,0,1
0-1,266,79,0,1
0-2,265,82,0,1
0-0,265,74,0,1
0-1,264,70,0,1
0-1,264,71,0,1
0-1,264,72,0,1
0-1,264,73,0,1
0-1,264,74,0,1
0-1,264,75,0,1
0-1,264,76,0,1
0-1,264,77,0,1
0-1,264,78,0,1
0-1,264,79,0,1
0-1,264,80,0,1
0-1,264,83,0,1
0-1,264,84,0,1
0-1,264,85,0,1
0-1,264,86,0,1
0-1,264,87,0,1
0-1,264,88,0,1
0-1,264,89,0,1
0-1,264,90,0,1
0-1,264,91,0,1
0-1,264,92,0,1
0-1,264,93,0,1
0-1,264,94,0,1
0-2,264,82,0,1
0,278,76,1,1
0,278,77,1,1
0,279,76,1,1
0,279,77,1,1
0,280,76,1,1
0,280,77,1,1
0,281,76,1,1
0,281,77,1,1
0,282,76,1,1
0,282,77,1,1
0,283,76,1,1
0,283,77,1,1
0,284,76,1,1
0,284,77,1,1
0,285,76,1,1
0,285,77,1,1
0,286,76,1,1
0,286,77,1,1
0,287,76,1,1
0,287,77,1,1
0,288,76,1,1
0,288,77,1,1
0,289,76,1,1
0,289,77,1,1
0,275,70,1,1
0,275,71,1,1
0,275,72,1,1
0,275,73,1,1
0,275,74,1,1
0,275,75,1,1
0,276,70,1,1
0,276,71,1,1
0,276,72,1,1
0,276,73,1,1
0,276,74,1,1
0,276,75,1,1
0,277,70,1,1
0,277,71,1,1
0,277,72,1,1
0,277,73,1,1
0,277,74,1,1
0,277,75,1,1
0,278,70,1,1
0,278,71,1,1
0,278,72,1,1
0,278,73,1,1
0,278,74,1,1
0,278,75,1,1
0,279,70,1,1
0,279,71,1,1
0,279,72,1,1
0,279,73,1,1
0,279,74,1,1
0,279,75,1,1
0,280,70,1,1
0,280,71,1,1
0,280,72,1,1
0,280,73,1,1
0,280,74,1,1
0,280,75,1,1
0,281,70,1,1
0,281,71,1,1
0,281,72,1,1
0,281,73,1,1
0,281,74,1,1
0,281,75,1,1
0,282,70,1,1
0,282,71,1,1
0,282,72,1,1
0,282,73,1,1
0,282,74,1,1
0,282,75,1,1
0,283,70,1,1
0,283,71,1,1
0,283,72,1,1
0,283,73,1,1
0,283,74,1,1
0,283,75,1,1
0,284,70,1,1
0,284,71,1,1
0,284,72,1,1
0,284,73,1,1
0,284,74,1,1
0,284,75,1,1
0,285,70,1,1
0,285,71,1,1
0,285,72,1,1
0,285,73,1,1
0,285,74,1,1
0,285,75,1,1
0,286,70,1,1
0,286,71,1,1
0,286,72,1,1
0,286,73,1,1
0,286,74,1,1
0,286,75,1,1
0,287,70,1,1
0,287,71,1,1
0,287,72,1,1
0,287,73,1,1
0,287,74,1,1
0,287,75,1,1
0,288,70,1,1
0,288,71,1,1
0,288,72,1,1
0,288,73,1,1
0,288,74,1,1
0,288,75,1,1
0,289,70,1,1
0,289,71,1,1
0,289,72,1,1
0,289,73,1,1
0,289,74,1,1
0,289,75,1,1
0,278,86,1,1
0,278,87,1,1
0,278,88,1,1
0,278,89,1,1
0,278,90,1,1
0,278,91,1,1
0,278,92,1,1
0,278,93,1,1
0,279,86,1,1
0,279,87,1,1
0,279,88,1,1
0,279,89,1,1
0,279,90,1,1
0,279,91,1,1
0,279,92,1,1
0,279,93,1,1
0,280,86,1,1
0,280,87,1,1
0,280,88,1,1
0,280,89,1,1
0,280,90,1,1
0,280,91,1,1
0,280,92,1,1
0,280,93,1,1
0,281,86,1,1
0,281,87,1,1
0,281,88,1,1
0,281,89,1,1
0,281,90,1,1
0,281,91,1,1
0,281,92,1,1
0,281,93,1,1
0,282,86,1,1
0,282,87,1,1
0,282,88,1,1
0,282,89,1,1
0,282,90,1,1
0,282,91,1,1
0,282,92,1,1
0,282,93,1,1
0,283,86,1,1
0,283,87,1,1
0,283,88,1,1
0,283,89,1,1
0,283,90,1,1
0,283,91,1,1
0,283,92,1,1
0,283,93,1,1
0,284,86,1,1
0,284,87,1,1
0,284,88,1,1
0,284,89,1,1
0,284,90,1,1
0,284,91,1,1
0,284,92,1,1
0,284,93,1,1
0,285,86,1,1
0,285,87,1,1
0,285,88,1,1
0,285,89,1,1
0,285,90,1,1
0,285,91,1,1
0,285,92,1,1
0,285,93,1,1
0,286,86,1,1
0,286,87,1,1
0,286,88,1,1
0,286,89,1,1
0,286,90,1,1
0,286,91,1,1
0,286,92,1,1
0,286,93,1,1
0,287,86,1,1
0,287,87,1,1
0,287,88,1,1
0,287,89,1,1
0,287,90,1,1
0,287,91,1,1
0,287,92,1,1
0,287,93,1,1
0,288,86,1,1
0,288,87,1,1
0,288,88,1,1
0,288,89,1,1
0,288,90,1,1
0,288,91,1,1
0,288,92,1,1
0,288,93,1,1
0,289,86,1,1
0,289,87,1,1
0,289,88,1,1
0,289,89,1,1
0,289,90,1,1
0,289,91,1,1
0,289,92,1,1
0,289,93,1,1
0,290,88,1,1
0-1,274,70,0,1
0-1,274,71,0,1
0-2,270,85,0,1
0-2,271,85,0,1
0-2,272,85,0,1
0-2,273,85,0,1
0-2,274,85,0,1
0-2,275,85,0,1
water,214,81,0,1
water,214,82,0,1
water,214,83,0,1
water,215,81,0,1
water,215,82,0,1
water,215,83,0,1
water,216,81,0,1
water,216,82,0,1
water,216,83,0,1
water,217,81,0,1
water,217,82,0,1
water,217,83,0,1
water,218,81,0,1
water,218,82,0,1
water,218,83,0,1
water,219,81,0,1
water,219,82,0,1
water,219,83,0,1
water,220,83,0,1
water,221,81,0,1
water,221,82,0,1
water,221,83,0,1
water,222,83,0,1
water,223,81,0,1
water,223,82,0,1
water,223,83,0,1
water,224,82,0,1
water,224,83,0,1
water,225,82,0,1
water,225,83,0,1
water,226,82,0,1
water,226,83,0,1
water,227,82,0,1
water,227,83,0,1
water-5,220,81,0,1
water-5,222,81,0,1
water-6,220,82,0,1
water-6,222,82,0,1
0-0,236,72,0,2
0-0,236,73,0,2
0-0,236,74,0,2
0-0,236,75,0,2
0-0,236,76,0,2
0-0,236,77,0,2
0-0,236,78,0,2
0-0,236,79,0,2
0-0,236,80,0,2
0-0,236,81,0,2
0-0,236,82,0,2
0-0,236,83,0,2
0-0,236,84,0,2
0-0,236,85,0,2
0-0,236,86,0,2
0-0,236,87,0,2
0-0,236,88,0,2
0-0,236,89,0,2
0-0,236,90,0,2
0-0,238,71,0,2
0-0,238,72,0,2
0-0,238,73,0,2
0-0,238,74,0,2
0-0,238,75,0,2
0-0,238,76,0,2
0-0,238,77,0,2
0-0,238,78,0,2
0-0,238,79,0,2
0-0,238,80,0,2
0-0,238,81,0,2
0-0,238,82,0,2
0-0,238,83,0,2
0-0,238,84,0,2
0-0,238,85,0,2
0-0,238,86,0,2
0-0,238,87,0,2
0-0,238,88,0,2
0-0,238,89,0,2
0-0,238,90,0,2
0-0,238,91,0,2
0-0,240,70,0,2
0-0,240,71,0,2
0-0,240,72,0,2
0-0,240,73,0,2
0-0,240,74,0,2
0-0,240,75,0,2
0-0,240,76,0,2
0-0,240,77,0,2
0-0,240,78,0,2
0-0,240,79,0,2
0-0,240,80,0,2
0-0,240,81,0,2
0-0,240,82,0,2
0-0,240,83,0,2
0-0,240,84,0,2
0-0,240,85,0,2
0-0,240,86,0,2
0-0,240,87,0,2
0-0,240,88,0,2
0-0,240,89,0,2
0-0,240,90,0,2
0-0,240,91,0,2
0-0,238,68,0,2
0-0,238,69,0,2
0-0,238,70,0,2
0-0,236,71,0,2
0-0,240,68,0,2
0-0,240,69,0,2
0-1,243,68,0,2
0-1,243,69,0,2
0-1,243,70,0,2
0-1,243,71,0,2
0-1,243,72,0,2
0-1,243,73,0,2
0-1,243,74,0,2
0-1,243,75,0,2
0-1,243,76,0,2
0-1,243,77,0,2
0-1,243,78,0,2
0-1,243,79,0,2
0-1,243,80,0,2
0-1,243,81,0,2
0-1,243,82,0,2
0-1,243,83,0,2
0-1,243,84,0,2
0-1,243,85,0,2
0-1,243,86,0,2
0-1,243,87,0,2
0-1,243,88,0,2
0-1,243,89,0,2
0-1,243,90,0,2
0-1,243,91,0,2
0-1,241,68,0,2
0-1,241,69,0,2
0-1,241,70,0,2
0-1,241,71,0,2
0-1,241,72,0,2
0-1,241,73,0,2
0-1,241,74,0,2
0-1,241,75,0,2
0-1,241,76,0,2
0-1,241,77,0,2
0-1,241,78,0,2
0-1,241,79,0,2
0-1,241,80,0,2
0-1,241,81,0,2
0-1,241,82,0,2
0-1,241,83,0,2
0-1,241,84,0,2
0-1,241,85,0,2
0-1,241,86,0,2
0-1,241,87,0,2
0-1,241,88,0,2
0-1,241,89,0,2
0-1,241,90,0,2
0-1,241,91,0,2
0-1,239,68,0,2
0-1,239,69,0,2
0-1,239,70,0,2
0-1,239,71,0,2
0-1,239,72,0,2
0-1,239,73,0,2
0-1,239,74,0,2
0-1,239,75,0,2
0-1,239,76,0,2
0-1,239,77,0,2
0-1,239,78,0,2
0-1,239,79,0,2
0-1,239,80,0,2
0-1,239,81,0,2
0-1,239,82,0,2
0-1,239,83,0,2
0-1,239,84,0,2
0-1,239,85,0,2
0-1,239,86,0,2
0-1,239,87,0,2
0-1,239,88,0,2
0-1,239,89,0,2
0-1,239,90,0,2
0-1,239,91,0,2
0-1,237,68,0,2
0-1,237,69,0,2
0-1,237,70,0,2
0-1,237,71,0,2
0-1,237,72,0,2
0-1,237,73,0,2
0-1,237,74,0,2
0-1,237,75,0,2
0-1,237,76,0,2
0-1,237,77,0,2
0-1,237,78,0,2
0-1,237,79,0,2
0-1,237,80,0,2
0-1,237,81,0,2
0-1,237,82,0,2
0-1,237,83,0,2
0-1,237,84,0,2
0-1,237,85,0,2
0-1,237,86,0,2
0-1,237,87,0,2
0-1,237,88,0,2
0-1,237,89,0,2
0-1,237,90,0,2
0-1,237,91,0,2
0-1,245,68,0,2
0-1,245,69,0,2
0-1,245,70,0,2
0-1,245,71,0,2
0-1,245,72,0,2
0-1,245,73,0,2
0-1,245,74,0,2
0-1,245,75,0,2
0-1,245,76,0,2
0-1,245,77,0,2
0-1,245,78,0,2
0-1,245,79,0,2
0-1,245,80,0,2
0-1,245,81,0,2
0-1,245,82,0,2
0-1,245,83,0,2
0-1,245,84,0,2
0-1,245,85,0,2
0-1,245,86,0,2
0-1,245,87,0,2
0-1,245,88,0,2
0-1,245,89,0,2
0-1,245,90,0,2
0-1,245,91,0,2
0-1,247,68,0,2
0-1,247,69,0,2
0-1,247,70,0,2
0-1,247,71,0,2
0-1,247,72,0,2
0-1,247,73,0,2
0-1,247,74,0,2
0-1,247,75,0,2
0-1,247,76,0,2
0-1,247,77,0,2
0-1,247,78,0,2
0-1,247,79,0,2
0-1,247,80,0,2
0-1,247,81,0,2
0-1,247,82,0,2
0-1,247,83,0,2
0-1,247,84,0,2
0-1,247,85,0,2
0-1,247,86,0,2
0-1,247,87,0,2
0-1,247,88,0,2
0-1,247,89,0,2
0-1,247,90,0,2
0-1,247,91,0,2
0-0,242,68,0,2
0-0,242,69,0,2
0-0,242,70,0,2
0-0,242,71,0,2
0-0,242,72,0,2
0-0,242,73,0,2
0-0,242,74,0,2
0-0,242,75,0,2
0-0,242,76,0,2
0-0,242,77,0,2
0-0,242,78,0,2
0-0,242,79,0,2
0-0,242,80,0,2
0-0,242,81,0,2
0-0,242,82,0,2
0-0,242,83,0,2
0-0,242,84,0,2
0-0,242,85,0,2
0-0,242,86,0,2
0-0,242,87,0,2
0-0,242,88,0,2
0-0,242,89,0,2
0-0,242,90,0,2
0-0,242,91,0,2
0-0,244,68,0,2
0-0,244,69,0,2
0-0,244,70,0,2
0-0,244,71,0,2
0-0,244,72,0,2
0-0,244,73,0,2
0-0,244,74,0,2
0-0,244,75,0,2
0-0,244,76,0,2
0-0,244,77,0,2
0-0,244,78,0,2
0-0,244,79,0,2
0-0,244,80,0,2
0-0,244,81,0,2
0-0,244,82,0,2
0-0,244,83,0,2
0-0,244,84,0,2
0-0,244,85,0,2
0-0,244,86,0,2
0-0,244,87,0,2
0-0,244,88,0,2
0-0,244,89,0,2
0-0,244,90,0,2
0-0,244,91,0,2
0-0,246,68,0,2
0-0,246,69,0,2
0-0,246,70,0,2
0-0,246,71,0,2
0-0,246,72,0,2
0-0,246,73,0,2
0-0,246,74,0,2
0-0,246,75,0,2
0-0,246,76,0,2
0-0,246,77,0,2
0-0,246,78,0,2
0-0,246,79,0,2
0-0,246,80,0,2
0-0,246,81,0,2
0-0,246,82,0,2
0-0,246,83,0,2
0-0,246,84,0,2
0-0,246,85,0,2
0-0,246,86,0,2
0-0,246,87,0,2
0-0,246,88,0,2
0-0,246,89,0,2
0-0,246,90,0,2
0-0,246,91,0,2
0-0,236,92,0,2
0-0,236,91,0,2
0-0,236,93,0,2
0-0,236,94,0,2
0-0,236,95,0,2
0-0,236,96,0,2
0-0,238,92,0,2
0-0,238,93,0,2
0-0,238,94,0,2
0-0,238,95,0,2
0-0,238,96,0,2
0-0,240,92,0,2
0-0,240,93,0,2
0-0,240,94,0,2
0-0,240,95,0,2
0-0,240,96,0,2
0-0,242,92,0,2
0-0,242,93,0,2
0-0,242,94,0,2
0-0,242,95,0,2
0-0,242,96,0,2
0-0,244,92,0,2
0-0,244,93,0,2
0-0,244,94,0,2
0-0,244,95,0,2
0-0,244,96,0,2
0-0,246,92,0,2
0-0,246,93,0,2
0-0,246,94,0,2
0-0,246,95,0,2
0-0,246,96,0,2
0-1,237,92,0,2
0-1,237,93,0,2
0-1,237,94,0,2
0-1,237,95,0,2
0-1,237,96,0,2
0-1,239,92,0,2
0-1,239,93,0,2
0-1,239,94,0,2
0-1,239,95,0,2
0-1,239,96,0,2
0-1,241,92,0,2
0-1,241,93,0,2
0-1,241,94,0,2
0-1,241,95,0,2
0-1,241,96,0,2
0-1,243,92,0,2
0-1,243,93,0,2
0-1,243,94,0,2
0-1,243,95,0,2
0-1,243,96,0,2
0-1,245,92,0,2
0-1,245,93,0,2
0-1,245,94,0,2
0-1,245,95,0,2
0-1,245,96,0,2
0-1,247,92,0,2
0-1,247,93,0,2
0-1,247,94,0,2
0-1,247,95,0,2
0-1,247,96,0,2
0-0,236,70,0,2
0-0,236,69,0,2
0-0,236,68,0,2
0-0,234,68,0,2
0-0,234,69,0,2
0-0,234,70,0,2
0-0,234,71,0,2
0-0,234,72,0,2
0-0,234,73,0,2
0-0,234,74,0,2
0-0,234,75,0,2
0-0,234,76,0,2
0-0,234,77,0,2
0-0,234,78,0,2
0-0,234,79,0,2
0-0,234,80,0,2
0-0,234,81,0,2
0-0,234,82,0,2
0-0,234,83,0,2
0-0,234,84,0,2
0-0,234,85,0,2
0-0,234,86,0,2
0-0,234,87,0,2
0-0,234,88,0,2
0-0,234,89,0,2
0-0,234,90,0,2
0-0,234,91,0,2
0-0,234,92,0,2
0-0,234,93,0,2
0-0,234,94,0,2
0-0,234,95,0,2
0-0,234,96,0,2
0-1,235,68,0,2
0-1,235,69,0,2
0-1,235,70,0,2
0-1,235,71,0,2
0-1,235,72,0,2
0-1,235,73,0,2
0-1,235,74,0,2
0-1,235,75,0,2
0-1,235,76,0,2
0-1,235,77,0,2
0-1,235,78,0,2
0-1,235,79,0,2
0-1,235,80,0,2
0-1,235,81,0,2
0-1,235,82,0,2
0-1,235,83,0,2
0-1,235,84,0,2
0-1,235,85,0,2
0-1,235,86,0,2
0-1,235,87,0,2
0-1,235,88,0,2
0-1,235,89,0,2
0-1,235,90,0,2
0-1,235,91,0,2
0-1,235,92,0,2
0-1,235,93,0,2
0-1,235,94,0,2
0-1,235,95,0,2
0-1,235,96,0,2
0-0,257,68,0,2
0-0,257,69,0,2
0-0,257,70,0,2
0-0,257,71,0,2
0-0,257,72,0,2
0-0,257,73,0,2
0-0,257,74,0,2
0-0,257,75,0,2
0-0,257,76,0,2
0-0,257,77,0,2
0-0,257,78,0,2
0-0,257,79,0,2
0-0,257,80,0,2
0-0,257,81,0,2
0-0,257,82,0,2
0-0,257,83,0,2
0-0,257,84,0,2
0-0,257,85,0,2
0-0,257,86,0,2
0-0,257,87,0,2
0-0,257,88,0,2
0-0,257,89,0,2
0-0,257,90,0,2
0-0,257,91,0,2
0-0,257,92,0,2
0-0,257,93,0,2
0-0,257,94,0,2
0-0,257,95,0,2
0-0,257,96,0,2
0-0,259,68,0,2
0-0,259,69,0,2
0-0,259,70,0,2
0-0,259,71,0,2
0-0,259,72,0,2
0-0,259,73,0,2
0-0,259,74,0,2
0-0,259,75,0,2
0-0,259,76,0,2
0-0,259,77,0,2
0-0,259,78,0,2
0-0,259,79,0,2
0-0,259,80,0,2
0-0,259,81,0,2
0-0,259,82,0,2
0-0,259,83,0,2
0-0,259,84,0,2
0-0,259,85,0,2
0-0,259,86,0,2
0-0,259,87,0,2
0-0,259,88,0,2
0-0,259,89,0,2
0-0,259,90,0,2
0-0,259,91,0,2
0-0,259,92,0,2
0-0,259,93,0,2
0-0,259,94,0,2
0-0,259,95,0,2
0-0,259,96,0,2
0-0,259,97,0,2
0-0,259,98,0,2
0-0,261,68,0,2
0-0,261,69,0,2
0-0,261,70,0,2
0-0,261,71,0,2
0-0,261,72,0,2
0-0,261,73,0,2
0-0,261,74,0,2
0-0,261,75,0,2
0-0,261,76,0,2
0-0,261,77,0,2
0-0,261,78,0,2
0-0,261,79,0,2
0-0,261,80,0,2
0-0,261,81,0,2
0-0,261,82,0,2
0-0,261,83,0,2
0-0,261,84,0,2
0-0,261,85,0,2
0-0,261,86,0,2
0-0,261,87,0,2
0-0,261,88,0,2
0-0,261,89,0,2
0-0,261,90,0,2
0-0,261,91,0,2
0-0,261,92,0,2
0-0,261,93,0,2
0-0,261,94,0,2
0-0,261,95,0,2
0-0,261,96,0,2
0-0,261,97,0,2
0-0,261,98,0,2
0-0,263,68,0,2
0-0,263,69,0,2
0-0,263,70,0,2
0-0,263,71,0,2
0-0,263,72,0,2
0-0,263,73,0,2
0-0,263,74,0,2
0-0,263,75,0,2
0-0,263,76,0,2
0-0,263,77,0,2
0-0,263,78,0,2
0-0,263,79,0,2
0-0,263,80,0,2
0-0,263,81,0,2
0-0,263,82,0,2
0-0,263,83,0,2
0-0,263,84,0,2
0-0,263,85,0,2
0-0,263,86,0,2
0-0,263,87,0,2
0-0,263,88,0,2
0-0,263,89,0,2
0-0,263,90,0,2
0-0,263,91,0,2
0-0,263,92,0,2
0-0,263,93,0,2
0-0,263,94,0,2
0-0,263,95,0,2
0-0,263,96,0,2
0-0,263,97,0,2
0-0,263,98,0,2
0-0,255,68,0,2
0-0,255,69,0,2
0-0,255,70,0,2
0-0,255,71,0,2
0-0,255,72,0,2
0-0,255,73,0,2
0-0,255,74,0,2
0-0,255,75,0,2
0-0,255,76,0,2
0-0,255,77,0,2
0-0,255,78,0,2
0-0,255,79,0,2
0-0,255,80,0,2
0-0,255,81,0,2
0-0,255,82,0,2
0-0,255,83,0,2
0-0,255,84,0,2
0-0,255,85,0,2
0-0,255,86,0,2
0-0,255,87,0,2
0-0,255,88,0,2
0-0,255,89,0,2
0-0,255,90,0,2
0-0,255,91,0,2
0-0,255,92,0,2
0-0,255,93,0,2
0-0,255,94,0,2
0-0,255,95,0,2
0-0,255,96,0,2
0-0,255,97,0,2
0-0,255,98,0,2
0-1,256,68,0,2
0-1,256,69,0,2
0-1,256,70,0,2
0-1,256,71,0,2
0-1,256,72,0,2
0-1,256,73,0,2
0-1,256,74,0,2
0-1,256,75,0,2
0-1,256,76,0,2
0-1,256,77,0,2
0-1,256,78,0,2
0-1,256,79,0,2
0-1,256,80,0,2
0-1,256,81,0,2
0-1,256,82,0,2
0-1,256,83,0,2
0-1,256,84,0,2
0-1,256,85,0,2
0-1,256,86,0,2
0-1,256,87,0,2
0-1,256,88,0,2
0-1,256,89,0,2
0-1,256,90,0,2
0-1,256,91,0,2
0-1,256,92,0,2
0-1,256,93,0,2
0-1,256,94,0,2
0-1,256,95,0,2
0-1,256,96,0,2
0-1,256,97,0,2
0-1,256,98,0,2
0-1,258,68,0,2
0-1,258,69,0,2
0-1,258,70,0,2
0-1,258,71,0,2
0-1,258,72,0,2
0-1,258,73,0,2
0-1,258,74,0,2
0-1,258,75,0,2
0-1,258,76,0,2
0-1,258,77,0,2
0-1,258,78,0,2
0-1,258,79,0,2
0-1,258,80,0,2
0-1,258,81,0,2
0-1,258,82,0,2
0-1,258,83,0,2
0-1,258,84,0,2
0-1,258,85,0,2
0-1,258,86,0,2
0-1,258,87,0,2
0-1,258,88,0,2
0-1,258,89,0,2
0-1,258,90,0,2
0-1,258,91,0,2
0-1,258,92,0,2
0-1,258,93,0,2
0-1,258,94,0,2
0-1,258,95,0,2
0-1,258,96,0,2
0-1,258,97,0,2
0-1,258,98,0,2
0-1,260,68,0,2
0-1,260,69,0,2
0-1,260,70,0,2
0-1,260,71,0,2
0-1,260,72,0,2
0-1,260,73,0,2
0-1,260,74,0,2
0-1,260,75,0,2
0-1,260,76,0,2
0-1,260,77,0,2
0-1,260,78,0,2
0-1,260,79,0,2
0-1,260,80,0,2
0-1,260,81,0,2
0-1,260,82,0,2
0-1,260,83,0,2
0-1,260,84,0,2
0-1,260,85,0,2
0-1,260,86,0,2
0-1,260,87,0,2
0-1,260,88,0,2
0-1,260,89,0,2
0-1,260,90,0,2
0-1,260,91,0,2
0-1,260,92,0,2
0-1,260,93,0,2
0-1,260,94,0,2
0-1,260,95,0,2
0-1,260,96,0,2
0-1,260,97,0,2
0-1,260,98,0,2
0-1,262,68,0,2
0-1,262,69,0,2
0-1,262,70,0,2
0-1,262,71,0,2
0-1,262,72,0,2
0-1,262,73,0,2
0-1,262,74,0,2
0-1,262,75,0,2
0-1,262,76,0,2
0-1,262,77,0,2
0-1,262,78,0,2
0-1,262,79,0,2
0-1,262,80,0,2
0-1,262,81,0,2
0-1,262,82,0,2
0-1,262,83,0,2
0-1,262,84,0,2
0-1,262,85,0,2
0-1,262,86,0,2
0-1,262,87,0,2
0-1,262,88,0,2
0-1,262,89,0,2
0-1,262,90,0,2
0-1,262,91,0,2
0-1,262,92,0,2
0-1,262,93,0,2
0-1,262,94,0,2
0-1,262,95,0,2
0-1,262,96,0,2
0-1,262,97,0,2
0-1,262,98,0,2
0-0,265,68,0,2
0-0,265,69,0,2
0-0,265,70,0,2
0-0,265,71,0,2
0-0,265,72,0,2
0-0,265,73,0,2
0-0,265,74,0,2
0-0,265,75,0,2
0-0,265,76,0,2
0-0,265,77,0,2
0-0,265,78,0,2
0-0,265,79,0,2
0-0,265,80,0,2
0-0,265,81,0,2
0-0,265,82,0,2
0-0,265,83,0,2
0-0,265,84,0,2
0-0,265,85,0,2
0-0,265,86,0,2
0-0,265,87,0,2
0-0,265,88,0,2
0-0,265,89,0,2
0-0,265,90,0,2
0-0,265,91,0,2
0-0,265,92,0,2
0-0,265,93,0,2
0-0,265,94,0,2
0-0,265,95,0,2
0-0,265,96,0,2
0-0,265,97,0,2
0-0,265,98,0,2
0-1,264,68,0,2
0-1,264,69,0,2
0-1,264,70,0,2
0-1,264,71,0,2
0-1,264,72,0,2
0-1,264,73,0,2
0-1,264,74,0,2
0-1,264,75,0,2
0-1,264,76,0,2
0-1,264,77,0,2
0-1,264,78,0,2
0-1,264,79,0,2
0-1,264,80,0,2
0-1,264,81,0,2
0-1,264,82,0,2
0-1,264,83,0,2
0-1,264,84,0,2
0-1,264,85,0,2
0-1,264,86,0,2
0-1,264,87,0,2
0-1,264,88,0,2
0-1,264,89,0,2
0-1,264,90,0,2
0-1,264,91,0,2
0-1,264,92,0,2
0-1,264,93,0,2
0-1,264,94,0,2
0-1,264,95,0,2
0-1,264,96,0,2
0-1,264,97,0,2
0-1,264,98,0,2
0-1,266,68,0,2
0-1,266,71,0,2
0-1,266,72,0,2
0-1,266,73,0,2
0-1,266,74,0,2
0-1,266,75,0,2
0-1,266,76,0,2
0-1,266,77,0,2
0-1,266,78,0,2
0-1,266,79,0,2
0-1,266,80,0,2
0-1,266,81,0,2
0-1,266,82,0,2
0-1,266,83,0,2
0-1,266,84,0,2
0-1,266,85,0,2
0-1,266,86,0,2
0-1,266,87,0,2
0-1,266,88,0,2
0-1,266,89,0,2
0-1,266,90,0,2
0-1,266,91,0,2
0-1,266,92,0,2
0-1,266,93,0,2
0-1,266,94,0,2
0-1,266,95,0,2
0-1,266,96,0,2
0-1,266,97,0,2
0-1,266,98,0,2
0-1,266,69,0,2
0-1,266,70,0,2
0-0,267,68,0,2
0-0,267,69,0,2
0-0,267,70,0,2
0-0,267,71,0,2
0-0,267,72,0,2
0-0,267,73,0,2
0-0,267,74,0,2
0-0,267,75,0,2
0-0,267,76,0,2
0-0,267,77,0,2
0-0,267,78,0,2
0-0,267,79,0,2
0-0,267,80,0,2
0-0,267,81,0,2
0-0,267,82,0,2
0-0,267,83,0,2
0-0,267,84,0,2
0-0,267,85,0,2
0-0,267,86,0,2
0-0,267,87,0,2
0-0,267,88,0,2
0-0,267,89,0,2
0-0,267,90,0,2
0-0,267,91,0,2
0-0,267,92,0,2
0-0,267,93,0,2
0-0,267,94,0,2
0-0,267,95,0,2
0-0,267,96,0,2
0-0,267,97,0,2
0-0,267,98,0,2
0-0,242,69,0,3
0-0,242,70,0,3
0-0,242,71,0,3
0-0,242,72,0,3
0-0,242,73,0,3
0-0,242,74,0,3
0-0,242,75,0,3
0-0,242,76,0,3
0-0,242,77,0,3
0-0,242,78,0,3
0-0,242,79,0,3
0-0,242,80,0,3
0-0,242,81,0,3
0-0,242,82,0,3
0-0,242,83,0,3
0-0,242,84,0,3
0-0,242,85,0,3
0-0,242,86,0,3
0-0,242,87,0,3
0-0,242,88,0,3
0-0,242,89,0,3
0-0,242,90,0,3
0-0,242,91,0,3
0-0,242,92,0,3
0-0,244,69,0,3
0-0,244,70,0,3
0-0,244,71,0,3
0-0,244,72,0,3
0-0,244,73,0,3
0-0,244,74,0,3
0-0,244,75,0,3
0-0,244,76,0,3
0-0,244,77,0,3
0-0,244,78,0,3
0-0,244,79,0,3
0-0,244,80,0,3
0-0,244,81,0,3
0-0,244,82,0,3
0-0,244,83,0,3
0-0,244,84,0,3
0-0,244,85,0,3
0-0,244,86,0,3
0-0,244,87,0,3
0-0,244,88,0,3
0-0,244,89,0,3
0-0,244,90,0,3
0-0,244,91,0,3
0-0,244,92,0,3
0-0,244,93,0,3
0-0,246,69,0,3
0-0,246,70,0,3
0-0,246,71,0,3
0-0,246,72,0,3
0-0,246,73,0,3
0-0,246,74,0,3
0-0,246,75,0,3
0-0,246,76,0,3
0-0,246,77,0,3
0-0,246,78,0,3
0-0,246,79,0,3
0-0,246,80,0,3
0-0,246,81,0,3
0-0,246,82,0,3
0-0,246,83,0,3
0-0,246,84,0,3
0-0,246,85,0,3
0-0,246,86,0,3
0-0,246,87,0,3
0-0,246,88,0,3
0-0,246,89,0,3
0-0,246,90,0,3
0-0,246,91,0,3
0-0,246,92,0,3
0-0,246,93,0,3
0-0,248,69,0,3
0-0,248,70,0,3
0-0,248,71,0,3
0-0,248,72,0,3
0-0,248,73,0,3
0-0,248,74,0,3
0-0,248,75,0,3
0-0,248,76,0,3
0-0,248,77,0,3
0-0,248,78,0,3
0-0,248,79,0,3
0-0,248,80,0,3
0-0,248,81,0,3
0-0,248,82,0,3
0-0,248,83,0,3
0-0,248,84,0,3
0-0,248,85,0,3
0-0,248,86,0,3
0-0,248,87,0,3
0-0,248,88,0,3
0-0,248,89,0,3
0-0,248,90,0,3
0-0,248,91,0,3
0-0,248,92,0,3
0-0,248,93,0,3
0-0,250,69,0,3
0-0,250,70,0,3
0-0,250,71,0,3
0-0,250,72,0,3
0-0,250,73,0,3
0-0,250,74,0,3
0-0,250,75,0,3
0-0,250,76,0,3
0-0,250,77,0,3
0-0,250,78,0,3
0-0,250,79,0,3
0-0,250,80,0,3
0-0,250,81,0,3
0-0,250,82,0,3
0-0,250,83,0,3
0-0,250,84,0,3
0-0,250,85,0,3
0-0,250,86,0,3
0-0,250,87,0,3
0-0,250,88,0,3
0-0,250,89,0,3
0-0,250,90,0,3
0-0,250,91,0,3
0-0,250,92,0,3
0-0,250,93,0,3
0-1,251,69,0,3
0-1,251,70,0,3
0-1,251,71,0,3
0-1,251,73,0,3
0-1,251,74,0,3
0-1,251,75,0,3
0-1,251,76,0,3
0-1,251,77,0,3
0-1,251,78,0,3
0-1,251,79,0,3
0-1,251,80,0,3
0-1,251,81,0,3
0-1,251,82,0,3
0-1,251,83,0,3
0-1,251,84,0,3
0-1,251,85,0,3
0-1,251,86,0,3
0-1,251,87,0,3
0-1,251,88,0,3
0-1,251,89,0,3
0-1,251,90,0,3
0-1,251,91,0,3
0-1,251,92,0,3
0-1,251,93,0,3
0-1,249,69,0,3
0-1,249,70,0,3
0-1,249,71,0,3
0-1,249,72,0,3
0-1,249,73,0,3
0-1,249,74,0,3
0-1,249,75,0,3
0-1,249,76,0,3
0-1,249,77,0,3
0-1,249,78,0,3
0-1,249,79,0,3
0-1,249,80,0,3
0-1,249,81,0,3
0-1,249,82,0,3
0-1,249,83,0,3
0-1,249,84,0,3
0-1,249,85,0,3
0-1,249,86,0,3
0-1,249,87,0,3
0-1,249,88,0,3
0-1,249,89,0,3
0-1,249,90,0,3
0-1,249,91,0,3
0-1,249,92,0,3
0-1,249,93,0,3
0-1,247,69,0,3
0-1,247,70,0,3
0-1,247,71,0,3
0-1,247,72,0,3
0-1,247,73,0,3
0-1,247,74,0,3
0-1,247,75,0,3
0-1,247,76,0,3
0-1,247,77,0,3
0-1,247,78,0,3
0-1,247,79,0,3
0-1,247,80,0,3
0-1,247,81,0,3
0-1,247,82,0,3
0-1,247,83,0,3
0-1,247,84,0,3
0-1,247,85,0,3
0-1,247,86,0,3
0-1,247,87,0,3
0-1,247,88,0,3
0-1,247,89,0,3
0-1,247,90,0,3
0-1,247,91,0,3
0-1,247,92,0,3
0-1,247,93,0,3
0-1,245,69,0,3
0-1,245,70,0,3
0-1,245,71,0,3
0-1,245,72,0,3
0-1,245,73,0,3
0-1,245,74,0,3
0-1,245,75,0,3
0-1,245,76,0,3
0-1,245,77,0,3
0-1,245,78,0,3
0-1,245,79,0,3
0-1,245,80,0,3
0-1,245,81,0,3
0-1,245,82,0,3
0-1,245,83,0,3
0-1,245,84,0,3
0-1,245,85,0,3
0-1,245,86,0,3
0-1,245,87,0,3
0-1,245,88,0,3
0-1,245,89,0,3
0-1,245,90,0,3
0-1,245,91,0,3
0-1,245,92,0,3
0-1,245,93,0,3
0-1,243,69,0,3
0-1,243,70,0,3
0-1,243,71,0,3
0-1,243,72,0,3
0-1,243,73,0,3
0-1,243,74,0,3
0-1,243,75,0,3
0-1,243,76,0,3
0-1,243,77,0,3
0-1,243,78,0,3
0-1,243,79,0,3
0-1,243,80,0,3
0-1,243,81,0,3
0-1,243,82,0,3
0-1,243,83,0,3
0-1,243,84,0,3
0-1,243,85,0,3
0-1,243,86,0,3
0-1,243,87,0,3
0-1,243,88,0,3
0-1,243,89,0,3
0-1,243,90,0,3
0-1,243,91,0,3
0-1,243,92,0,3
0-1,243,93,0,3
0-0,252,69,0,3
0-0,252,70,0,3
0-0,252,71,0,3
0-0,252,72,0,3
0-0,252,73,0,3
0-0,252,74,0,3
0-0,252,75,0,3
0-0,252,76,0,3
0-0,252,77,0,3
0-0,252,78,0,3
0-0,252,79,0,3
0-0,252,80,0,3
0-0,252,81,0,3
0-0,252,82,0,3
0-0,252,83,0,3
0-0,252,84,0,3
0-0,252,85,0,3
0-0,252,86,0,3
0-0,252,87,0,3
0-0,252,88,0,3
0-0,252,89,0,3
0-0,252,90,0,3
0-0,252,91,0,3
0-0,252,92,0,3
0-1,251,72,0,3
0-1,253,69,0,3
0-1,253,70,0,3
0-1,253,71,0,3
0-1,253,72,0,3
0-1,253,73,0,3
0-1,253,74,0,3
0-1,253,75,0,3
0-1,253,76,0,3
0-1,253,77,0,3
0-1,253,78,0,3
0-1,253,79,0,3
0-1,253,80,0,3
0-1,253,81,0,3
0-1,253,82,0,3
0-1,253,83,0,3
0-1,253,84,0,3
0-1,253,85,0,3
0-1,253,86,0,3
0-1,253,87,0,3
0-1,253,88,0,3
0-1,253,89,0,3
0-1,253,90,0,3
0-1,253,91,0,3
0-1,253,92,0,3
0-1,253,93,0,3
0-0,254,69,0,3
0-0,254,70,0,3
0-0,254,71,0,3
0-0,254,72,0,3
0-0,254,73,0,3
0-0,254,74,0,3
0-0,254,75,0,3
0-0,254,76,0,3
0-0,254,77,0,3
0-0,254,78,0,3
0-0,254,79,0,3
0-0,254,80,0,3
0-0,254,81,0,3
0-0,254,82,0,3
0-0,254,83,0,3
0-0,254,84,0,3
0-0,254,85,0,3
0-0,254,86,0,3
0-0,254,87,0,3
0-0,254,88,0,3
0-0,254,89,0,3
0-0,254,90,0,3
0-0,254,91,0,3
0-0,254,92,0,3
0-0,254,93,0,3
0-0,256,69,0,3
0-0,256,70,0,3
0-0,256,71,0,3
0-0,256,72,0,3
0-0,256,73,0,3
0-0,256,74,0,3
0-0,256,75,0,3
0-0,256,76,0,3
0-0,256,77,0,3
0-0,256,78,0,3
0-0,256,79,0,3
0-0,256,80,0,3
0-0,256,81,0,3
0-0,256,82,0,3
0-0,256,83,0,3
0-0,256,84,0,3
0-0,256,85,0,3
0-0,256,86,0,3
0-0,256,87,0,3
0-0,256,88,0,3
0-0,256,89,0,3
0-0,256,90,0,3
0-0,256,91,0,3
0-0,256,92,0,3
0-0,256,93,0,3
0-0,258,69,0,3
0-0,258,70,0,3
0-0,258,71,0,3
0-0,258,72,0,3
0-0,258,73,0,3
0-0,258,74,0,3
0-0,258,75,0,3
0-0,258,76,0,3
0-0,258,77,0,3
0-0,258,78,0,3
0-0,258,79,0,3
0-0,258,80,0,3
0-0,258,81,0,3
0-0,258,82,0,3
0-0,258,83,0,3
0-0,258,84,0,3
0-0,258,85,0,3
0-0,258,86,0,3
0-0,258,87,0,3
0-0,258,88,0,3
0-0,258,89,0,3
0-0,258,90,0,3
0-0,258,91,0,3
0-0,258,92,0,3
0-0,258,93,0,3
0-1,259,69,0,3
0-1,259,70,0,3
0-1,259,71,0,3
0-1,259,72,0,3
0-1,259,73,0,3
0-1,259,74,0,3
0-1,259,75,0,3
0-1,259,76,0,3
0-1,259,77,0,3
0-1,259,78,0,3
0-1,259,79,0,3
0-1,259,80,0,3
0-1,259,81,0,3
0-1,259,82,0,3
0-1,259,83,0,3
0-1,259,84,0,3
0-1,259,85,0,3
0-1,259,86,0,3
0-1,259,87,0,3
0-1,259,88,0,3
0-1,259,89,0,3
0-1,259,90,0,3
0-1,259,91,0,3
0-1,259,92,0,3
0-1,259,93,0,3
0-1,257,69,0,3
0-1,257,70,0,3
0-1,257,71,0,3
0-1,257,72,0,3
0-1,257,73,0,3
0-1,257,74,0,3
0-1,257,75,0,3
0-1,257,76,0,3
0-1,257,77,0,3
0-1,257,78,0,3
0-1,257,79,0,3
0-1,257,80,0,3
0-1,257,81,0,3
0-1,257,82,0,3
0-1,257,83,0,3
0-1,257,84,0,3
0-1,257,85,0,3
0-1,257,86,0,3
0-1,257,87,0,3
0-1,257,88,0,3
0-1,257,89,0,3
0-1,257,90,0,3
0-1,257,91,0,3
0-1,257,92,0,3
0-1,257,93,0,3
0-1,255,69,0,3
0-1,255,70,0,3
0-1,255,71,0,3
0-1,255,72,0,3
0-1,255,73,0,3
0-1,255,74,0,3
0-1,255,75,0,3
0-1,255,76,0,3
0-1,255,77,0,3
0-1,255,78,0,3
0-1,255,79,0,3
0-1,255,80,0,3
0-1,255,81,0,3
0-1,255,82,0,3
0-1,255,83,0,3
0-1,255,84,0,3
0-1,255,85,0,3
0-1,255,86,0,3
0-1,255,87,0,3
0-1,255,88,0,3
0-1,255,89,0,3
0-1,255,90,0,3
0-1,255,91,0,3
0-1,255,92,0,3
0-1,255,93,0,3
0-0,242,94,0,3
0-0,242,93,0,3
0-0,242,95,0,3
0-0,242,96,0,3
0-0,242,97,0,3
0-0,242,98,0,3
0-0,242,99,0,3
0-0,242,100,0,3
0-0,242,101,0,3
0-0,242,102,0,3
0-0,244,94,0,3
0-0,244,95,0,3
0-0,244,96,0,3
0-0,244,97,0,3
0-0,244,98,0,3
0-0,244,99,0,3
0-0,244,100,0,3
0-0,244,101,0,3
0-0,244,102,0,3
0-0,246,94,0,3
0-0,246,95,0,3
0-0,246,96,0,3
0-0,246,97,0,3
0-0,246,98,0,3
0-0,246,99,0,3
0-0,246,100,0,3
0-0,246,101,0,3
0-0,246,102,0,3
0-0,248,94,0,3
0-0,248,95,0,3
0-0,248,96,0,3
0-0,248,97,0,3
0-0,248,98,0,3
0-0,248,99,0,3
0-0,248,100,0,3
0-0,248,101,0,3
0-0,248,102,0,3
0-0,250,94,0,3
0-0,250,95,0,3
0-0,250,96,0,3
0-0,250,97,0,3
0-0,250,98,0,3
0-0,250,99,0,3
0-0,250,100,0,3
0-0,250,101,0,3
0-0,250,102,0,3
0-0,252,93,0,3
0-0,252,94,0,3
0-0,252,95,0,3
0-0,252,96,0,3
0-0,252,97,0,3
0-0,252,98,0,3
0-0,252,99,0,3
0-0,252,100,0,3
0-0,252,101,0,3
0-0,252,102,0,3
0-0,254,94,0,3
0-0,254,95,0,3
0-0,254,96,0,3
0-0,254,97,0,3
0-0,254,98,0,3
0-0,254,99,0,3
0-0,254,100,0,3
0-0,254,101,0,3
0-0,254,102,0,3
0-0,256,94,0,3
0-0,256,95,0,3
0-0,256,96,0,3
0-0,256,97,0,3
0-0,256,98,0,3
0-0,256,99,0,3
0-0,256,100,0,3
0-0,256,101,0,3
0-0,256,102,0,3
0-0,258,94,0,3
0-0,258,95,0,3
0-0,258,96,0,3
0-0,258,97,0,3
0-0,258,98,0,3
0-0,258,99,0,3
0-0,258,100,0,3
0-0,258,101,0,3
0-0,258,102,0,3
0-0,258,103,0,3
0-1,259,94,0,3
0-1,259,95,0,3
0-1,259,96,0,3
0-1,259,97,0,3
0-1,259,98,0,3
0-1,259,99,0,3
0-1,259,100,0,3
0-1,259,101,0,3
0-1,259,102,0,3
0-1,257,94,0,3
0-1,257,95,0,3
0-1,257,96,0,3
0-1,257,97,0,3
0-1,257,98,0,3
0-1,257,99,0,3
0-1,257,100,0,3
0-1,257,101,0,3
0-1,257,102,0,3
0-1,255,94,0,3
0-1,255,95,0,3
0-1,255,96,0,3
0-1,255,97,0,3
0-1,255,98,0,3
0-1,255,99,0,3
0-1,255,100,0,3
0-1,255,101,0,3
0-1,255,102,0,3
0-1,253,94,0,3
0-1,253,95,0,3
0-1,253,96,0,3
0-1,253,97,0,3
0-1,253,98,0,3
0-1,253,99,0,3
0-1,253,100,0,3
0-1,253,101,0,3
0-1,253,102,0,3
0-1,251,94,0,3
0-1,251,95,0,3
0-1,251,96,0,3
0-1,251,97,0,3
0-1,251,98,0,3
0-1,251,99,0,3
0-1,251,100,0,3
0-1,251,101,0,3
0-1,251,102,0,3
0-1,249,94,0,3
0-1,249,95,0,3
0-1,249,96,0,3
0-1,249,97,0,3
0-1,249,98,0,3
0-1,249,99,0,3
0-1,249,100,0,3
0-1,249,101,0,3
0-1,249,102,0,3
0-1,247,94,0,3
0-1,247,95,0,3
0-1,247,96,0,3
0-1,247,97,0,3
0-1,247,98,0,3
0-1,247,99,0,3
0-1,247,100,0,3
0-1,247,101,0,3
0-1,247,102,0,3
0-1,245,94,0,3
0-1,245,95,0,3
0-1,245,96,0,3
0-1,245,97,0,3
0-1,245,98,0,3
0-1,245,99,0,3
0-1,245,100,0,3
0-1,245,101,0,3
0-1,245,102,0,3
0-1,243,94,0,3
0-1,243,95,0,3
0-1,243,96,0,3
0-1,243,97,0,3
0-1,243,98,0,3
0-1,243,99,0,3
0-1,243,100,0,3
0-1,243,101,0,3
0-1,243,102,0,3
