8,160,-67,0,1
8,160,-68,0,1
8,160,-69,0,1
8,160,-70,0,1
8,160,-71,0,1
8,160,-72,0,1
8,160,-73,0,1
8,160,-74,0,1
8,160,-75,0,1
9,160,-76,0,1
4,161,-75,8,1
4,161,-74,8,1
4,161,-73,8,1
4,161,-72,8,1
4,161,-71,8,1
4,161,-70,8,1
4,161,-69,8,1
4,161,-68,8,1
4,161,-67,8,1
0,162,-75,15,1
0,162,-73,15,1
0,162,-71,15,1
0,162,-69,15,1
0,162,-67,15,1
0,163,-75,15,1
0,163,-73,15,1
0,163,-71,15,1
0,163,-69,15,1
0,163,-67,15,1
0,164,-75,15,1
0,164,-73,15,1
0,164,-71,15,1
0,164,-69,15,1
0,164,-67,15,1
0,165,-75,15,1
0,165,-73,15,1
0,165,-71,15,1
0,165,-69,15,1
0,165,-67,15,1
0,166,-75,15,1
0,166,-73,15,1
0,166,-71,15,1
0,166,-69,15,1
0,166,-67,15,1
0,167,-75,15,1
0,167,-73,15,1
0,167,-71,15,1
0,167,-69,15,1
0,167,-67,15,1
0,168,-75,15,1
0,168,-73,15,1
0,168,-72,15,1
0,168,-71,15,1
0,168,-69,15,1
0,168,-67,15,1
0,169,-75,15,1
0,169,-73,15,1
0,169,-71,15,1
0,169,-69,15,1
0,169,-67,15,1
0,170,-75,15,1
0,170,-74,15,1
0,170,-73,15,1
0,170,-71,15,1
0,170,-70,15,1
0,170,-69,15,1
0,170,-68,15,1
0,170,-67,15,1
0,171,-75,15,1
0,171,-73,15,1
0,171,-71,15,1
0,171,-69,15,1
0,171,-67,15,1
0,172,-75,15,1
0,172,-73,15,1
0,172,-71,15,1
0,172,-69,15,1
0,172,-67,15,1
0,173,-75,15,1
0,173,-73,15,1
0,173,-71,15,1
0,173,-69,15,1
0,173,-67,15,1
0,174,-75,15,1
0,174,-73,15,1
0,174,-71,15,1
0,174,-69,15,1
0,174,-67,15,1
0,175,-75,15,1
0,175,-73,15,1
0,175,-72,15,1
0,175,-71,15,1
0,175,-69,15,1
0,175,-67,15,1
0,176,-75,15,1
0,176,-73,15,1
0,176,-72,15,1
0,176,-71,15,1
0,176,-69,15,1
0,176,-68,15,1
0,176,-67,15,1
0,177,-75,15,1
0,177,-73,15,1
0,177,-72,15,1
0,177,-71,15,1
0,177,-70,15,1
0,177,-69,15,1
0,177,-68,15,1
0,177,-67,15,1
0,178,-75,15,1
0,178,-73,15,1
0,178,-72,15,1
0,178,-71,15,1
0,178,-70,15,1
0,178,-69,15,1
0,178,-68,15,1
0,178,-67,15,1
0,179,-75,15,1
0,179,-73,15,1
0,179,-72,15,1
0,179,-71,15,1
0,179,-70,15,1
0,179,-69,15,1
0,179,-68,15,1
0,179,-67,15,1
0,180,-75,15,1
0,180,-73,15,1
0,180,-72,15,1
0,180,-71,15,1
0,180,-70,15,1
0,180,-69,15,1
0,180,-68,15,1
0,180,-67,15,1
0,181,-75,15,1
0,181,-74,15,1
0,181,-73,15,1
0,181,-72,15,1
0,181,-71,15,1
0,181,-70,15,1
0,181,-69,15,1
0,181,-68,15,1
0,181,-67,15,1
0,182,-75,15,1
0,182,-73,15,1
0,182,-72,15,1
0,182,-71,15,1
0,182,-70,15,1
0,182,-69,15,1
0,182,-68,15,1
0,182,-67,15,1
0,183,-75,15,1
0,183,-73,15,1
0,183,-72,15,1
0,183,-71,15,1
0,183,-70,15,1
0,183,-69,15,1
0,183,-68,15,1
0,183,-67,15,1
0,162,-68,12,1
0,163,-68,13,1
0,164,-68,13,1
0,165,-68,13,1
0,166,-68,13,1
0,168,-68,13,1
0,169,-68,14,1
0,169,-70,14,1
0,164,-70,13,1
0,165,-70,13,1
0,166,-70,13,1
0,167,-70,13,1
0,168,-70,13,1
0,163,-70,13,1
0,162,-70,12,1
0,171,-68,12,1
0,172,-68,13,1
0,173,-68,13,1
0,174,-68,13,1
0,175,-68,14,1
0,172,-70,13,1
0,173,-70,13,1
0,174,-70,13,1
0,175,-70,13,1
0,176,-70,14,1
0,171,-70,12,1
0,162,-72,12,1
0,163,-72,13,1
0,164,-72,13,1
0,165,-72,13,1
0,166,-72,13,1
0,167,-72,14,1
0,169,-72,12,1
0,170,-72,13,1
0,171,-72,13,1
0,172,-72,13,1
0,173,-72,13,1
0,174,-72,14,1
0,162,-74,12,1
0,163,-74,13,1
0,164,-74,13,1
0,165,-74,13,1
0,166,-74,13,1
0,167,-74,13,1
0,168,-74,13,1
0,169,-74,14,1
1,162,-76,12,1
5,161,-76,8,1
1,163,-76,13,1
1,164,-76,13,1
1,165,-76,14,1
1,167,-76,12,1
1,168,-76,13,1
1,166,-76,15,1
1,172,-76,15,1
1,178,-76,15,1
1,169,-76,13,1
1,170,-76,13,1
1,171,-76,14,1
1,173,-76,12,1
1,174,-76,13,1
1,175,-76,13,1
1,176,-76,13,1
1,177,-76,14,1
0,180,-74,14,1
0,172,-74,13,1
0,173,-74,13,1
0,174,-74,13,1
0,175,-74,13,1
0,176,-74,13,1
0,177,-74,13,1
0,178,-74,13,1
0,179,-74,13,1
0,171,-74,12,1
1,180,-76,13,1
1,181,-76,13,1
1,182,-76,13,1
1,183,-76,13,1
1,184,-76,13,1
1,185,-76,13,1
1,186,-76,13,1
1,179,-76,12,1
0,183,-74,13,1
0,184,-74,13,1
0,185,-74,13,1
0,182,-74,12,1
0,184,-75,15,1
0,185,-75,15,1
0,186,-75,15,1
0,184,-73,15,1
0,185,-73,15,1
0,186,-73,15,1
0,187,-73,15,1
0,186,-74,14,1
0,187,-75,15,1
0,187,-74,15,1
0,184,-72,15,1
0,184,-71,15,1
0,184,-70,15,1
0,184,-69,15,1
0,184,-68,15,1
0,184,-67,15,1
0,185,-72,15,1
0,185,-71,15,1
0,185,-70,15,1
0,185,-69,15,1
0,185,-68,15,1
0,185,-67,15,1
0,186,-72,15,1
0,186,-71,15,1
0,186,-70,15,1
0,186,-69,15,1
0,186,-68,15,1
0,186,-67,15,1
0,187,-72,15,1
0,187,-71,15,1
0,187,-70,15,1
0,187,-69,15,1
0,187,-68,15,1
0,187,-67,15,1
0,167,-68,13,1
5,171,-79,8,1
4,171,-87,8,1
4,171,-86,8,1
4,171,-85,8,1
4,171,-84,8,1
4,171,-83,8,1
4,171,-82,8,1
4,171,-81,8,1
4,171,-80,8,1
3,160,-87,2,1
3,161,-87,2,1
3,162,-87,2,1
3,163,-87,2,1
3,164,-87,2,1
3,165,-87,2,1
3,166,-87,2,1
3,167,-87,2,1
3,168,-87,2,1
3,169,-87,2,1
3,170,-87,2,1
3,172,-79,9,1
3,173,-79,9,1
3,174,-79,9,1
3,175,-79,9,1
5,176,-79,10,1
2,176,-87,10,1
2,176,-86,10,1
2,176,-85,10,1
2,176,-84,10,1
2,176,-83,10,1
2,176,-82,10,1
2,176,-81,10,1
2,176,-80,10,1
0,172,-87,15,1
0,172,-86,15,1
0,172,-85,15,1
0,172,-84,15,1
0,172,-83,15,1
0,172,-82,15,1
0,172,-81,15,1
0,172,-80,15,1
0,173,-87,15,1
0,173,-86,15,1
0,173,-85,15,1
0,173,-84,15,1
0,173,-83,15,1
0,173,-82,15,1
0,173,-81,15,1
0,173,-80,15,1
0,174,-87,15,1
0,174,-86,15,1
0,174,-85,15,1
0,174,-84,15,1
0,174,-83,15,1
0,174,-82,15,1
0,174,-81,15,1
0,174,-80,15,1
0,175,-87,15,1
0,175,-86,15,1
0,175,-85,15,1
0,175,-84,15,1
0,175,-83,15,1
0,175,-82,15,1
0,175,-81,15,1
0,175,-80,15,1
0,173,-78,17,1
0,174,-78,17,1
0,175,-78,17,1
0,176,-78,17,1
0,173,-77,21,1
0,174,-77,21,1
0,176,-77,21,1
0,175,-77,20,1
0,177,-80,21,1
0,177,-79,21,1
0,177,-78,21,1
0,177,-77,21,1
0,177,-81,21,1
0,177,-82,20,1
0,178,-82,20,1
0,178,-81,20,1
0,180,-84,20,1
0,179,-84,20,1
0,180,-83,20,1
0,181,-77,20,1
0,181,-84,21,1
0,181,-83,21,1
0,181,-82,21,1
0,181,-81,21,1
0,181,-80,21,1
0,181,-79,21,1
0,181,-78,21,1
0,182,-84,21,1
0,182,-83,21,1
0,182,-82,21,1
0,182,-81,21,1
0,182,-80,21,1
0,182,-79,21,1
0,182,-78,21,1
0,182,-77,21,1
0,178,-80,21,1
0,178,-79,21,1
0,178,-78,21,1
0,178,-77,21,1
0,179,-80,21,1
0,179,-79,21,1
0,179,-78,21,1
0,179,-77,21,1
0,180,-80,21,1
0,180,-79,21,1
0,180,-78,21,1
0,180,-77,21,1
0,179,-82,21,1
0,179,-81,21,1
0,180,-82,21,1
0,180,-81,21,1
0,179,-83,21,1
0,177,-87,21,1
0,177,-86,21,1
0,177,-85,21,1
0,177,-84,21,1
0,177,-83,21,1
0,178,-87,21,1
0,178,-86,21,1
0,178,-85,21,1
0,178,-84,21,1
0,178,-83,21,1
0,179,-87,21,1
0,179,-86,21,1
0,179,-85,21,1
0,180,-87,21,1
0,180,-86,21,1
0,180,-85,21,1
0,181,-87,21,1
0,181,-86,21,1
0,181,-85,21,1
0,182,-87,21,1
0,182,-86,21,1
0,182,-85,21,1
1,187,-76,14,1
5,188,-76,10,1
2,188,-75,10,1
2,188,-74,10,1
2,188,-73,10,1
2,188,-72,10,1
2,188,-71,10,1
2,188,-70,10,1
2,188,-69,10,1
2,188,-68,10,1
2,188,-67,10,1
0,188,-77,21,1
0,188,-78,21,1
0,188,-80,20,1
0,188,-79,20,1
0,188,-87,21,1
0,188,-86,21,1
0,188,-85,21,1
0,188,-84,21,1
0,188,-83,21,1
0,188,-82,21,1
0,188,-81,21,1
0,187,-80,20,1
0,186,-87,21,1
0,186,-86,21,1
0,186,-85,21,1
0,186,-84,21,1
0,186,-83,21,1
0,186,-82,21,1
0,186,-81,21,1
0,187,-87,21,1
0,187,-86,21,1
0,187,-85,21,1
0,187,-84,21,1
0,187,-83,21,1
0,187,-82,21,1
0,187,-81,21,1
0,186,-77,21,1
0,187,-77,21,1
0,186,-80,21,1
0,186,-79,21,1
0,186,-78,21,1
0,187,-79,21,1
0,187,-78,21,1
0,185,-87,21,1
0,185,-86,21,1
0,185,-84,21,1
0,185,-83,21,1
0,185,-82,21,1
0,185,-81,21,1
0,185,-80,21,1
0,185,-79,21,1
0,185,-78,21,1
0,185,-77,21,1
5,192,-76,11,1
5,193,-76,11,1
5,194,-76,11,1
5,195,-76,11,1
5,196,-76,11,1
5,197,-76,11,1
5,198,-76,11,1
0,193,-87,21,1
0,193,-85,21,1
0,193,-84,21,1
0,193,-83,21,1
0,193,-82,21,1
0,193,-80,21,1
0,193,-79,21,1
0,193,-78,21,1
0,193,-77,21,1
0,194,-87,21,1
0,194,-84,21,1
0,194,-83,21,1
0,194,-82,21,1
0,194,-81,21,1
0,194,-80,21,1
0,194,-79,21,1
0,194,-78,21,1
0,194,-77,21,1
0,197,-87,21,1
0,197,-86,21,1
0,197,-85,21,1
0,197,-84,21,1
0,197,-83,21,1
0,197,-81,21,1
0,197,-80,21,1
0,197,-78,21,1
0,197,-77,21,1
0,198,-87,21,1
0,198,-86,21,1
0,198,-85,21,1
0,198,-84,21,1
0,198,-83,21,1
0,198,-80,21,1
0,198,-79,21,1
0,198,-78,21,1
0,198,-77,21,1
0,197,-79,20,1
0,198,-81,20,1
0,198,-82,20,1
0,197,-82,20,1
0,193,-81,20,1
0,194,-85,20,1
0,194,-86,20,1
0,193,-86,20,1
0,185,-85,20,1
0,172,-92,15,1
0,172,-91,15,1
0,172,-90,15,1
0,172,-89,15,1
0,172,-88,15,1
0,173,-92,15,1
0,173,-91,15,1
0,173,-90,15,1
0,173,-89,15,1
0,173,-88,15,1
0,174,-92,15,1
0,174,-91,15,1
0,174,-90,15,1
0,174,-89,15,1
0,174,-88,15,1
0,175,-92,15,1
0,175,-91,15,1
0,175,-90,15,1
0,175,-89,15,1
0,175,-88,15,1
0,171,-92,8,1
0,171,-91,8,1
0,171,-90,8,1
0,171,-89,8,1
0,171,-88,8,1
0,177,-92,21,1
0,177,-91,21,1
0,177,-89,21,1
0,177,-88,21,1
0,178,-92,21,1
0,178,-91,21,1
0,178,-89,21,1
0,178,-88,21,1
0,179,-92,21,1
0,179,-91,21,1
0,179,-89,21,1
0,179,-88,21,1
0,180,-92,21,1
0,180,-91,21,1
0,180,-89,21,1
0,180,-88,21,1
0,181,-92,21,1
0,181,-91,21,1
0,181,-89,21,1
0,181,-88,21,1
0,182,-92,21,1
0,182,-91,21,1
0,182,-89,21,1
0,182,-88,21,1
0,185,-92,21,1
0,185,-91,21,1
0,185,-89,21,1
0,185,-88,21,1
0,186,-92,21,1
0,186,-91,21,1
0,186,-89,21,1
0,186,-88,21,1
0,187,-92,21,1
0,187,-91,21,1
0,187,-89,21,1
0,187,-88,21,1
0,188,-92,21,1
0,188,-91,21,1
0,188,-89,21,1
0,188,-88,21,1
2,176,-92,10,1
2,176,-91,10,1
2,176,-90,10,1
2,176,-89,10,1
2,176,-88,10,1
3,177,-90,21,1
3,178,-90,21,1
3,179,-90,21,1
3,180,-90,21,1
3,181,-90,21,1
3,182,-90,21,1
3,185,-90,21,1
3,186,-90,21,1
3,187,-90,21,1
3,188,-90,21,1
5,201,-76,11,1
5,202,-76,11,1
5,203,-76,11,1
5,204,-76,11,1
5,205,-76,11,1
5,206,-76,11,1
5,207,-76,11,1
5,208,-76,11,1
5,209,-76,11,1
5,212,-77,11,1
5,215,-78,11,1
5,218,-79,11,1
0,221,-75,11,1
0,183,-92,48,1
0,183,-91,48,1
0,184,-92,48,1
0,184,-91,48,1
3,183,-90,48,1
3,184,-90,48,1
0,183,-89,48,1
0,183,-88,48,1
0,183,-87,48,1
0,183,-86,48,1
0,183,-85,48,1
0,183,-84,48,1
0,183,-83,48,1
0,183,-82,48,1
0,183,-81,48,1
0,183,-80,48,1
0,183,-79,48,1
0,183,-78,48,1
0,183,-77,48,1
0,184,-89,48,1
0,184,-88,48,1
0,184,-87,48,1
0,184,-86,48,1
0,184,-85,48,1
0,184,-84,48,1
0,184,-83,48,1
0,184,-82,48,1
0,184,-81,48,1
0,184,-80,48,1
0,184,-79,48,1
0,184,-78,48,1
0,184,-77,48,1
0,192,-75,48,1
0,192,-74,48,1
0,192,-73,48,1
0,192,-72,48,1
0,192,-71,48,1
0,192,-70,48,1
0,192,-69,48,1
0,192,-68,48,1
0,193,-75,48,1
0,193,-74,48,1
0,193,-73,48,1
0,193,-72,48,1
0,193,-71,48,1
0,193,-70,48,1
0,193,-69,48,1
0,193,-68,48,1
0,194,-75,48,1
0,194,-74,48,1
0,194,-73,48,1
0,194,-72,48,1
0,194,-71,48,1
0,194,-70,48,1
0,194,-69,48,1
0,194,-68,48,1
0,195,-75,48,1
0,195,-74,48,1
0,195,-73,48,1
0,195,-72,48,1
0,195,-71,48,1
0,195,-70,48,1
0,195,-69,48,1
0,195,-68,48,1
0,196,-75,48,1
0,196,-74,48,1
0,197,-75,48,1
0,197,-74,48,1
0,198,-75,48,1
0,198,-74,48,1
0,201,-75,48,1
0,201,-74,48,1
0,202,-75,48,1
0,202,-74,48,1
0,203,-75,48,1
0,203,-74,48,1
0,204,-75,48,1
0,204,-74,48,1
0,210,-76,48,1
0,211,-76,48,1
0,212,-76,48,1
0,213,-76,48,1
0,214,-76,48,1
0,215,-76,48,1
0,216,-76,48,1
0,217,-76,48,1
0,218,-76,48,1
0,213,-77,48,1
0,214,-77,48,1
0,215,-77,48,1
0,216,-77,48,1
0,217,-77,48,1
0,218,-77,48,1
0,216,-78,48,1
0,217,-78,48,1
0,218,-78,48,1
0,216,-79,48,1
0,217,-79,48,1
0,214,-79,48,1
0,214,-78,48,1
0,213,-78,48,1
0,213,-79,48,1
0,212,-79,48,1
0,201,-79,48,1
0,201,-78,48,1
0,201,-77,48,1
0,202,-79,48,1
0,202,-78,48,1
0,202,-77,48,1
0,203,-79,48,1
0,203,-78,48,1
0,203,-77,48,1
0,204,-79,48,1
0,204,-78,48,1
0,204,-77,48,1
0,205,-79,48,1
0,205,-78,48,1
0,205,-77,48,1
0,206,-79,48,1
0,206,-78,48,1
0,206,-77,48,1
0,207,-79,48,1
0,207,-78,48,1
0,207,-77,48,1
0,208,-79,48,1
0,208,-78,48,1
0,208,-77,48,1
0,209,-79,48,1
0,209,-78,48,1
0,209,-77,48,1
0,210,-79,48,1
0,210,-78,48,1
0,210,-77,48,1
0,211,-79,48,1
0,211,-78,48,1
0,211,-77,48,1
0,193,-92,21,1
0,193,-91,21,1
0,193,-90,21,1
0,193,-89,21,1
0,193,-88,21,1
0,194,-92,21,1
0,194,-91,21,1
0,194,-90,21,1
0,194,-89,21,1
0,194,-88,21,1
0,197,-92,21,1
0,197,-91,21,1
0,197,-90,21,1
0,197,-89,21,1
0,197,-88,21,1
0,198,-92,21,1
0,198,-91,21,1
0,198,-90,21,1
0,198,-89,21,1
0,198,-88,21,1
0,201,-92,48,1
0,201,-91,48,1
0,201,-90,48,1
0,201,-89,48,1
0,201,-88,48,1
0,201,-87,48,1
0,201,-86,48,1
0,201,-85,48,1
0,201,-84,48,1
0,201,-83,48,1
0,201,-82,48,1
0,201,-81,48,1
0,201,-80,48,1
0,202,-92,48,1
0,202,-91,48,1
0,202,-90,48,1
0,202,-89,48,1
0,202,-88,48,1
0,202,-87,48,1
0,202,-86,48,1
0,202,-85,48,1
0,202,-84,48,1
0,202,-83,48,1
0,202,-82,48,1
0,202,-81,48,1
0,202,-80,48,1
0,203,-92,48,1
0,203,-91,48,1
0,203,-90,48,1
0,203,-89,48,1
0,203,-88,48,1
0,203,-87,48,1
0,203,-86,48,1
0,203,-85,48,1
0,203,-84,48,1
0,203,-83,48,1
0,203,-82,48,1
0,203,-81,48,1
0,203,-80,48,1
0,204,-92,48,1
0,204,-91,48,1
0,204,-90,48,1
0,204,-89,48,1
0,204,-88,48,1
0,204,-87,48,1
0,204,-86,48,1
0,204,-85,48,1
0,204,-84,48,1
0,204,-83,48,1
0,204,-82,48,1
0,204,-81,48,1
0,204,-80,48,1
0,205,-92,48,1
0,205,-91,48,1
0,205,-90,48,1
0,205,-89,48,1
0,205,-88,48,1
0,205,-87,48,1
0,205,-86,48,1
0,205,-85,48,1
0,205,-84,48,1
0,205,-83,48,1
0,205,-82,48,1
0,205,-81,48,1
0,205,-80,48,1
0,206,-92,48,1
0,206,-91,48,1
0,206,-90,48,1
0,206,-89,48,1
0,206,-88,48,1
0,206,-87,48,1
0,206,-86,48,1
0,206,-85,48,1
0,206,-84,48,1
0,206,-83,48,1
0,206,-82,48,1
0,206,-81,48,1
0,206,-80,48,1
0,207,-92,48,1
0,207,-91,48,1
0,207,-90,48,1
0,207,-89,48,1
0,207,-88,48,1
0,207,-87,48,1
0,207,-86,48,1
0,207,-85,48,1
0,207,-84,48,1
0,207,-83,48,1
0,207,-82,48,1
0,207,-81,48,1
0,207,-80,48,1
0,208,-92,48,1
0,208,-91,48,1
0,208,-90,48,1
0,208,-89,48,1
0,208,-88,48,1
0,208,-87,48,1
0,208,-86,48,1
0,208,-85,48,1
0,208,-84,48,1
0,208,-83,48,1
0,208,-82,48,1
0,208,-81,48,1
0,208,-80,48,1
0,209,-92,48,1
0,209,-91,48,1
0,209,-90,48,1
0,209,-89,48,1
0,209,-88,48,1
0,209,-87,48,1
0,209,-86,48,1
0,209,-85,48,1
0,209,-84,48,1
0,209,-83,48,1
0,209,-82,48,1
0,209,-81,48,1
0,209,-80,48,1
0,210,-92,48,1
0,210,-91,48,1
0,210,-90,48,1
0,210,-89,48,1
0,210,-88,48,1
0,210,-87,48,1
0,210,-86,48,1
0,210,-85,48,1
0,210,-84,48,1
0,210,-83,48,1
0,210,-82,48,1
0,210,-81,48,1
0,210,-80,48,1
0,211,-92,48,1
0,211,-91,48,1
0,211,-90,48,1
0,211,-89,48,1
0,211,-88,48,1
0,211,-87,48,1
0,211,-86,48,1
0,211,-85,48,1
0,211,-84,48,1
0,211,-83,48,1
0,211,-82,48,1
0,211,-81,48,1
0,211,-80,48,1
0,212,-92,48,1
0,212,-91,48,1
0,212,-90,48,1
0,212,-89,48,1
0,212,-88,48,1
0,212,-87,48,1
0,212,-86,48,1
0,212,-85,48,1
0,212,-84,48,1
0,212,-83,48,1
0,212,-82,48,1
0,212,-81,48,1
0,212,-80,48,1
0,213,-92,48,1
0,213,-91,48,1
0,213,-90,48,1
0,213,-89,48,1
0,213,-88,48,1
0,213,-87,48,1
0,213,-86,48,1
0,213,-85,48,1
0,213,-84,48,1
0,213,-83,48,1
0,213,-82,48,1
0,213,-81,48,1
0,213,-80,48,1
0,214,-92,48,1
0,214,-91,48,1
0,214,-90,48,1
0,214,-89,48,1
0,214,-88,48,1
0,214,-87,48,1
0,214,-86,48,1
0,214,-85,48,1
0,214,-84,48,1
0,214,-83,48,1
0,214,-82,48,1
0,214,-81,48,1
0,214,-80,48,1
0,215,-92,48,1
0,215,-91,48,1
0,215,-90,48,1
0,215,-89,48,1
0,215,-88,48,1
0,215,-87,48,1
0,215,-86,48,1
0,215,-85,48,1
0,215,-84,48,1
0,215,-83,48,1
0,215,-82,48,1
0,215,-81,48,1
0,215,-80,48,1
0,216,-92,48,1
0,216,-91,48,1
0,216,-90,48,1
0,216,-89,48,1
0,216,-88,48,1
0,216,-87,48,1
0,216,-86,48,1
0,216,-85,48,1
0,216,-84,48,1
0,216,-83,48,1
0,216,-82,48,1
0,216,-81,48,1
0,216,-80,48,1
0,217,-92,48,1
0,217,-91,48,1
0,217,-90,48,1
0,217,-89,48,1
0,217,-88,48,1
0,217,-87,48,1
0,217,-86,48,1
0,217,-85,48,1
0,217,-84,48,1
0,217,-83,48,1
0,217,-82,48,1
0,217,-81,48,1
0,217,-80,48,1
0,218,-92,48,1
0,218,-91,48,1
0,218,-90,48,1
0,218,-89,48,1
0,218,-88,48,1
0,218,-87,48,1
0,218,-86,48,1
0,218,-85,48,1
0,218,-84,48,1
0,218,-83,48,1
0,219,-92,48,1
0,219,-91,48,1
0,219,-90,48,1
0,219,-89,48,1
0,219,-88,48,1
0,219,-87,48,1
0,219,-86,48,1
0,219,-85,48,1
0,220,-92,48,1
0,220,-91,48,1
0,220,-90,48,1
0,220,-89,48,1
0,220,-88,48,1
0,220,-87,48,1
0,220,-86,48,1
0,220,-85,48,1
0,223,-92,48,1
0,223,-91,48,1
0,223,-90,48,1
0,223,-89,48,1
0,223,-88,48,1
0,223,-87,48,1
0,223,-86,48,1
0,223,-85,48,1
0,221,-93,48,1
0,221,-92,48,1
0,221,-91,48,1
0,221,-90,48,1
0,221,-89,48,1
0,221,-88,48,1
0,221,-87,48,1
0,221,-86,48,1
0,221,-85,48,1
0,222,-93,48,1
0,222,-92,48,1
0,222,-91,48,1
0,222,-90,48,1
0,222,-89,48,1
0,222,-88,48,1
0,222,-87,48,1
0,222,-86,48,1
0,222,-85,48,1
0,224,-89,48,1
0,224,-88,48,1
0,224,-87,48,1
0,224,-86,48,1
0,224,-85,48,1
0,225,-89,48,1
0,225,-88,48,1
0,225,-87,48,1
0,225,-86,48,1
0,225,-85,48,1
0,226,-89,48,1
0,226,-88,48,1
0,226,-87,48,1
0,226,-86,48,1
0,226,-85,48,1
0,227,-89,48,1
0,227,-88,48,1
0,227,-87,48,1
0,227,-86,48,1
0,227,-85,48,1
0,228,-89,48,1
0,228,-88,48,1
0,228,-87,48,1
0,228,-86,48,1
0,228,-85,48,1
0,229,-89,48,1
0,229,-88,48,1
0,229,-87,48,1
0,229,-86,48,1
0,229,-85,48,1
0,230,-89,48,1
0,230,-88,48,1
0,230,-87,48,1
0,230,-86,48,1
0,230,-85,48,1
0,231,-89,48,1
0,231,-88,48,1
0,231,-87,48,1
0,231,-86,48,1
0,231,-85,48,1
0,232,-89,48,1
0,232,-88,48,1
0,232,-87,48,1
0,232,-86,48,1
0,232,-85,48,1
0,233,-89,48,1
0,233,-88,48,1
0,233,-87,48,1
0,233,-86,48,1
0,233,-85,48,1
0,234,-89,48,1
0,234,-88,48,1
0,234,-87,48,1
0,234,-86,48,1
0,234,-85,48,1
0,235,-89,48,1
0,235,-88,48,1
0,235,-87,48,1
0,235,-86,48,1
0,235,-85,48,1
0,236,-89,48,1
0,236,-88,48,1
0,236,-87,48,1
0,236,-86,48,1
0,236,-85,48,1
0,237,-89,48,1
0,237,-88,48,1
0,237,-87,48,1
0,237,-86,48,1
0,237,-85,48,1
0,238,-89,48,1
0,238,-88,48,1
0,238,-87,48,1
0,238,-86,48,1
0,238,-85,48,1
0,239,-89,48,1
0,239,-88,48,1
0,239,-87,48,1
0,239,-86,48,1
0,239,-85,48,1
0,240,-89,48,1
0,240,-88,48,1
0,240,-87,48,1
0,240,-86,48,1
0,240,-85,48,1
0,241,-89,48,1
0,241,-88,48,1
0,241,-87,48,1
0,241,-86,48,1
0,241,-85,48,1
0,242,-89,48,1
0,242,-88,48,1
0,242,-87,48,1
0,242,-86,48,1
0,242,-85,48,1
0,243,-89,48,1
0,243,-88,48,1
0,243,-87,48,1
0,243,-86,48,1
0,243,-85,48,1
0,212,-78,48,1
0,215,-79,48,1
0,218,-81,48,1
0,218,-80,48,1
0,224,-84,48,1
0,224,-83,48,1
0,224,-82,48,1
0,224,-81,48,1
0,224,-80,48,1
0,224,-79,48,1
0,224,-78,48,1
0,225,-84,48,1
0,225,-83,48,1
0,225,-82,48,1
0,225,-81,48,1
0,225,-80,48,1
0,225,-79,48,1
0,225,-78,48,1
0,226,-84,48,1
0,226,-83,48,1
0,226,-82,48,1
0,226,-81,48,1
0,226,-80,48,1
0,226,-79,48,1
0,226,-78,48,1
0,227,-84,48,1
0,227,-83,48,1
0,227,-82,48,1
0,227,-81,48,1
0,227,-80,48,1
0,227,-79,48,1
0,227,-78,48,1
0,228,-84,48,1
0,228,-83,48,1
0,228,-82,48,1
0,228,-81,48,1
0,228,-80,48,1
0,228,-79,48,1
0,228,-78,48,1
0,228,-77,48,1
0,228,-76,48,1
0,228,-75,48,1
0,228,-74,48,1
0,229,-84,48,1
0,229,-83,48,1
0,229,-82,48,1
0,229,-81,48,1
0,229,-80,48,1
0,229,-79,48,1
0,229,-78,48,1
0,229,-77,48,1
0,229,-76,48,1
0,229,-75,48,1
0,229,-74,48,1
0,230,-84,48,1
0,230,-83,48,1
0,230,-82,48,1
0,230,-81,48,1
0,230,-80,48,1
0,230,-79,48,1
0,230,-78,48,1
0,230,-77,48,1
0,230,-76,48,1
0,230,-75,48,1
0,230,-74,48,1
0,231,-84,48,1
0,231,-83,48,1
0,231,-82,48,1
0,231,-81,48,1
0,231,-80,48,1
0,231,-79,48,1
0,231,-78,48,1
0,231,-77,48,1
0,231,-76,48,1
0,231,-75,48,1
0,231,-74,48,1
0,232,-84,48,1
0,232,-83,48,1
0,232,-82,48,1
0,232,-81,48,1
0,232,-80,48,1
0,232,-79,48,1
0,232,-78,48,1
0,232,-77,48,1
0,232,-76,48,1
0,232,-75,48,1
0,232,-74,48,1
0,233,-84,48,1
0,233,-83,48,1
0,233,-82,48,1
0,233,-81,48,1
0,233,-80,48,1
0,233,-79,48,1
0,233,-78,48,1
0,233,-77,48,1
0,233,-76,48,1
0,233,-75,48,1
0,233,-74,48,1
0,234,-84,48,1
0,234,-83,48,1
0,234,-82,48,1
0,234,-81,48,1
0,234,-80,48,1
0,234,-79,48,1
0,234,-78,48,1
0,234,-77,48,1
0,234,-76,48,1
0,234,-75,48,1
0,234,-74,48,1
0,235,-84,48,1
0,235,-83,48,1
0,235,-82,48,1
0,235,-81,48,1
0,235,-80,48,1
0,235,-79,48,1
0,235,-78,48,1
0,235,-77,48,1
0,235,-76,48,1
0,235,-75,48,1
0,235,-74,48,1
0,235,-73,48,1
0,235,-72,48,1
0,235,-71,48,1
0,235,-70,48,1
0,235,-69,48,1
0,236,-84,48,1
0,236,-83,48,1
0,236,-82,48,1
0,236,-81,48,1
0,236,-80,48,1
0,236,-79,48,1
0,236,-78,48,1
0,236,-77,48,1
0,236,-76,48,1
0,236,-75,48,1
0,236,-74,48,1
0,236,-73,48,1
0,236,-72,48,1
0,236,-71,48,1
0,236,-70,48,1
0,236,-69,48,1
0,237,-84,48,1
0,237,-83,48,1
0,237,-82,48,1
0,237,-81,48,1
0,237,-80,48,1
0,237,-79,48,1
0,237,-78,48,1
0,237,-77,48,1
0,237,-76,48,1
0,237,-75,48,1
0,237,-74,48,1
0,237,-73,48,1
0,237,-72,48,1
0,237,-71,48,1
0,237,-70,48,1
0,237,-69,48,1
0,238,-84,48,1
0,238,-83,48,1
0,238,-82,48,1
0,238,-81,48,1
0,238,-80,48,1
0,238,-79,48,1
0,238,-78,48,1
0,238,-77,48,1
0,238,-76,48,1
0,238,-75,48,1
0,238,-74,48,1
0,238,-73,48,1
0,238,-72,48,1
0,238,-71,48,1
0,238,-70,48,1
0,238,-69,48,1
0,238,-68,48,1
0,238,-67,48,1
0,238,-66,48,1
0,238,-65,48,1
0,238,-64,48,1
0,238,-63,48,1
0,238,-62,48,1
0,238,-61,48,1
0,239,-84,48,1
0,239,-83,48,1
0,239,-82,48,1
0,239,-81,48,1
0,239,-80,48,1
0,239,-79,48,1
0,239,-78,48,1
0,239,-77,48,1
0,239,-76,48,1
0,239,-75,48,1
0,239,-74,48,1
0,239,-73,48,1
0,239,-72,48,1
0,239,-71,48,1
0,239,-70,48,1
0,239,-69,48,1
0,239,-68,48,1
0,239,-67,48,1
0,239,-66,48,1
0,239,-65,48,1
0,239,-64,48,1
0,239,-63,48,1
0,239,-62,48,1
0,239,-61,48,1
0,240,-84,48,1
0,240,-83,48,1
0,240,-82,48,1
0,240,-81,48,1
0,240,-80,48,1
0,240,-79,48,1
0,240,-78,48,1
0,240,-77,48,1
0,240,-76,48,1
0,240,-75,48,1
0,240,-74,48,1
0,240,-73,48,1
0,240,-72,48,1
0,240,-71,48,1
0,240,-70,48,1
0,240,-69,48,1
0,240,-68,48,1
0,240,-67,48,1
0,240,-66,48,1
0,240,-65,48,1
0,240,-64,48,1
0,240,-63,48,1
0,240,-62,48,1
0,240,-61,48,1
0,241,-84,48,1
0,241,-83,48,1
0,241,-82,48,1
0,241,-81,48,1
0,241,-80,48,1
0,241,-79,48,1
0,241,-78,48,1
0,241,-77,48,1
0,241,-76,48,1
0,241,-75,48,1
0,241,-74,48,1
0,241,-73,48,1
0,241,-72,48,1
0,241,-71,48,1
0,241,-70,48,1
0,241,-69,48,1
0,241,-68,48,1
0,241,-67,48,1
0,241,-66,48,1
0,241,-65,48,1
0,241,-64,48,1
0,241,-63,48,1
0,241,-62,48,1
0,241,-61,48,1
0,242,-84,48,1
0,242,-83,48,1
0,242,-82,48,1
0,242,-81,48,1
0,242,-80,48,1
0,242,-79,48,1
0,242,-78,48,1
0,242,-77,48,1
0,242,-76,48,1
0,242,-75,48,1
0,242,-74,48,1
0,242,-73,48,1
0,242,-72,48,1
0,242,-71,48,1
0,242,-70,48,1
0,242,-69,48,1
0,242,-68,48,1
0,242,-67,48,1
0,242,-66,48,1
0,242,-65,48,1
0,242,-64,48,1
0,242,-63,48,1
0,242,-62,48,1
0,242,-61,48,1
0,243,-84,48,1
0,243,-83,48,1
0,243,-82,48,1
0,243,-81,48,1
0,243,-80,48,1
0,243,-79,48,1
0,243,-78,48,1
0,243,-77,48,1
0,243,-76,48,1
0,243,-75,48,1
0,243,-74,48,1
0,243,-73,48,1
0,243,-72,48,1
0,243,-71,48,1
0,243,-70,48,1
0,243,-69,48,1
0,243,-68,48,1
0,243,-67,48,1
0,243,-66,48,1
0,243,-65,48,1
0,243,-64,48,1
0,243,-63,48,1
0,243,-62,48,1
0,243,-61,48,1
0,244,-84,48,1
0,244,-83,48,1
0,244,-82,48,1
0,244,-81,48,1
0,244,-80,48,1
0,244,-79,48,1
0,244,-78,48,1
0,244,-77,48,1
0,244,-76,48,1
0,244,-75,48,1
0,244,-74,48,1
0,244,-73,48,1
0,244,-72,48,1
0,244,-71,48,1
0,244,-70,48,1
0,244,-69,48,1
0,244,-68,48,1
0,244,-67,48,1
0,244,-66,48,1
0,244,-65,48,1
0,244,-64,48,1
0,244,-63,48,1
0,244,-62,48,1
0,244,-61,48,1
0,245,-84,48,1
0,245,-83,48,1
0,245,-82,48,1
0,245,-81,48,1
0,245,-80,48,1
0,245,-79,48,1
0,245,-78,48,1
0,245,-77,48,1
0,245,-76,48,1
0,245,-75,48,1
0,245,-74,48,1
0,245,-73,48,1
0,245,-72,48,1
0,245,-71,48,1
0,245,-70,48,1
0,245,-69,48,1
0,245,-68,48,1
0,245,-67,48,1
0,245,-66,48,1
0,245,-65,48,1
0,245,-64,48,1
0,245,-63,48,1
0,245,-62,48,1
0,245,-61,48,1
0,246,-84,48,1
0,246,-83,48,1
0,246,-82,48,1
0,246,-81,48,1
0,246,-80,48,1
0,246,-79,48,1
0,246,-78,48,1
0,246,-77,48,1
0,246,-76,48,1
0,246,-75,48,1
0,246,-74,48,1
0,246,-73,48,1
0,246,-72,48,1
0,246,-71,48,1
0,246,-70,48,1
0,246,-69,48,1
0,246,-68,48,1
0,246,-67,48,1
0,246,-66,48,1
0,246,-65,48,1
0,246,-64,48,1
0,246,-63,48,1
0,246,-62,48,1
0,246,-61,48,1
0,247,-84,48,1
0,247,-83,48,1
0,247,-82,48,1
0,247,-81,48,1
0,247,-80,48,1
0,247,-79,48,1
0,247,-78,48,1
0,247,-77,48,1
0,247,-76,48,1
0,247,-75,48,1
0,247,-74,48,1
0,247,-73,48,1
0,247,-72,48,1
0,247,-71,48,1
0,247,-70,48,1
0,247,-69,48,1
0,247,-68,48,1
0,247,-67,48,1
0,247,-66,48,1
0,247,-65,48,1
0,247,-64,48,1
0,247,-63,48,1
0,247,-62,48,1
0,247,-61,48,1
0,248,-84,48,1
0,248,-83,48,1
0,248,-82,48,1
0,248,-81,48,1
0,248,-80,48,1
0,248,-79,48,1
0,248,-78,48,1
0,248,-77,48,1
0,248,-76,48,1
0,248,-75,48,1
0,248,-74,48,1
0,248,-73,48,1
0,248,-72,48,1
0,248,-71,48,1
0,248,-70,48,1
0,248,-69,48,1
0,248,-68,48,1
0,248,-67,48,1
0,248,-66,48,1
0,248,-65,48,1
0,248,-64,48,1
0,248,-63,48,1
0,248,-62,48,1
0,248,-61,48,1
0,249,-84,48,1
0,249,-83,48,1
0,249,-82,48,1
0,249,-81,48,1
0,249,-80,48,1
0,249,-79,48,1
0,249,-78,48,1
0,249,-77,48,1
0,249,-76,48,1
0,249,-75,48,1
0,249,-74,48,1
0,249,-73,48,1
0,249,-72,48,1
0,249,-71,48,1
0,249,-70,48,1
0,249,-69,48,1
0,249,-68,48,1
0,249,-67,48,1
0,249,-66,48,1
0,249,-65,48,1
0,249,-64,48,1
0,249,-63,48,1
0,249,-62,48,1
0,249,-61,48,1
0,250,-84,48,1
0,250,-83,48,1
0,250,-82,48,1
0,250,-81,48,1
0,250,-80,48,1
0,250,-79,48,1
0,250,-78,48,1
0,250,-77,48,1
0,250,-76,48,1
0,250,-75,48,1
0,250,-74,48,1
0,250,-73,48,1
0,250,-72,48,1
0,250,-71,48,1
0,250,-70,48,1
0,250,-69,48,1
0,250,-68,48,1
0,250,-67,48,1
0,250,-66,48,1
0,250,-65,48,1
0,250,-64,48,1
0,250,-63,48,1
0,250,-62,48,1
0,250,-61,48,1
0,195,-92,48,1
0,195,-91,48,1
0,195,-90,48,1
0,195,-89,48,1
0,195,-88,48,1
0,195,-87,48,1
0,195,-86,48,1
0,195,-85,48,1
0,195,-84,48,1
0,195,-83,48,1
0,195,-82,48,1
0,195,-81,48,1
0,195,-80,48,1
0,195,-79,48,1
0,195,-78,48,1
0,195,-77,48,1
0,196,-92,48,1
0,196,-91,48,1
0,196,-90,48,1
0,196,-89,48,1
0,196,-88,48,1
0,196,-87,48,1
0,196,-86,48,1
0,196,-85,48,1
0,196,-84,48,1
0,196,-83,48,1
0,196,-82,48,1
0,196,-81,48,1
0,196,-80,48,1
0,196,-79,48,1
0,196,-78,48,1
0,196,-77,48,1
0,189,-92,48,1
0,189,-91,48,1
0,189,-90,48,1
0,189,-89,48,1
0,189,-88,48,1
0,189,-87,48,1
0,189,-86,48,1
0,189,-85,48,1
0,189,-84,48,1
0,189,-83,48,1
0,189,-82,48,1
0,189,-81,48,1
0,189,-80,48,1
0,189,-79,48,1
0,189,-78,48,1
0,189,-77,48,1
0,189,-76,48,1
0,189,-75,48,1
0,189,-74,48,1
0,189,-73,48,1
0,189,-72,48,1
0,189,-71,48,1
0,189,-70,48,1
0,189,-69,48,1
0,189,-68,48,1
0,189,-67,48,1
0,190,-92,48,1
0,190,-91,48,1
0,190,-90,48,1
0,190,-89,48,1
0,190,-88,48,1
0,190,-87,48,1
0,190,-86,48,1
0,190,-85,48,1
0,190,-84,48,1
0,190,-83,48,1
0,190,-82,48,1
0,190,-81,48,1
0,190,-80,48,1
0,190,-79,48,1
0,190,-78,48,1
0,190,-77,48,1
0,190,-76,48,1
0,190,-75,48,1
0,190,-74,48,1
0,190,-73,48,1
0,190,-72,48,1
0,190,-71,48,1
0,190,-70,48,1
0,190,-69,48,1
0,190,-68,48,1
0,190,-67,48,1
0,191,-92,48,1
0,191,-91,48,1
0,191,-90,48,1
0,191,-89,48,1
0,191,-88,48,1
0,191,-87,48,1
0,191,-86,48,1
0,191,-85,48,1
0,191,-84,48,1
0,191,-83,48,1
0,191,-82,48,1
0,191,-81,48,1
0,191,-80,48,1
0,191,-79,48,1
0,191,-78,48,1
0,191,-77,48,1
0,191,-76,48,1
0,191,-75,48,1
0,191,-74,48,1
0,191,-73,48,1
0,191,-72,48,1
0,191,-71,48,1
0,191,-70,48,1
0,191,-69,48,1
0,191,-68,48,1
0,191,-67,48,1
0,192,-92,48,1
0,192,-91,48,1
0,192,-90,48,1
0,192,-89,48,1
0,192,-88,48,1
0,192,-87,48,1
0,192,-86,48,1
0,192,-85,48,1
0,192,-84,48,1
0,192,-83,48,1
0,192,-82,48,1
0,192,-81,48,1
0,192,-80,48,1
0,192,-79,48,1
0,192,-78,48,1
0,192,-77,48,1
0,199,-92,48,1
0,199,-91,48,1
0,199,-90,48,1
0,199,-89,48,1
0,199,-88,48,1
0,199,-87,48,1
0,199,-86,48,1
0,199,-85,48,1
0,199,-84,48,1
0,199,-83,48,1
0,199,-82,48,1
0,199,-81,48,1
0,199,-80,48,1
0,199,-79,48,1
0,199,-78,48,1
0,199,-77,48,1
0,199,-76,48,1
0,199,-75,48,1
0,199,-74,48,1
0,200,-92,48,1
0,200,-91,48,1
0,200,-90,48,1
0,200,-89,48,1
0,200,-88,48,1
0,200,-87,48,1
0,200,-86,48,1
0,200,-85,48,1
0,200,-84,48,1
0,200,-83,48,1
0,200,-82,48,1
0,200,-81,48,1
0,200,-80,48,1
0,200,-79,48,1
0,200,-78,48,1
0,200,-77,48,1
0,200,-76,48,1
0,200,-75,48,1
0,200,-74,48,1
0,218,-82,48,1
0,219,-84,48,1
0,219,-83,48,1
0,219,-82,48,1
0,219,-81,48,1
0,219,-80,48,1
0,219,-79,48,1
0,219,-78,48,1
0,219,-77,48,1
0,220,-84,48,1
0,220,-83,48,1
0,220,-82,48,1
0,220,-81,48,1
0,220,-80,48,1
0,220,-79,48,1
0,220,-78,48,1
0,220,-77,48,1
0,221,-84,48,1
0,221,-83,48,1
0,221,-82,48,1
0,221,-81,48,1
0,221,-80,48,1
0,221,-79,48,1
0,221,-78,48,1
0,221,-77,48,1
0,221,-76,48,1
0,222,-84,48,1
0,222,-83,48,1
0,222,-82,48,1
0,222,-81,48,1
0,222,-80,48,1
0,222,-79,48,1
0,222,-78,48,1
0,223,-84,48,1
0,223,-83,48,1
0,223,-82,48,1
0,223,-81,48,1
0,223,-80,48,1
0,223,-79,48,1
0,223,-78,48,1
0,221,-74,48,1
0,219,-76,48,1
0,220,-76,48,1
0,222,-77,48,1
0,222,-76,48,1
0,222,-75,48,1
0,222,-74,48,1
0,223,-77,48,1
0,223,-76,48,1
0,223,-75,48,1
0,223,-74,48,1
0,224,-77,48,1
0,224,-76,48,1
0,224,-75,48,1
0,224,-74,48,1
0,225,-77,48,1
0,225,-76,48,1
0,225,-75,48,1
0,225,-74,48,1
0,226,-77,48,1
0,226,-76,48,1
0,226,-75,48,1
0,226,-74,48,1
0,227,-77,48,1
0,227,-76,48,1
0,227,-75,48,1
0,227,-74,48,1
0,205,-75,48,1
0,205,-74,48,1
0,206,-75,48,1
0,206,-74,48,1
0,207,-75,48,1
0,207,-74,48,1
0,208,-75,48,1
0,208,-74,48,1
0,209,-75,48,1
0,209,-74,48,1
0,210,-75,48,1
0,210,-74,48,1
0,211,-75,48,1
0,211,-74,48,1
0,212,-75,48,1
0,212,-74,48,1
0,213,-75,48,1
0,213,-74,48,1
0,214,-75,48,1
0,214,-74,48,1
0,215,-75,48,1
0,215,-74,48,1
0,216,-75,48,1
0,216,-74,48,1
0,217,-75,48,1
0,217,-74,48,1
0,218,-75,48,1
0,218,-74,48,1
0,219,-75,48,1
0,219,-74,48,1
0,220,-75,48,1
0,220,-74,48,1
0,140,-121,48,1
0,196,-73,48,1
0,196,-72,48,1
0,196,-71,48,1
0,196,-70,48,1
0,196,-69,48,1
0,196,-68,48,1
0,196,-67,48,1
0,196,-66,48,1
0,196,-65,48,1
0,196,-64,48,1
0,196,-63,48,1
0,196,-62,48,1
0,196,-61,48,1
0,196,-60,48,1
0,196,-59,48,1
0,196,-58,48,1
0,196,-57,48,1
0,197,-73,48,1
0,198,-73,48,1
0,199,-73,48,1
0,200,-73,48,1
0,201,-73,48,1
0,202,-73,48,1
0,203,-73,48,1
0,204,-73,48,1
0,205,-73,48,1
0,206,-73,48,1
0,207,-73,48,1
0,208,-73,48,1
0,209,-73,48,1
0,210,-73,48,1
0,211,-73,48,1
0,212,-73,48,1
0,213,-73,48,1
0,214,-73,48,1
0,215,-73,48,1
0,216,-73,48,1
0,217,-73,48,1
0,218,-73,48,1
0,219,-73,48,1
0,220,-73,48,1
0,221,-73,48,1
0,222,-73,48,1
0,223,-73,48,1
0,224,-73,48,1
0,225,-73,48,1
0,226,-73,48,1
0,227,-73,48,1
0,228,-73,48,1
0,229,-73,48,1
0,230,-73,48,1
0,230,-72,48,1
0,230,-71,48,1
0,230,-70,48,1
0,230,-69,48,1
0,231,-73,48,1
0,231,-72,48,1
0,231,-71,48,1
0,231,-70,48,1
0,231,-69,48,1
0,232,-73,48,1
0,232,-72,48,1
0,232,-71,48,1
0,232,-70,48,1
0,232,-69,48,1
0,233,-73,48,1
0,233,-72,48,1
0,233,-71,48,1
0,233,-70,48,1
0,233,-69,48,1
0,234,-73,48,1
0,234,-72,48,1
0,234,-71,48,1
0,234,-70,48,1
0,234,-69,48,1
0,205,-49,48,1
0,205,-48,48,1
0,205,-47,48,1
0,206,-49,48,1
0,206,-48,48,1
0,206,-47,48,1
0,207,-49,48,1
0,207,-48,48,1
0,207,-47,48,1
0,208,-49,48,1
0,208,-48,48,1
0,208,-47,48,1
0,209,-49,48,1
0,209,-48,48,1
0,209,-47,48,1
0,210,-49,48,1
0,210,-48,48,1
0,210,-47,48,1
0,211,-49,48,1
0,211,-48,48,1
0,211,-47,48,1
0,212,-49,48,1
0,212,-48,48,1
0,212,-47,48,1
0,213,-49,48,1
0,213,-48,48,1
0,213,-47,48,1
0,214,-49,48,1
0,214,-48,48,1
0,214,-47,48,1
0,215,-49,48,1
0,215,-48,48,1
0,215,-47,48,1
0,216,-49,48,1
0,216,-48,48,1
0,216,-47,48,1
0,217,-49,48,1
0,217,-48,48,1
0,217,-47,48,1
0,218,-49,48,1
0,218,-48,48,1
0,218,-47,48,1
0,219,-49,48,1
0,219,-48,48,1
0,219,-47,48,1
0,220,-49,48,1
0,220,-48,48,1
0,220,-47,48,1
0,221,-49,48,1
0,221,-48,48,1
0,221,-47,48,1
0,222,-49,48,1
0,222,-48,48,1
0,222,-47,48,1
0,223,-49,48,1
0,223,-48,48,1
0,223,-47,48,1
0,224,-49,48,1
0,224,-48,48,1
0,224,-47,48,1
0,225,-49,48,1
0,225,-48,48,1
0,225,-47,48,1
0,226,-49,48,1
0,226,-48,48,1
0,226,-47,48,1
0,227,-49,48,1
0,227,-48,48,1
0,227,-47,48,1
0,228,-49,48,1
0,228,-48,48,1
0,228,-47,48,1
0,229,-49,48,1
0,229,-48,48,1
0,229,-47,48,1
0,230,-68,48,1
0,230,-67,48,1
0,230,-66,48,1
0,230,-65,48,1
0,230,-64,48,1
0,230,-63,48,1
0,230,-62,48,1
0,230,-61,48,1
0,230,-60,48,1
0,230,-59,48,1
0,230,-58,48,1
0,230,-57,48,1
0,230,-56,48,1
0,230,-55,48,1
0,230,-54,48,1
0,230,-53,48,1
0,230,-52,48,1
0,230,-51,48,1
0,230,-50,48,1
0,230,-49,48,1
0,230,-48,48,1
0,230,-47,48,1
0,231,-68,48,1
0,231,-67,48,1
0,231,-66,48,1
0,231,-65,48,1
0,231,-64,48,1
0,231,-63,48,1
0,231,-62,48,1
0,231,-61,48,1
0,231,-60,48,1
0,231,-59,48,1
0,231,-58,48,1
0,231,-57,48,1
0,231,-56,48,1
0,231,-55,48,1
0,231,-54,48,1
0,231,-53,48,1
0,231,-52,48,1
0,231,-51,48,1
0,231,-50,48,1
0,231,-49,48,1
0,231,-48,48,1
0,231,-47,48,1
0,232,-68,48,1
0,232,-67,48,1
0,232,-66,48,1
0,232,-65,48,1
0,232,-64,48,1
0,232,-63,48,1
0,232,-62,48,1
0,232,-61,48,1
0,232,-60,48,1
0,232,-59,48,1
0,232,-58,48,1
0,232,-57,48,1
0,232,-56,48,1
0,232,-55,48,1
0,232,-54,48,1
0,232,-53,48,1
0,232,-52,48,1
0,232,-51,48,1
0,232,-50,48,1
0,232,-49,48,1
0,232,-48,48,1
0,232,-47,48,1
0,233,-68,48,1
0,233,-67,48,1
0,233,-66,48,1
0,233,-65,48,1
0,233,-64,48,1
0,233,-63,48,1
0,233,-62,48,1
0,233,-61,48,1
0,233,-60,48,1
0,233,-59,48,1
0,233,-58,48,1
0,233,-57,48,1
0,233,-56,48,1
0,233,-55,48,1
0,233,-54,48,1
0,233,-53,48,1
0,233,-52,48,1
0,233,-51,48,1
0,233,-50,48,1
0,233,-49,48,1
0,233,-48,48,1
0,233,-47,48,1
0,234,-68,48,1
0,234,-67,48,1
0,234,-66,48,1
0,234,-65,48,1
0,234,-64,48,1
0,234,-63,48,1
0,234,-62,48,1
0,234,-61,48,1
0,234,-60,48,1
0,234,-59,48,1
0,234,-58,48,1
0,234,-57,48,1
0,234,-56,48,1
0,234,-55,48,1
0,234,-54,48,1
0,234,-53,48,1
0,234,-52,48,1
0,234,-51,48,1
0,234,-50,48,1
0,234,-49,48,1
0,234,-48,48,1
0,234,-47,48,1
0,235,-68,48,1
0,235,-67,48,1
0,235,-66,48,1
0,235,-65,48,1
0,235,-64,48,1
0,235,-63,48,1
0,235,-62,48,1
0,235,-61,48,1
0,235,-60,48,1
0,235,-59,48,1
0,235,-58,48,1
0,235,-57,48,1
0,235,-56,48,1
0,235,-55,48,1
0,235,-54,48,1
0,235,-53,48,1
0,235,-52,48,1
0,235,-51,48,1
0,235,-50,48,1
0,235,-49,48,1
0,235,-48,48,1
0,235,-47,48,1
0,236,-68,48,1
0,236,-67,48,1
0,236,-66,48,1
0,236,-65,48,1
0,236,-64,48,1
0,236,-63,48,1
0,236,-62,48,1
0,236,-61,48,1
0,236,-60,48,1
0,236,-59,48,1
0,236,-58,48,1
0,236,-57,48,1
0,236,-56,48,1
0,236,-55,48,1
0,236,-54,48,1
0,236,-53,48,1
0,236,-52,48,1
0,236,-51,48,1
0,236,-50,48,1
0,236,-49,48,1
0,236,-48,48,1
0,236,-47,48,1
0,237,-68,48,1
0,237,-67,48,1
0,237,-66,48,1
0,237,-65,48,1
0,237,-64,48,1
0,237,-63,48,1
0,237,-62,48,1
0,237,-61,48,1
0,237,-60,48,1
0,237,-59,48,1
0,237,-58,48,1
0,237,-57,48,1
0,237,-56,48,1
0,237,-55,48,1
0,237,-54,48,1
0,237,-53,48,1
0,237,-52,48,1
0,237,-51,48,1
0,237,-50,48,1
0,237,-49,48,1
0,237,-48,48,1
0,237,-47,48,1
0,133,-84,48,1
0,197,-72,48,1
0,197,-71,48,1
0,197,-70,48,1
0,197,-69,48,1
0,197,-68,48,1
0,197,-67,48,1
0,197,-66,48,1
0,197,-65,48,1
0,197,-64,48,1
0,197,-63,48,1
0,197,-62,48,1
0,197,-61,48,1
0,197,-60,48,1
0,197,-59,48,1
0,197,-58,48,1
0,197,-57,48,1
0,197,-56,48,1
0,197,-55,48,1
0,197,-54,48,1
0,197,-53,48,1
0,197,-52,48,1
0,197,-51,48,1
0,197,-50,48,1
0,198,-72,48,1
0,198,-71,48,1
0,198,-70,48,1
0,198,-69,48,1
0,198,-68,48,1
0,198,-67,48,1
0,198,-66,48,1
0,198,-65,48,1
0,198,-64,48,1
0,198,-63,48,1
0,198,-62,48,1
0,198,-61,48,1
0,198,-60,48,1
0,198,-59,48,1
0,198,-58,48,1
0,198,-57,48,1
0,198,-56,48,1
0,198,-55,48,1
0,198,-54,48,1
0,198,-53,48,1
0,198,-52,48,1
0,198,-51,48,1
0,198,-50,48,1
0,199,-72,48,1
0,199,-71,48,1
0,199,-70,48,1
0,199,-69,48,1
0,199,-68,48,1
0,199,-67,48,1
0,199,-66,48,1
0,199,-65,48,1
0,199,-64,48,1
0,199,-63,48,1
0,199,-62,48,1
0,199,-61,48,1
0,199,-60,48,1
0,199,-59,48,1
0,199,-58,48,1
0,199,-57,48,1
0,199,-56,48,1
0,199,-55,48,1
0,199,-54,48,1
0,199,-53,48,1
0,199,-52,48,1
0,199,-51,48,1
0,199,-50,48,1
0,200,-72,48,1
0,200,-71,48,1
0,200,-70,48,1
0,200,-69,48,1
0,200,-68,48,1
0,200,-67,48,1
0,200,-66,48,1
0,200,-65,48,1
0,200,-64,48,1
0,200,-63,48,1
0,200,-62,48,1
0,200,-61,48,1
0,200,-60,48,1
0,200,-59,48,1
0,200,-58,48,1
0,200,-57,48,1
0,200,-56,48,1
0,200,-55,48,1
0,200,-54,48,1
0,200,-53,48,1
0,200,-52,48,1
0,200,-51,48,1
0,200,-50,48,1
0,201,-72,48,1
0,201,-71,48,1
0,201,-70,48,1
0,201,-69,48,1
0,201,-68,48,1
0,201,-67,48,1
0,201,-66,48,1
0,201,-65,48,1
0,201,-64,48,1
0,201,-63,48,1
0,201,-62,48,1
0,201,-61,48,1
0,201,-60,48,1
0,201,-59,48,1
0,201,-58,48,1
0,201,-57,48,1
0,201,-56,48,1
0,201,-55,48,1
0,201,-54,48,1
0,201,-53,48,1
0,201,-52,48,1
0,201,-51,48,1
0,201,-50,48,1
0,202,-72,48,1
0,202,-71,48,1
0,202,-70,48,1
0,202,-69,48,1
0,202,-68,48,1
0,202,-67,48,1
0,202,-66,48,1
0,202,-65,48,1
0,202,-64,48,1
0,202,-63,48,1
0,202,-62,48,1
0,202,-61,48,1
0,202,-60,48,1
0,202,-59,48,1
0,202,-58,48,1
0,202,-57,48,1
0,202,-56,48,1
0,202,-55,48,1
0,202,-54,48,1
0,202,-53,48,1
0,202,-52,48,1
0,202,-51,48,1
0,202,-50,48,1
0,203,-72,48,1
0,203,-71,48,1
0,203,-70,48,1
0,203,-69,48,1
0,203,-68,48,1
0,203,-67,48,1
0,203,-66,48,1
0,203,-65,48,1
0,203,-64,48,1
0,203,-63,48,1
0,203,-62,48,1
0,203,-61,48,1
0,203,-60,48,1
0,203,-59,48,1
0,203,-58,48,1
0,203,-57,48,1
0,203,-56,48,1
0,203,-55,48,1
0,203,-54,48,1
0,203,-53,48,1
0,203,-52,48,1
0,203,-51,48,1
0,203,-50,48,1
0,204,-72,48,1
0,204,-71,48,1
0,204,-70,48,1
0,204,-69,48,1
0,204,-68,48,1
0,204,-67,48,1
0,204,-66,48,1
0,204,-65,48,1
0,204,-64,48,1
0,204,-63,48,1
0,204,-62,48,1
0,204,-61,48,1
0,204,-60,48,1
0,204,-59,48,1
0,204,-58,48,1
0,204,-57,48,1
0,204,-56,48,1
0,204,-55,48,1
0,204,-54,48,1
0,204,-53,48,1
0,204,-52,48,1
0,204,-51,48,1
0,204,-50,48,1
0,205,-72,48,1
0,205,-71,48,1
0,205,-70,48,1
0,205,-69,48,1
0,205,-68,48,1
0,205,-67,48,1
0,205,-66,48,1
0,205,-65,48,1
0,205,-64,48,1
0,205,-63,48,1
0,205,-62,48,1
0,205,-61,48,1
0,205,-60,48,1
0,205,-59,48,1
0,205,-58,48,1
0,205,-57,48,1
0,205,-56,48,1
0,205,-55,48,1
0,205,-54,48,1
0,205,-53,48,1
0,205,-52,48,1
0,205,-51,48,1
0,205,-50,48,1
0,206,-72,48,1
0,206,-71,48,1
0,206,-70,48,1
0,206,-69,48,1
0,206,-68,48,1
0,206,-67,48,1
0,206,-66,48,1
0,206,-65,48,1
0,206,-64,48,1
0,206,-63,48,1
0,206,-62,48,1
0,206,-61,48,1
0,206,-60,48,1
0,206,-59,48,1
0,206,-58,48,1
0,206,-57,48,1
0,206,-56,48,1
0,206,-55,48,1
0,206,-54,48,1
0,206,-53,48,1
0,206,-52,48,1
0,206,-51,48,1
0,206,-50,48,1
0,207,-72,48,1
0,207,-71,48,1
0,207,-70,48,1
0,207,-69,48,1
0,207,-68,48,1
0,207,-67,48,1
0,207,-66,48,1
0,207,-65,48,1
0,207,-64,48,1
0,207,-63,48,1
0,207,-62,48,1
0,207,-61,48,1
0,207,-60,48,1
0,207,-59,48,1
0,207,-58,48,1
0,207,-57,48,1
0,207,-56,48,1
0,207,-55,48,1
0,207,-54,48,1
0,207,-53,48,1
0,207,-52,48,1
0,207,-51,48,1
0,207,-50,48,1
0,208,-72,48,1
0,208,-71,48,1
0,208,-70,48,1
0,208,-69,48,1
0,208,-68,48,1
0,208,-67,48,1
0,208,-66,48,1
0,208,-65,48,1
0,208,-64,48,1
0,208,-63,48,1
0,208,-62,48,1
0,208,-61,48,1
0,208,-60,48,1
0,208,-59,48,1
0,208,-58,48,1
0,208,-57,48,1
0,208,-56,48,1
0,208,-55,48,1
0,208,-54,48,1
0,208,-53,48,1
0,208,-52,48,1
0,208,-51,48,1
0,208,-50,48,1
0,209,-72,48,1
0,209,-71,48,1
0,209,-70,48,1
0,209,-69,48,1
0,209,-68,48,1
0,209,-67,48,1
0,209,-66,48,1
0,209,-65,48,1
0,209,-64,48,1
0,209,-63,48,1
0,209,-62,48,1
0,209,-61,48,1
0,209,-60,48,1
0,209,-59,48,1
0,209,-58,48,1
0,209,-57,48,1
0,209,-56,48,1
0,209,-55,48,1
0,209,-54,48,1
0,209,-53,48,1
0,209,-52,48,1
0,209,-51,48,1
0,209,-50,48,1
0,210,-72,48,1
0,210,-71,48,1
0,210,-70,48,1
0,210,-69,48,1
0,210,-68,48,1
0,210,-67,48,1
0,210,-66,48,1
0,210,-65,48,1
0,210,-64,48,1
0,210,-63,48,1
0,210,-62,48,1
0,210,-61,48,1
0,210,-60,48,1
0,210,-59,48,1
0,210,-58,48,1
0,210,-57,48,1
0,210,-56,48,1
0,210,-55,48,1
0,210,-54,48,1
0,210,-53,48,1
0,210,-52,48,1
0,210,-51,48,1
0,210,-50,48,1
0,211,-72,48,1
0,211,-71,48,1
0,211,-70,48,1
0,211,-69,48,1
0,211,-68,48,1
0,211,-67,48,1
0,211,-66,48,1
0,211,-65,48,1
0,211,-64,48,1
0,211,-63,48,1
0,211,-62,48,1
0,211,-61,48,1
0,211,-60,48,1
0,211,-59,48,1
0,211,-58,48,1
0,211,-57,48,1
0,211,-56,48,1
0,211,-55,48,1
0,211,-54,48,1
0,211,-53,48,1
0,211,-52,48,1
0,211,-51,48,1
0,211,-50,48,1
0,212,-72,48,1
0,212,-71,48,1
0,212,-70,48,1
0,212,-69,48,1
0,212,-68,48,1
0,212,-67,48,1
0,212,-66,48,1
0,212,-65,48,1
0,212,-64,48,1
0,212,-63,48,1
0,212,-62,48,1
0,212,-61,48,1
0,212,-60,48,1
0,212,-59,48,1
0,212,-58,48,1
0,212,-57,48,1
0,212,-56,48,1
0,212,-55,48,1
0,212,-54,48,1
0,212,-53,48,1
0,212,-52,48,1
0,212,-51,48,1
0,212,-50,48,1
0,213,-72,48,1
0,213,-71,48,1
0,213,-70,48,1
0,213,-69,48,1
0,213,-68,48,1
0,213,-67,48,1
0,213,-66,48,1
0,213,-65,48,1
0,213,-64,48,1
0,213,-63,48,1
0,213,-62,48,1
0,213,-61,48,1
0,213,-60,48,1
0,213,-59,48,1
0,213,-58,48,1
0,213,-57,48,1
0,213,-56,48,1
0,213,-55,48,1
0,213,-54,48,1
0,213,-53,48,1
0,213,-52,48,1
0,213,-51,48,1
0,213,-50,48,1
0,214,-72,48,1
0,214,-71,48,1
0,214,-70,48,1
0,214,-69,48,1
0,214,-68,48,1
0,214,-67,48,1
0,214,-66,48,1
0,214,-65,48,1
0,214,-64,48,1
0,214,-63,48,1
0,214,-62,48,1
0,214,-61,48,1
0,214,-60,48,1
0,214,-59,48,1
0,214,-58,48,1
0,214,-57,48,1
0,214,-56,48,1
0,214,-55,48,1
0,214,-54,48,1
0,214,-53,48,1
0,214,-52,48,1
0,214,-51,48,1
0,214,-50,48,1
0,215,-72,48,1
0,215,-71,48,1
0,215,-70,48,1
0,215,-69,48,1
0,215,-68,48,1
0,215,-67,48,1
0,215,-66,48,1
0,215,-65,48,1
0,215,-64,48,1
0,215,-63,48,1
0,215,-62,48,1
0,215,-61,48,1
0,215,-60,48,1
0,215,-59,48,1
0,215,-58,48,1
0,215,-57,48,1
0,215,-56,48,1
0,215,-55,48,1
0,215,-54,48,1
0,215,-53,48,1
0,215,-52,48,1
0,215,-51,48,1
0,215,-50,48,1
0,216,-72,48,1
0,216,-71,48,1
0,216,-70,48,1
0,216,-69,48,1
0,216,-68,48,1
0,216,-67,48,1
0,216,-66,48,1
0,216,-65,48,1
0,216,-64,48,1
0,216,-63,48,1
0,216,-62,48,1
0,216,-61,48,1
0,216,-60,48,1
0,216,-59,48,1
0,216,-58,48,1
0,216,-57,48,1
0,216,-56,48,1
0,216,-55,48,1
0,216,-54,48,1
0,216,-53,48,1
0,216,-52,48,1
0,216,-51,48,1
0,216,-50,48,1
0,217,-72,48,1
0,217,-71,48,1
0,217,-70,48,1
0,217,-69,48,1
0,217,-68,48,1
0,217,-67,48,1
0,217,-66,48,1
0,217,-65,48,1
0,217,-64,48,1
0,217,-63,48,1
0,217,-62,48,1
0,217,-61,48,1
0,217,-60,48,1
0,217,-59,48,1
0,217,-58,48,1
0,217,-57,48,1
0,217,-56,48,1
0,217,-55,48,1
0,217,-54,48,1
0,217,-53,48,1
0,217,-52,48,1
0,217,-51,48,1
0,217,-50,48,1
0,218,-72,48,1
0,218,-71,48,1
0,218,-70,48,1
0,218,-69,48,1
0,218,-68,48,1
0,218,-67,48,1
0,218,-66,48,1
0,218,-65,48,1
0,218,-64,48,1
0,218,-63,48,1
0,218,-62,48,1
0,218,-61,48,1
0,218,-60,48,1
0,218,-59,48,1
0,218,-58,48,1
0,218,-57,48,1
0,218,-56,48,1
0,218,-55,48,1
0,218,-54,48,1
0,218,-53,48,1
0,218,-52,48,1
0,218,-51,48,1
0,218,-50,48,1
0,219,-72,48,1
0,219,-71,48,1
0,219,-70,48,1
0,219,-69,48,1
0,219,-68,48,1
0,219,-67,48,1
0,219,-66,48,1
0,219,-65,48,1
0,219,-64,48,1
0,219,-63,48,1
0,219,-62,48,1
0,219,-61,48,1
0,219,-60,48,1
0,219,-59,48,1
0,219,-58,48,1
0,219,-57,48,1
0,219,-56,48,1
0,219,-55,48,1
0,219,-54,48,1
0,219,-53,48,1
0,219,-52,48,1
0,219,-51,48,1
0,219,-50,48,1
0,220,-72,48,1
0,220,-71,48,1
0,220,-70,48,1
0,220,-69,48,1
0,220,-68,48,1
0,220,-67,48,1
0,220,-66,48,1
0,220,-65,48,1
0,220,-64,48,1
0,220,-63,48,1
0,220,-62,48,1
0,220,-61,48,1
0,220,-60,48,1
0,220,-59,48,1
0,220,-58,48,1
0,220,-57,48,1
0,220,-56,48,1
0,220,-55,48,1
0,220,-54,48,1
0,220,-53,48,1
0,220,-52,48,1
0,220,-51,48,1
0,220,-50,48,1
0,221,-72,48,1
0,221,-71,48,1
0,221,-70,48,1
0,221,-69,48,1
0,221,-68,48,1
0,221,-67,48,1
0,221,-66,48,1
0,221,-65,48,1
0,221,-64,48,1
0,221,-63,48,1
0,221,-62,48,1
0,221,-61,48,1
0,221,-60,48,1
0,221,-59,48,1
0,221,-58,48,1
0,221,-57,48,1
0,221,-56,48,1
0,221,-55,48,1
0,221,-54,48,1
0,221,-53,48,1
0,221,-52,48,1
0,221,-51,48,1
0,221,-50,48,1
0,222,-72,48,1
0,222,-71,48,1
0,222,-70,48,1
0,222,-69,48,1
0,222,-68,48,1
0,222,-67,48,1
0,222,-66,48,1
0,222,-65,48,1
0,222,-64,48,1
0,222,-63,48,1
0,222,-62,48,1
0,222,-61,48,1
0,222,-60,48,1
0,222,-59,48,1
0,222,-58,48,1
0,222,-57,48,1
0,222,-56,48,1
0,222,-55,48,1
0,222,-54,48,1
0,222,-53,48,1
0,222,-52,48,1
0,222,-51,48,1
0,222,-50,48,1
0,223,-72,48,1
0,223,-71,48,1
0,223,-70,48,1
0,223,-69,48,1
0,223,-68,48,1
0,223,-67,48,1
0,223,-66,48,1
0,223,-65,48,1
0,223,-64,48,1
0,223,-63,48,1
0,223,-62,48,1
0,223,-61,48,1
0,223,-60,48,1
0,223,-59,48,1
0,223,-58,48,1
0,223,-57,48,1
0,223,-56,48,1
0,223,-55,48,1
0,223,-54,48,1
0,223,-53,48,1
0,223,-52,48,1
0,223,-51,48,1
0,223,-50,48,1
0,224,-72,48,1
0,224,-71,48,1
0,224,-70,48,1
0,224,-69,48,1
0,224,-68,48,1
0,224,-67,48,1
0,224,-66,48,1
0,224,-65,48,1
0,224,-64,48,1
0,224,-63,48,1
0,224,-62,48,1
0,224,-61,48,1
0,224,-60,48,1
0,224,-59,48,1
0,224,-58,48,1
0,224,-57,48,1
0,224,-56,48,1
0,224,-55,48,1
0,224,-54,48,1
0,224,-53,48,1
0,224,-52,48,1
0,224,-51,48,1
0,224,-50,48,1
0,225,-72,48,1
0,225,-71,48,1
0,225,-70,48,1
0,225,-69,48,1
0,225,-68,48,1
0,225,-67,48,1
0,225,-66,48,1
0,225,-65,48,1
0,225,-64,48,1
0,225,-63,48,1
0,225,-62,48,1
0,225,-61,48,1
0,225,-60,48,1
0,225,-59,48,1
0,225,-58,48,1
0,225,-57,48,1
0,225,-56,48,1
0,225,-55,48,1
0,225,-54,48,1
0,225,-53,48,1
0,225,-52,48,1
0,225,-51,48,1
0,225,-50,48,1
0,226,-72,48,1
0,226,-71,48,1
0,226,-70,48,1
0,226,-69,48,1
0,226,-68,48,1
0,226,-67,48,1
0,226,-66,48,1
0,226,-65,48,1
0,226,-64,48,1
0,226,-63,48,1
0,226,-62,48,1
0,226,-61,48,1
0,226,-60,48,1
0,226,-59,48,1
0,226,-58,48,1
0,226,-57,48,1
0,226,-56,48,1
0,226,-55,48,1
0,226,-54,48,1
0,226,-53,48,1
0,226,-52,48,1
0,226,-51,48,1
0,226,-50,48,1
0,227,-72,48,1
0,227,-71,48,1
0,227,-70,48,1
0,227,-69,48,1
0,227,-68,48,1
0,227,-67,48,1
0,227,-66,48,1
0,227,-65,48,1
0,227,-64,48,1
0,227,-63,48,1
0,227,-62,48,1
0,227,-61,48,1
0,227,-60,48,1
0,227,-59,48,1
0,227,-58,48,1
0,227,-57,48,1
0,227,-56,48,1
0,227,-55,48,1
0,227,-54,48,1
0,227,-53,48,1
0,227,-52,48,1
0,227,-51,48,1
0,227,-50,48,1
0,228,-72,48,1
0,228,-71,48,1
0,228,-70,48,1
0,228,-69,48,1
0,228,-68,48,1
0,228,-67,48,1
0,228,-66,48,1
0,228,-65,48,1
0,228,-64,48,1
0,228,-63,48,1
0,228,-62,48,1
0,228,-61,48,1
0,228,-60,48,1
0,228,-59,48,1
0,228,-58,48,1
0,228,-57,48,1
0,228,-56,48,1
0,228,-55,48,1
0,228,-54,48,1
0,228,-53,48,1
0,228,-52,48,1
0,228,-51,48,1
0,228,-50,48,1
0,229,-72,48,1
0,229,-71,48,1
0,229,-70,48,1
0,229,-69,48,1
0,229,-68,48,1
0,229,-67,48,1
0,229,-66,48,1
0,229,-65,48,1
0,229,-64,48,1
0,229,-63,48,1
0,229,-62,48,1
0,229,-61,48,1
0,229,-60,48,1
0,229,-59,48,1
0,229,-58,48,1
0,229,-57,48,1
0,229,-56,48,1
0,229,-55,48,1
0,229,-54,48,1
0,229,-53,48,1
0,229,-52,48,1
0,229,-51,48,1
0,229,-50,48,1
0,161,-84,36,2
0,160,-84,33,2
0,159,-84,32,2
0,165,-85,36,2
0,164,-85,32,2
0,163,-87,32,2
0,165,-87,33,2
0,164,-87,33,2
0,166,-87,36,2
0,168,-84,36,2
0,167,-84,32,2
0,170,-86,36,2
0,169,-86,32,2
0,160,-90,32,2
0,161,-90,33,2
0,162,-90,33,2
0,163,-90,33,2
0,164,-90,36,2
0,164,-89,32,2
0,165,-89,33,2
0,166,-89,36,2
0,159,-88,36,3
0,157,-88,33,3
0,158,-88,33,3
0,156,-88,32,3
0,165,-83,32,3
0,166,-83,33,3
0,167,-83,36,3
0,162,-86,36,4
0,161,-86,32,4
0,166,-89,32,4
0,167,-89,33,4
0,168,-89,33,4
0,169,-89,36,4
