5,59,-153,5,1
8,58,-153,0,1
8,60,-153,0,1
8,62,-153,0,1
8,56,-153,0,1
8,54,-153,0,1
4,63,-153,3,1
5,59,-154,14,1
5,59,-155,3,1
5,59,-156,1,1
5,59,-157,7,1
5,59,-158,7,1
5,59,-159,4,1
8,58,-157,0,1
8,58,-156,0,1
8,58,-155,0,1
8,58,-154,0,1
8,56,-159,0,1
8,56,-158,0,1
8,56,-157,0,1
8,56,-156,0,1
8,56,-155,0,1
8,56,-154,0,1
8,54,-159,0,1
8,54,-158,0,1
8,54,-157,0,1
8,54,-156,0,1
8,54,-155,0,1
8,54,-154,0,1
8,62,-160,0,1
8,62,-159,0,1
8,62,-158,0,1
8,62,-157,0,1
8,62,-156,0,1
8,62,-155,0,1
8,62,-154,0,1
8,60,-159,0,1
8,60,-158,0,1
8,60,-157,0,1
8,60,-156,0,1
8,60,-155,0,1
8,60,-154,0,1
5,59,-160,14,1
0,58,-161,12,1
8,54,-161,0,1
8,54,-160,0,1
8,56,-161,0,1
8,56,-160,0,1
9,58,-158,0,1
5,55,-162,1,1
5,55,-161,6,1
9,54,-162,0,1
8,56,-162,0,1
8,56,-169,0,1
8,56,-168,0,1
8,56,-167,0,1
8,56,-166,0,1
8,56,-165,0,1
8,56,-164,0,1
8,56,-163,0,1
4,58,-163,12,1
4,58,-164,7,1
0,58,-162,14,1
4,58,-165,0,1
4,58,-166,4,1
4,58,-167,14,1
4,58,-168,14,1
4,58,-169,2,1
4,58,-170,4,1
2,59,-161,6,1
2,59,-162,0,1
2,59,-163,6,1
8,60,-169,0,1
8,60,-168,0,1
8,60,-167,0,1
8,60,-166,0,1
8,60,-165,0,1
8,60,-164,0,1
8,60,-163,0,1
8,60,-162,0,1
8,60,-161,0,1
8,60,-160,0,1
8,62,-169,0,1
8,62,-168,0,1
8,62,-167,0,1
8,62,-166,0,1
8,62,-165,0,1
8,62,-164,0,1
8,62,-163,0,1
8,62,-162,0,1
8,62,-161,0,1
5,61,-161,5,1
5,61,-162,14,1
5,61,-163,3,1
5,61,-164,1,1
5,61,-165,7,1
5,61,-166,7,1
5,61,-167,7,1
5,61,-168,7,1
5,61,-169,5,1
5,61,-170,14,1
2,59,-170,5,1
5,57,-161,3,1
5,57,-162,1,1
2,59,-169,1,1
2,59,-168,4,1
2,59,-167,0,1
2,59,-166,6,1
2,59,-165,11,1
2,59,-164,1,1
2,53,-169,18,1
2,53,-168,18,1
2,53,-167,18,1
2,53,-166,18,1
2,53,-165,18,1
2,53,-164,18,1
2,53,-163,18,1
2,53,-162,18,1
2,53,-161,18,1
2,53,-160,18,1
2,53,-159,18,1
2,53,-158,18,1
2,53,-157,18,1
2,53,-156,18,1
2,53,-155,18,1
2,53,-154,18,1
2,53,-153,18,1
2,53,-170,18,1
8,60,-170,0,1
8,62,-170,0,1
8,56,-170,0,1
4,63,-162,14,1
4,63,-161,5,1
4,63,-163,6,1
4,63,-164,1,1
4,63,-165,3,1
4,63,-166,1,1
4,63,-167,7,1
4,63,-168,7,1
4,63,-169,6,1
4,63,-170,1,1
0,64,-170,14,1
0,64,-169,5,1
0,64,-168,6,1
0,64,-167,5,1
0,64,-166,1,1
0,64,-165,6,1
0,64,-161,6,1
0,64,-162,1,1
0,64,-163,5,1
0,64,-164,14,1
4,63,-160,1,1
4,63,-159,3,1
4,63,-158,14,1
4,63,-157,5,1
4,63,-156,7,1
4,63,-155,7,1
0,64,-160,6,1
0,64,-159,5,1
0,64,-158,1,1
0,64,-157,6,1
0,64,-156,14,1
0,64,-155,5,1
0,64,-154,6,1
0,64,-153,5,1
4,63,-154,1,1
8,56,-175,0,1
8,56,-174,0,1
8,56,-173,0,1
8,56,-172,0,1
8,56,-171,0,1
8,60,-173,0,1
8,60,-172,0,1
8,60,-171,0,1
8,62,-173,0,1
8,62,-172,0,1
8,62,-171,0,1
0,61,-173,14,1
0,61,-172,7,1
0,61,-171,7,1
0,59,-171,6,1
0,59,-172,1,1
0,59,-173,11,1
0,58,-173,0,1
0,58,-172,7,1
0,58,-171,12,1
0,63,-171,3,1
0,63,-172,1,1
0,63,-173,7,1
0,64,-171,5,1
0,64,-172,6,1
0,64,-173,6,1
1,66,-165,9,1
1,65,-165,8,1
1,67,-165,9,1
1,68,-165,10,1
0,54,-163,16,2
0,53,-164,20,2
0,52,-163,20,2
0,56,-165,21,2
0,56,-164,17,2
0,64,-164,17,2
0,64,-168,17,2
0,51,-169,16,2
0,55,-169,16,2
0,64,-169,16,2
0,67,-166,16,2
0,52,-166,16,2
0,50,-165,21,2
0,50,-166,20,2
0,50,-164,20,2
0,68,-168,20,2
0,55,-173,17,2
0,60,-173,21,2
0,62,-172,20,2
0,67,-173,17,2
0,42,-172,16,2
0,45,-170,16,2
0,46,-173,16,2
0,48,-170,17,2
0,43,-166,17,2
0,39,-168,17,2
0,38,-172,17,2
0,40,-165,17,2
0,42,-170,20,2
0,45,-175,20,2
0,41,-176,20,2
0,40,-174,20,2
0,47,-179,20,2
0,52,-180,20,2
0,54,-180,20,2
0,56,-180,20,2
0,60,-180,20,2
0,63,-179,20,2
0,65,-179,20,2
0,56,-178,20,2
0,55,-180,17,2
0,57,-180,21,2
0,59,-180,21,2
0,58,-180,21,2
0,58,-177,16,2
0,57,-175,16,2
0,53,-177,16,2
0,62,-177,16,2
0,64,-179,16,2
0,70,-179,16,2
0,72,-177,16,2
0,73,-176,21,2
0,78,-174,21,2
0,74,-175,21,2
0,70,-174,21,2
0,69,-177,21,2
0,73,-171,21,2
0,75,-166,21,2
0,73,-165,21,2
0,70,-163,21,2
0,67,-164,21,2
0,68,-167,21,2
0,69,-167,21,2
0,69,-168,21,2
0,70,-168,21,2
0,76,-169,21,2
0,77,-170,21,2
0,77,-174,21,2
0,77,-177,21,2
0,77,-178,21,2
0,78,-178,21,2
0,81,-179,21,2
0,82,-177,21,2
0,82,-176,21,2
0,82,-175,21,2
0,82,-170,21,2
0,79,-169,21,2
0,79,-168,21,2
0,79,-165,21,2
0,75,-164,21,2
0,72,-163,21,2
0,75,-162,21,2
0,78,-162,21,2
0,80,-162,21,2
0,84,-163,17,2
0,81,-162,17,2
0,82,-166,17,2
0,81,-169,17,2
0,78,-170,17,2
0,78,-172,17,2
0,79,-181,17,2
0,85,-179,17,2
0,85,-176,17,2
0,85,-175,17,2
0,86,-175,17,2
0,86,-173,17,2
0,86,-172,17,2
0,86,-168,17,2
0,86,-167,17,2
0,55,-168,20,3
0,57,-165,20,3
0,51,-165,21,3
0,47,-165,17,3
0,47,-168,16,3
0,49,-167,20,3
0,51,-168,17,3
0,59,-169,17,3
0,64,-168,21,3
0,64,-166,21,3
0,65,-165,20,3
0,67,-166,16,3
0,71,-168,16,3
0,72,-167,16,3
0,69,-170,16,3
0,65,-173,16,3
0,60,-175,17,3
0,51,-175,21,3
0,50,-173,20,3
0,48,-172,16,3
0,46,-172,16,3
0,47,-173,20,3
0,47,-175,21,3
0,49,-175,21,3
0,56,-173,17,3
0,54,-172,16,3
0,67,-174,17,3
0,71,-174,17,3
0,73,-173,21,3
0,71,-169,21,3
0,73,-171,21,3
0,76,-174,21,3
0,78,-176,21,3
0,73,-178,21,3
0,71,-178,21,3
0,69,-178,21,3
0,62,-179,21,3
0,57,-179,21,3
0,37,-179,21,3
0,37,-178,21,3
0,37,-175,21,3
0,36,-173,21,3
0,36,-172,21,3
0,39,-172,21,3
0,43,-174,17,3
0,45,-169,17,3
0,45,-166,20,3
0,43,-169,20,3
0,38,-168,20,3
0,39,-165,20,3
0,40,-163,20,3
0,48,-162,21,3
0,44,-167,21,3
0,38,-165,21,3
0,37,-162,21,3
0,35,-168,21,3
0,35,-170,21,3
0,35,-172,21,3
0,35,-176,21,3
0,36,-178,16,3
0,40,-179,16,3
0,40,-183,16,3
0,36,-182,16,3
0,38,-182,16,3
0,39,-182,16,3
0,45,-184,16,3
0,46,-184,16,3
0,48,-184,16,3
0,47,-184,16,3
0,45,-182,16,3
0,43,-182,16,3
0,41,-182,16,3
0,39,-181,16,3
0,37,-180,16,3
0,37,-182,21,3
0,68,-179,17,4
0,69,-179,17,4
0,73,-170,17,4
0,50,-174,17,4
0,47,-166,17,4
0,47,-173,17,4
0,48,-176,17,4
0,52,-177,17,4
0,54,-176,17,4
0,55,-174,17,4
0,56,-170,17,4
0,56,-167,17,4
0,52,-166,17,4
0,51,-163,17,4
0,51,-170,17,4
0,53,-171,17,4
0,57,-172,21,4
0,59,-175,21,4
0,56,-178,21,4
0,56,-179,21,4
0,58,-180,21,4
0,62,-181,21,4
0,66,-181,21,4
0,69,-182,21,4
0,70,-182,21,4
0,73,-180,21,4
0,70,-177,21,4
0,67,-179,21,4
0,62,-174,21,4
0,60,-179,21,4
0,51,-177,21,4
0,53,-173,21,4
0,50,-171,21,4
0,50,-168,21,4
0,50,-165,21,4
0,47,-170,21,4
0,51,-171,21,4
0,65,-174,21,4
0,65,-173,21,4
0,67,-172,21,4
0,66,-169,21,4
0,65,-167,21,4
0,64,-165,21,4
0,64,-164,21,4
0,64,-163,21,4
0,69,-164,21,4
0,70,-164,21,4
0,73,-167,20,4
0,67,-171,20,4
0,67,-170,20,4
0,71,-172,20,4
0,71,-169,20,4
0,74,-166,20,4
0,73,-163,20,4
0,69,-162,20,4
0,66,-164,20,4
0,67,-165,20,4
0,69,-166,20,4
0,70,-169,20,4
0,70,-172,17,4
0,64,-176,16,4
0,58,-176,16,4
0,59,-177,16,4
0,62,-178,16,4
0,57,-176,16,4
0,53,-181,16,4
0,50,-180,16,4
0,58,-167,16,4
0,58,-168,16,4
0,59,-168,16,4
0,63,-169,16,4
0,62,-159,16,4
0,60,-164,16,4
0,56,-164,16,4
0,53,-164,16,4
0,47,-160,16,4
0,48,-163,16,4
0,47,-164,16,4
0,49,-168,16,4
0,48,-168,16,4
0,52,-168,16,4
0,52,-170,16,4
0,73,-175,16,4
0,74,-175,16,4
0,74,-176,16,4
0,74,-178,16,4
0,73,-177,16,4
0,73,-176,16,4
0,72,-175,21,4
0,73,-174,20,4
0,77,-175,20,4
0,76,-181,20,4
0,80,-181,20,4
0,81,-179,17,4
0,79,-177,17,4
0,78,-179,17,4
0,76,-177,17,4
0,83,-174,17,4
0,85,-174,17,4
0,83,-178,17,4
0,80,-176,17,4
0,80,-175,17,4
0,78,-170,17,4
0,78,-168,17,4
0,78,-165,17,4
0,83,-167,16,4
0,84,-167,16,4
0,85,-167,16,4
0,82,-171,16,4
0,78,-169,16,4
0,81,-172,16,4
0,86,-171,16,4
0,87,-176,16,4
0,85,-178,16,4
0,84,-182,16,4
0,81,-180,16,4
0,81,-177,16,4
0,80,-173,16,4
0,75,-172,16,4
0,72,-174,16,4
0,72,-176,16,4
0,74,-174,21,4
0,69,-174,21,4
0,68,-176,21,4
0,67,-177,21,4
0,74,-182,21,4
0,72,-182,21,4
0,85,-184,21,4
0,80,-184,21,4
0,78,-184,21,4
0,75,-184,21,4
0,70,-184,20,4
0,83,-183,20,4
0,80,-185,20,4
0,60,-183,20,4
0,59,-185,20,4
0,63,-185,20,4
0,63,-184,16,4
0,60,-185,16,4
0,58,-183,16,4
0,66,-184,16,4
0,68,-184,16,4
0,50,-184,16,4
0,48,-183,16,4
0,48,-182,17,4
0,51,-182,17,4
0,53,-183,17,4
0,54,-184,17,4
0,57,-184,17,4
0,56,-182,17,4
0,52,-185,17,4
0,49,-186,16,4
0,45,-183,16,4
0,50,-181,16,4
0,64,-181,16,4
0,65,-181,16,4
0,45,-180,16,4
0,47,-179,16,4
0,43,-177,16,4
0,46,-175,16,4
0,42,-175,16,4
0,41,-175,16,4
0,39,-182,16,4
0,43,-182,16,4
0,45,-181,16,4
0,42,-180,20,4
0,41,-179,20,4
0,38,-179,20,4
0,37,-178,20,4
0,36,-175,17,4
0,38,-174,17,4
0,38,-169,17,4
0,34,-173,17,4
0,35,-169,17,4
0,39,-166,17,4
0,42,-170,21,4
0,44,-169,21,4
0,47,-171,21,4
0,44,-165,21,4
0,44,-161,20,4
0,41,-162,20,4
0,38,-163,20,4
0,35,-163,20,4
0,35,-162,20,4
0,36,-160,20,4
0,43,-162,20,4
0,43,-164,16,4
0,37,-165,16,4
0,36,-166,16,4
0,34,-166,16,4
0,33,-164,16,4
0,32,-164,16,4
0,31,-168,16,4
0,31,-170,16,4
0,31,-171,16,4
0,34,-177,16,4
0,35,-177,16,4
0,33,-176,16,4
