8,56,-169,0,1
8,56,-168,0,1
8,56,-167,0,1
8,56,-166,0,1
8,56,-165,0,1
8,56,-164,0,1
4,58,-164,7,1
4,58,-165,0,1
4,58,-166,4,1
4,58,-167,14,1
4,58,-168,14,1
4,58,-169,2,1
4,58,-170,4,1
8,60,-169,0,1
8,60,-168,0,1
8,60,-167,0,1
8,60,-166,0,1
8,60,-165,0,1
8,60,-164,0,1
8,62,-169,0,1
8,62,-168,0,1
8,62,-167,0,1
8,62,-166,0,1
8,62,-165,0,1
8,62,-164,0,1
5,61,-164,1,1
5,61,-165,7,1
5,61,-166,7,1
5,61,-167,7,1
5,61,-168,7,1
2,59,-170,5,1
2,59,-169,1,1
2,59,-168,4,1
2,59,-167,0,1
2,59,-166,6,1
2,59,-165,11,1
2,59,-164,1,1
2,53,-169,18,1
2,53,-168,18,1
2,53,-167,18,1
2,53,-166,18,1
2,53,-165,18,1
2,53,-164,18,1
2,53,-170,18,1
8,60,-170,0,1
8,62,-170,0,1
8,56,-170,0,1
4,63,-164,1,1
4,63,-165,3,1
4,63,-166,1,1
4,63,-167,7,1
4,63,-168,7,1
4,63,-169,6,1
4,63,-170,1,1
0,64,-170,14,1
0,64,-169,5,1
0,64,-168,6,1
0,64,-167,5,1
0,64,-166,1,1
0,64,-165,6,1
0,64,-164,14,1
4,58,-171,12,1
4,58,-172,7,1
2,59,-173,11,1
2,59,-172,1,1
2,59,-171,6,1
2,59,-174,6,1
2,59,-175,0,1
3,60,-176,4,1
9,60,-173,0,1
8,60,-172,0,1
8,60,-171,0,1
5,61,-172,7,1
5,61,-173,14,1
5,61,-174,7,1
5,61,-175,14,1
4,58,-173,0,1
5,61,-171,7,1
5,61,-170,14,1
5,61,-169,5,1
8,56,-180,0,1
8,56,-179,0,1
8,56,-178,0,1
8,56,-177,0,1
8,56,-176,0,1
8,56,-175,0,1
8,56,-174,0,1
8,56,-173,0,1
8,56,-172,0,1
8,56,-171,0,1
8,62,-180,0,1
8,62,-179,0,1
8,62,-178,0,1
8,62,-177,0,1
8,62,-176,0,1
8,62,-175,0,1
8,62,-174,0,1
8,62,-173,0,1
8,62,-172,0,1
8,62,-171,0,1
2,61,-176,6,1
2,61,-177,0,1
2,61,-178,3,1
2,61,-179,14,1
2,61,-180,11,1
2,53,-180,18,1
2,53,-179,18,1
2,53,-178,18,1
2,53,-177,18,1
2,53,-176,18,1
2,53,-175,18,1
2,53,-174,18,1
2,53,-173,18,1
2,53,-172,18,1
2,53,-171,18,1
4,63,-174,7,1
4,63,-173,7,1
4,63,-172,1,1
4,63,-171,3,1
0,64,-171,5,1
0,64,-172,6,1
0,64,-173,6,1
0,64,-174,1,1
0,64,-175,5,1
0,64,-176,6,1
0,64,-177,5,1
0,64,-178,6,1
0,64,-179,6,1
0,64,-180,1,1
4,63,-180,14,1
4,63,-179,5,1
4,63,-178,1,1
4,63,-177,6,1
4,63,-176,7,1
4,63,-175,7,1
4,60,-178,14,1
4,60,-179,4,1
4,60,-180,14,1
0,60,-177,12,1
1,59,-177,2,1
5,58,-177,0,1
4,58,-176,14,1
4,58,-175,14,1
4,58,-174,4,1
0,59,-176,4,1
4,60,-181,0,1
4,60,-182,4,1
4,60,-184,14,1
4,60,-183,14,1
2,61,-181,6,1
2,61,-182,0,1
2,61,-183,4,1
4,63,-181,7,1
4,63,-182,14,1
4,63,-183,3,1
8,62,-183,0,1
8,62,-182,0,1
8,62,-181,0,1
8,56,-183,0,1
8,56,-182,0,1
8,56,-181,0,1
2,61,-184,6,1
4,63,-184,7,1
0,64,-183,6,1
0,64,-184,5,1
0,64,-182,1,1
0,64,-181,5,1
8,62,-184,0,1
8,56,-184,0,1
2,53,-185,18,1
2,53,-184,18,1
2,53,-183,18,1
2,53,-182,18,1
2,53,-181,18,1
8,56,-186,0,1
8,56,-185,0,1
0,60,-185,0,1
0,61,-185,2,1
8,62,-185,0,1
8,62,-186,0,1
0,61,-186,7,1
0,60,-186,6,1
0,58,-186,9,1
0,59,-186,9,1
0,57,-186,8,1
0,63,-186,6,1
0,63,-185,7,1
0,64,-185,6,1
0,64,-186,6,1
1,65,-178,8,1
1,66,-178,9,1
1,68,-178,10,1
1,67,-178,9,1
0,54,-163,16,2
0,53,-164,20,2
0,52,-163,20,2
0,56,-165,21,2
0,56,-164,17,2
0,64,-164,17,2
0,64,-168,17,2
0,51,-169,16,2
0,55,-169,16,2
0,64,-169,16,2
0,67,-166,16,2
0,52,-166,16,2
0,50,-165,21,2
0,50,-166,20,2
0,50,-164,20,2
0,68,-168,20,2
0,55,-173,17,2
0,60,-173,21,2
0,62,-172,20,2
0,67,-173,17,2
0,42,-172,16,2
0,45,-170,16,2
0,46,-173,16,2
0,48,-170,17,2
0,43,-166,17,2
0,39,-168,17,2
0,38,-172,17,2
0,40,-165,17,2
0,42,-170,20,2
0,45,-175,20,2
0,41,-176,20,2
0,40,-174,20,2
0,47,-179,20,2
0,52,-180,20,2
0,54,-180,20,2
0,56,-180,20,2
0,60,-180,20,2
0,63,-179,20,2
0,65,-179,20,2
0,56,-178,20,2
0,55,-180,17,2
0,57,-180,21,2
0,59,-180,21,2
0,58,-180,21,2
0,58,-177,16,2
0,57,-175,16,2
0,53,-177,16,2
0,62,-177,16,2
0,64,-179,16,2
0,70,-179,16,2
0,72,-177,16,2
0,73,-176,21,2
0,78,-174,21,2
0,74,-175,21,2
0,70,-174,21,2
0,69,-177,21,2
0,73,-171,21,2
0,75,-166,21,2
0,73,-165,21,2
0,70,-163,21,2
0,67,-164,21,2
0,68,-167,21,2
0,69,-167,21,2
0,69,-168,21,2
0,70,-168,21,2
0,76,-169,21,2
0,77,-170,21,2
0,77,-174,21,2
0,77,-177,21,2
0,77,-178,21,2
0,78,-178,21,2
0,81,-179,21,2
0,82,-177,21,2
0,82,-176,21,2
0,82,-175,21,2
0,82,-170,21,2
0,79,-169,21,2
0,79,-168,21,2
0,79,-165,21,2
0,75,-164,21,2
0,72,-163,21,2
0,75,-162,21,2
0,78,-162,21,2
0,80,-162,21,2
0,84,-163,17,2
0,81,-162,17,2
0,82,-166,17,2
0,81,-169,17,2
0,78,-170,17,2
0,78,-172,17,2
0,79,-181,17,2
0,85,-179,17,2
0,85,-176,17,2
0,85,-175,17,2
0,86,-175,17,2
0,86,-173,17,2
0,86,-172,17,2
0,86,-168,17,2
0,86,-167,17,2
0,49,-183,16,2
0,47,-184,16,2
0,48,-188,16,2
0,53,-186,16,2
0,59,-185,16,2
0,64,-184,16,2
0,71,-184,16,2
0,67,-182,16,2
0,69,-184,16,2
0,70,-183,16,2
0,73,-183,16,2
0,80,-185,16,2
0,84,-184,16,2
0,84,-183,16,2
0,83,-181,16,2
0,82,-183,17,2
0,77,-184,17,2
0,77,-185,17,2
0,76,-185,17,2
0,76,-184,17,2
0,51,-182,17,2
0,49,-182,17,2
0,46,-182,17,2
0,42,-184,17,2
0,43,-191,17,2
0,47,-193,17,2
0,45,-188,17,2
0,43,-185,17,2
0,47,-185,17,2
0,51,-186,17,2
0,45,-186,17,2
0,45,-184,17,2
0,42,-183,17,2
0,41,-186,17,2
0,39,-188,21,2
0,42,-189,21,2
0,51,-189,21,2
0,57,-195,21,2
0,65,-190,21,2
0,43,-187,21,2
0,66,-189,20,2
0,42,-187,20,2
0,65,-187,20,2
0,73,-188,20,2
0,70,-190,20,2
0,75,-193,20,2
0,57,-190,20,2
0,61,-191,20,2
0,63,-196,20,2
0,69,-196,20,2
0,72,-196,20,2
0,79,-195,16,2
0,74,-193,16,2
0,79,-191,16,2
0,82,-194,16,2
0,63,-193,16,2
0,69,-193,16,2
0,71,-194,16,2
0,64,-194,16,2
0,67,-192,16,2
0,66,-195,16,2
0,53,-192,16,2
0,51,-195,16,2
0,47,-195,16,2
0,49,-192,16,2
0,44,-194,17,2
0,38,-195,20,2
0,40,-193,20,2
0,37,-193,20,2
0,37,-192,20,2
0,38,-190,20,2
0,40,-190,20,2
0,42,-196,21,2
0,52,-197,21,2
0,46,-197,21,2
0,55,-194,21,2
0,58,-193,21,2
0,59,-196,21,2
0,60,-192,21,2
0,60,-188,21,2
0,62,-188,21,2
0,56,-188,21,2
0,53,-189,21,2
0,55,-190,21,2
0,55,-168,20,3
0,57,-165,20,3
0,51,-165,21,3
0,47,-165,17,3
0,47,-168,16,3
0,49,-167,20,3
0,51,-168,17,3
0,59,-169,17,3
0,64,-168,21,3
0,64,-166,21,3
0,65,-165,20,3
0,67,-166,16,3
0,71,-168,16,3
0,72,-167,16,3
0,69,-170,16,3
0,65,-173,16,3
0,60,-175,17,3
0,51,-175,21,3
0,50,-173,20,3
0,48,-172,16,3
0,46,-172,16,3
0,47,-173,20,3
0,47,-175,21,3
0,49,-175,21,3
0,56,-173,17,3
0,54,-172,16,3
0,67,-174,17,3
0,71,-174,17,3
0,73,-173,21,3
0,71,-169,21,3
0,73,-171,21,3
0,76,-174,21,3
0,78,-176,21,3
0,73,-178,21,3
0,71,-178,21,3
0,69,-178,21,3
0,62,-179,21,3
0,57,-179,21,3
0,37,-179,21,3
0,37,-178,21,3
0,37,-175,21,3
0,36,-173,21,3
0,36,-172,21,3
0,39,-172,21,3
0,43,-174,17,3
0,45,-169,17,3
0,45,-166,20,3
0,43,-169,20,3
0,38,-168,20,3
0,39,-165,20,3
0,40,-163,20,3
0,48,-162,21,3
0,44,-167,21,3
0,38,-165,21,3
0,37,-162,21,3
0,35,-168,21,3
0,35,-170,21,3
0,35,-172,21,3
0,35,-176,21,3
0,36,-178,16,3
0,40,-179,16,3
0,40,-183,16,3
0,36,-182,16,3
0,38,-182,16,3
0,39,-182,16,3
0,45,-184,16,3
0,46,-184,16,3
0,48,-184,16,3
0,47,-184,16,3
0,45,-182,16,3
0,43,-182,16,3
0,41,-182,16,3
0,39,-181,16,3
0,37,-180,16,3
0,37,-182,21,3
0,38,-191,21,3
0,42,-192,21,3
0,43,-196,21,3
0,54,-194,21,3
0,49,-188,21,3
0,37,-188,21,3
0,42,-186,21,3
0,44,-189,21,3
0,45,-194,21,3
0,46,-199,21,3
0,49,-199,21,3
0,52,-199,21,3
0,58,-199,21,3
0,64,-198,20,3
0,58,-194,20,3
0,50,-196,20,3
0,50,-192,20,3
0,50,-199,20,3
0,48,-196,20,3
0,49,-191,20,3
0,46,-190,20,3
0,45,-191,20,3
0,45,-193,20,3
0,50,-194,20,3
0,58,-191,20,3
0,67,-189,20,3
0,68,-189,20,3
0,71,-192,21,3
0,65,-192,17,3
0,64,-190,17,3
0,57,-189,17,3
0,54,-190,17,3
0,77,-193,17,3
0,79,-198,17,3
0,76,-196,17,3
0,75,-190,17,3
0,82,-189,17,3
0,83,-195,17,3
0,80,-197,17,3
0,82,-192,16,3
0,83,-194,16,3
0,89,-192,16,3
0,86,-192,16,3
0,86,-190,16,3
0,86,-197,16,3
0,84,-200,16,3
0,81,-199,16,3
0,82,-197,16,3
0,80,-195,16,3
0,80,-191,16,3
0,79,-189,16,3
0,73,-188,21,3
0,71,-194,21,3
0,72,-198,21,3
0,74,-196,21,3
0,74,-194,21,3
0,72,-196,21,3
0,67,-196,21,3
0,64,-196,21,3
0,71,-197,21,3
0,70,-195,21,3
0,66,-194,21,3
0,62,-194,21,3
0,37,-194,21,3
0,40,-194,21,3
0,43,-194,17,3
0,37,-196,17,3
0,38,-198,17,3
0,45,-199,17,3
0,43,-199,17,3
0,41,-199,17,3
0,38,-186,17,3
0,41,-190,16,3
0,40,-188,16,3
0,35,-189,16,3
0,34,-185,16,3
0,34,-182,16,3
0,34,-188,16,3
0,33,-192,16,3
0,34,-196,16,3
0,35,-197,16,3
0,36,-192,16,3
0,35,-193,16,3
0,33,-194,16,3
0,34,-198,16,3
0,36,-199,16,3
0,68,-179,17,4
0,69,-179,17,4
0,73,-170,17,4
0,50,-174,17,4
0,47,-166,17,4
0,47,-173,17,4
0,48,-176,17,4
0,52,-177,17,4
0,54,-176,17,4
0,55,-174,17,4
0,56,-170,17,4
0,56,-167,17,4
0,52,-166,17,4
0,51,-163,17,4
0,51,-170,17,4
0,53,-171,17,4
0,57,-172,21,4
0,59,-175,21,4
0,56,-178,21,4
0,56,-179,21,4
0,58,-180,21,4
0,62,-181,21,4
0,66,-181,21,4
0,69,-182,21,4
0,70,-182,21,4
0,73,-180,21,4
0,70,-177,21,4
0,67,-179,21,4
0,62,-174,21,4
0,60,-179,21,4
0,51,-177,21,4
0,53,-173,21,4
0,50,-171,21,4
0,50,-168,21,4
0,50,-165,21,4
0,47,-170,21,4
0,51,-171,21,4
0,65,-174,21,4
0,65,-173,21,4
0,67,-172,21,4
0,66,-169,21,4
0,65,-167,21,4
0,64,-165,21,4
0,64,-164,21,4
0,64,-163,21,4
0,69,-164,21,4
0,70,-164,21,4
0,73,-167,20,4
0,67,-171,20,4
0,67,-170,20,4
0,71,-172,20,4
0,71,-169,20,4
0,74,-166,20,4
0,73,-163,20,4
0,69,-162,20,4
0,66,-164,20,4
0,67,-165,20,4
0,69,-166,20,4
0,70,-169,20,4
0,70,-172,17,4
0,64,-176,16,4
0,58,-176,16,4
0,59,-177,16,4
0,62,-178,16,4
0,57,-176,16,4
0,53,-181,16,4
0,50,-180,16,4
0,58,-167,16,4
0,58,-168,16,4
0,59,-168,16,4
0,63,-169,16,4
0,62,-159,16,4
0,60,-164,16,4
0,56,-164,16,4
0,53,-164,16,4
0,47,-160,16,4
0,48,-163,16,4
0,47,-164,16,4
0,49,-168,16,4
0,48,-168,16,4
0,52,-168,16,4
0,52,-170,16,4
0,73,-175,16,4
0,74,-175,16,4
0,74,-176,16,4
0,74,-178,16,4
0,73,-177,16,4
0,73,-176,16,4
0,72,-175,21,4
0,73,-174,20,4
0,77,-175,20,4
0,76,-181,20,4
0,80,-181,20,4
0,81,-179,17,4
0,79,-177,17,4
0,78,-179,17,4
0,76,-177,17,4
0,83,-174,17,4
0,85,-174,17,4
0,83,-178,17,4
0,80,-176,17,4
0,80,-175,17,4
0,78,-170,17,4
0,78,-168,17,4
0,78,-165,17,4
0,83,-167,16,4
0,84,-167,16,4
0,85,-167,16,4
0,82,-171,16,4
0,78,-169,16,4
0,81,-172,16,4
0,86,-171,16,4
0,87,-176,16,4
0,85,-178,16,4
0,84,-182,16,4
0,81,-180,16,4
0,81,-177,16,4
0,80,-173,16,4
0,75,-172,16,4
0,72,-174,16,4
0,72,-176,16,4
0,74,-174,21,4
0,69,-174,21,4
0,68,-176,21,4
0,67,-177,21,4
0,74,-182,21,4
0,72,-182,21,4
0,85,-184,21,4
0,80,-184,21,4
0,78,-184,21,4
0,75,-184,21,4
0,70,-184,20,4
0,83,-183,20,4
0,80,-185,20,4
0,60,-183,20,4
0,59,-185,20,4
0,63,-185,20,4
0,63,-184,16,4
0,60,-185,16,4
0,58,-183,16,4
0,66,-184,16,4
0,68,-184,16,4
0,50,-184,16,4
0,48,-183,16,4
0,48,-182,17,4
0,51,-182,17,4
0,53,-183,17,4
0,54,-184,17,4
0,57,-184,17,4
0,56,-182,17,4
0,52,-185,17,4
0,49,-186,16,4
0,45,-183,16,4
0,50,-181,16,4
0,64,-181,16,4
0,65,-181,16,4
0,45,-180,16,4
0,47,-179,16,4
0,43,-177,16,4
0,46,-175,16,4
0,42,-175,16,4
0,41,-175,16,4
0,39,-182,16,4
0,43,-182,16,4
0,45,-181,16,4
0,42,-180,20,4
0,41,-179,20,4
0,38,-179,20,4
0,37,-178,20,4
0,36,-175,17,4
0,38,-174,17,4
0,38,-169,17,4
0,34,-173,17,4
0,35,-169,17,4
0,39,-166,17,4
0,42,-170,21,4
0,44,-169,21,4
0,47,-171,21,4
0,44,-165,21,4
0,44,-161,20,4
0,41,-162,20,4
0,38,-163,20,4
0,35,-163,20,4
0,35,-162,20,4
0,36,-160,20,4
0,43,-162,20,4
0,43,-164,16,4
0,37,-165,16,4
0,36,-166,16,4
0,34,-166,16,4
0,33,-164,16,4
0,32,-164,16,4
0,31,-168,16,4
0,31,-170,16,4
0,31,-171,16,4
0,34,-177,16,4
0,35,-177,16,4
0,33,-176,16,4
0,37,-190,17,4
0,44,-187,17,4
0,40,-197,17,4
0,39,-192,17,4
0,40,-184,17,4
0,37,-187,17,4
0,38,-188,17,4
0,39,-188,17,4
0,48,-193,17,4
0,57,-194,17,4
0,58,-192,17,4
0,53,-191,17,4
0,48,-191,21,4
0,51,-197,21,4
0,64,-197,21,4
0,45,-197,21,4
0,42,-197,21,4
0,43,-195,21,4
0,46,-195,21,4
0,43,-190,21,4
0,41,-190,20,4
0,46,-190,20,4
0,49,-188,20,4
0,55,-188,20,4
0,61,-190,20,4
0,66,-195,20,4
0,70,-197,20,4
0,75,-194,20,4
0,73,-190,20,4
0,68,-191,20,4
0,66,-190,20,4
0,66,-188,21,4
0,61,-188,21,4
0,64,-188,21,4
0,63,-195,21,4
0,62,-194,21,4
0,65,-192,21,4
0,63,-192,17,4
0,72,-193,17,4
0,66,-196,17,4
0,68,-193,17,4
0,70,-195,17,4
0,76,-197,17,4
0,80,-196,17,4
0,80,-193,21,4
0,76,-192,21,4
0,76,-189,21,4
0,70,-188,21,4
0,84,-193,21,4
0,84,-192,21,4
0,81,-195,21,4
0,84,-197,21,4
0,82,-191,21,4
0,80,-190,21,4
0,83,-188,21,4
0,79,-187,21,4
0,77,-187,20,4
0,82,-187,20,4
0,87,-189,20,4
0,85,-191,20,4
0,85,-189,20,4
0,85,-187,20,4
0,70,-189,16,4
0,65,-188,16,4
0,58,-188,16,4
0,59,-188,16,4
0,54,-188,16,4
0,52,-188,16,4
0,49,-190,16,4
0,47,-187,16,4
0,41,-193,16,4
0,44,-192,16,4
0,43,-193,16,4
0,44,-193,16,4
0,50,-195,16,4
0,53,-195,16,4
0,54,-193,16,4
0,50,-193,16,4
0,57,-196,16,4
0,59,-196,16,4
0,60,-195,16,4
0,54,-196,16,4
0,59,-197,16,4
0,61,-197,16,4
0,62,-197,16,4
0,68,-197,16,4
0,73,-197,16,4
0,84,-195,16,4
0,75,-195,16,4
0,86,-195,16,4
0,86,-194,16,4
0,86,-197,16,4
0,88,-195,16,4
0,87,-190,16,4
0,77,-189,16,4
0,78,-189,16,4
0,81,-188,16,4
0,82,-189,16,4
0,78,-187,16,4
0,74,-186,16,4
0,71,-186,16,4
0,67,-186,16,4
