8,42,-72,0,1
8,42,-73,0,1
8,42,-74,0,1
8,42,-75,0,1
5,43,-72,5,1
5,43,-73,14,1
5,41,-72,5,1
2,41,-73,6,1
2,41,-74,1,1
2,41,-75,3,1
4,43,-74,7,1
4,43,-75,7,1
0,40,-75,11,1
0,40,-74,7,1
0,40,-73,12,1
3,40,-72,4,1
0,56,-74,3,1
0,57,-74,5,1
0,58,-74,4,1
0,59,-74,9,1
0,60,-74,3,1
0,61,-74,5,1
0,62,-74,4,1
0,63,-74,9,1
0,44,-75,6,1
0,45,-75,7,1
0,46,-75,11,1
0,47,-75,3,1
0,48,-75,6,1
0,49,-75,7,1
0,50,-75,11,1
0,51,-75,3,1
0,52,-75,6,1
0,53,-75,7,1
0,54,-75,11,1
0,55,-75,3,1
0,56,-75,6,1
0,57,-75,7,1
0,58,-75,11,1
0,59,-75,3,1
0,60,-75,6,1
0,61,-75,7,1
0,62,-75,11,1
0,63,-75,3,1
2,39,-85,18,1
2,39,-80,18,1
2,39,-79,18,1
2,39,-78,18,1
2,39,-77,18,1
2,39,-76,18,1
0,40,-80,42,1
0,41,-80,43,1
0,42,-81,43,1
0,41,-81,48,1
0,40,-81,48,1
0,42,-82,39,1
0,41,-83,39,1
0,40,-84,39,1
0,40,-83,48,1
0,40,-82,48,1
0,41,-82,48,1
0,38,-83,38,1
0,38,-82,42,1
2,39,-84,38,1
2,39,-83,48,1
2,39,-82,48,1
2,39,-81,42,1
8,63,-86,0,1
8,63,-85,0,1
8,63,-84,0,1
8,63,-83,0,1
8,63,-82,0,1
8,63,-81,0,1
8,63,-80,0,1
8,63,-79,0,1
8,63,-78,0,1
8,63,-77,0,1
4,64,-77,7,1
4,64,-78,0,1
4,64,-79,4,1
4,64,-80,14,1
4,64,-81,40,1
4,64,-82,36,1
0,65,-82,37,1
0,65,-81,41,1
0,65,-80,14,1
0,65,-79,3,1
0,65,-78,2,1
0,65,-77,6,1
0,64,-76,4,1
0,64,-75,1,1
0,64,-74,4,1
0,65,-74,6,1
0,65,-75,7,1
0,65,-76,12,1
4,64,-83,14,1
4,64,-84,7,1
5,58,-83,15,1
5,58,-84,13,1
0,66,-82,14,1
0,66,-81,12,1
0,66,-80,4,1
0,66,-79,1,1
0,66,-78,11,1
0,66,-77,7,1
0,66,-76,6,1
0,66,-75,11,1
0,66,-74,14,1
0,66,-73,12,1
0,65,-73,11,1
0,64,-73,0,1
0,67,-73,6,1
0,67,-74,0,1
0,67,-75,3,1
0,67,-76,14,1
0,67,-77,11,1
0,67,-78,6,1
0,67,-79,7,1
0,67,-80,12,1
0,67,-81,6,1
0,67,-82,0,1
0,65,-83,0,1
0,66,-83,11,1
0,67,-83,3,1
0,65,-84,6,1
0,66,-84,7,1
0,67,-84,11,1
0,67,-85,6,1
0,66,-85,11,1
0,65,-85,2,1
4,64,-85,0,1
4,64,-86,4,1
4,64,-87,14,1
4,64,-88,0,1
4,64,-89,4,1
8,63,-89,0,1
8,63,-88,0,1
8,63,-87,0,1
5,62,-89,4,1
5,62,-90,14,1
5,62,-91,0,1
8,63,-91,0,1
8,63,-90,0,1
4,64,-90,14,1
4,64,-91,14,1
4,64,-92,40,1
4,64,-93,36,1
0,65,-93,37,1
0,65,-92,41,1
0,65,-87,14,1
0,65,-86,3,1
0,66,-86,1,1
0,67,-86,7,1
0,65,-88,11,1
0,66,-88,12,1
0,67,-88,6,1
0,67,-87,12,1
0,66,-87,4,1
0,44,-74,4,1
0,45,-74,9,1
0,46,-74,3,1
0,47,-74,5,1
0,48,-74,4,1
0,49,-74,9,1
0,50,-74,3,1
0,51,-74,5,1
0,52,-74,4,1
0,53,-74,9,1
0,54,-74,3,1
0,55,-74,5,1
1,43,-76,0,1
1,44,-76,0,1
1,45,-76,2,1
1,46,-76,1,1
1,47,-76,13,1
1,48,-76,0,1
1,49,-76,2,1
1,50,-76,1,1
1,51,-76,13,1
1,52,-76,0,1
1,53,-76,2,1
1,54,-76,1,1
1,55,-76,13,1
1,56,-76,0,1
1,57,-76,2,1
1,58,-76,1,1
1,59,-76,13,1
1,60,-76,0,1
1,61,-76,2,1
1,62,-76,1,1
1,63,-76,13,1
1,41,-76,13,1
1,40,-76,1,1
0,65,-89,6,1
0,66,-89,14,1
0,67,-89,0,1
0,67,-90,3,1
0,66,-90,11,1
0,65,-90,0,1
0,41,-87,42,1
0,42,-87,43,1
0,40,-88,42,1
0,39,-89,42,1
0,40,-89,48,1
0,41,-89,48,1
0,42,-89,48,1
0,41,-88,48,1
0,42,-88,48,1
0,43,-88,43,1
0,44,-89,43,1
0,45,-89,42,1
0,46,-88,42,1
0,47,-87,42,1
0,48,-86,42,1
0,49,-86,43,1
0,50,-87,43,1
0,51,-88,43,1
0,52,-88,42,1
0,53,-87,42,1
0,54,-87,43,1
0,55,-88,43,1
0,56,-88,42,1
0,57,-87,42,1
0,58,-86,42,1
0,59,-86,43,1
0,60,-87,43,1
0,61,-88,43,1
0,61,-89,39,1
0,60,-90,39,1
0,43,-89,48,1
0,46,-90,48,1
0,46,-89,48,1
0,47,-90,48,1
0,47,-89,48,1
0,48,-90,48,1
0,48,-89,48,1
0,49,-90,48,1
0,49,-89,48,1
0,50,-90,48,1
0,50,-89,48,1
0,51,-90,48,1
0,51,-89,48,1
0,52,-90,48,1
0,52,-89,48,1
0,53,-90,48,1
0,53,-89,48,1
0,54,-90,48,1
0,54,-89,48,1
0,55,-90,48,1
0,55,-89,48,1
0,56,-90,48,1
0,56,-89,48,1
0,57,-90,48,1
0,57,-89,48,1
0,58,-90,48,1
0,58,-89,48,1
0,59,-90,48,1
0,59,-89,48,1
0,48,-88,48,1
0,48,-87,48,1
0,49,-87,48,1
0,49,-88,48,1
0,50,-88,48,1
0,53,-88,48,1
0,54,-88,48,1
0,47,-88,48,1
0,57,-88,48,1
0,58,-88,48,1
0,59,-88,48,1
0,60,-88,48,1
0,60,-89,48,1
0,59,-87,48,1
0,58,-87,48,1
0,60,-91,43,1
0,61,-92,43,1
0,61,-93,39,1
0,58,-94,39,1
0,57,-95,39,1
0,56,-96,39,1
0,55,-97,39,1
0,54,-98,39,1
0,53,-99,39,1
0,46,-95,48,1
0,47,-94,48,1
0,47,-93,48,1
0,47,-92,48,1
0,48,-94,48,1
0,48,-93,48,1
0,48,-92,48,1
0,49,-94,48,1
0,49,-93,48,1
0,49,-92,48,1
0,50,-94,48,1
0,50,-93,48,1
0,50,-92,48,1
0,51,-94,48,1
0,51,-93,48,1
0,51,-92,48,1
0,52,-94,48,1
0,52,-93,48,1
0,52,-92,48,1
0,53,-94,48,1
0,53,-93,48,1
0,53,-92,48,1
0,54,-95,48,1
0,54,-94,48,1
0,54,-93,48,1
0,55,-95,48,1
0,55,-94,48,1
0,55,-93,48,1
0,56,-95,48,1
0,56,-94,48,1
0,56,-93,48,1
0,56,-92,48,1
0,47,-96,48,1
0,47,-95,48,1
0,48,-98,48,1
0,48,-97,48,1
0,48,-96,48,1
0,48,-95,48,1
0,49,-98,48,1
0,49,-97,48,1
0,49,-96,48,1
0,49,-95,48,1
0,50,-98,48,1
0,50,-97,48,1
0,50,-96,48,1
0,50,-95,48,1
0,51,-98,48,1
0,51,-97,48,1
0,51,-96,48,1
0,51,-95,48,1
0,52,-98,48,1
0,52,-97,48,1
0,52,-96,48,1
0,52,-95,48,1
0,53,-98,48,1
0,53,-97,48,1
0,53,-96,48,1
0,53,-95,48,1
0,54,-97,48,1
0,54,-96,48,1
0,55,-96,48,1
0,46,-98,48,1
0,46,-97,48,1
0,47,-98,48,1
0,47,-97,48,1
0,46,-96,48,1
0,42,-91,48,1
0,43,-91,48,1
0,44,-91,48,1
0,45,-91,48,1
0,46,-91,48,1
0,47,-91,48,1
0,48,-91,48,1
0,49,-91,48,1
0,50,-91,48,1
0,51,-91,48,1
0,52,-91,48,1
0,53,-91,48,1
0,54,-91,48,1
0,55,-91,48,1
0,56,-91,48,1
0,57,-91,48,1
0,58,-91,48,1
0,59,-91,48,1
0,60,-93,48,1
0,60,-92,48,1
0,59,-92,48,1
0,59,-93,48,1
0,58,-93,48,1
0,58,-92,48,1
0,57,-92,48,1
0,57,-93,48,1
0,57,-94,48,1
0,39,-90,48,1
0,40,-90,48,1
0,41,-90,48,1
0,42,-90,48,1
0,43,-90,48,1
0,44,-90,48,1
0,45,-90,48,1
0,38,-90,42,1
0,37,-91,42,1
0,36,-92,42,1
0,35,-93,42,1
0,36,-93,48,1
0,37,-93,48,1
0,38,-93,48,1
0,39,-93,48,1
0,40,-93,48,1
0,41,-93,48,1
0,42,-93,48,1
0,43,-93,48,1
0,44,-93,48,1
0,45,-93,48,1
0,46,-93,48,1
0,36,-94,48,1
0,37,-94,48,1
0,38,-94,48,1
0,39,-94,48,1
0,40,-94,48,1
0,41,-94,48,1
0,42,-94,48,1
0,43,-94,48,1
0,44,-94,48,1
0,45,-94,48,1
0,46,-94,48,1
0,37,-92,48,1
0,38,-92,48,1
0,39,-92,48,1
0,40,-92,48,1
0,41,-92,48,1
0,42,-92,48,1
0,43,-92,48,1
0,44,-92,48,1
0,45,-92,48,1
0,46,-92,48,1
0,38,-91,48,1
0,39,-91,48,1
0,40,-91,48,1
0,41,-91,48,1
0,65,-91,4,1
0,66,-91,6,1
0,67,-91,14,1
8,63,-92,0,1
8,63,-93,0,1
0,66,-92,7,1
0,67,-92,11,1
0,66,-93,11,1
0,67,-93,6,1
9,42,-76,0,1
5,54,-92,8,1
5,55,-92,10,1
5,60,-94,10,1
5,59,-94,8,1
