5,94,20,6,1
1,87,19,4,1
1,88,19,4,1
1,89,19,4,1
1,91,19,4,1
1,92,19,4,1
1,93,19,4,1
5,94,19,4,1
5,94,21,4,1
5,95,21,4,1
5,96,21,4,1
1,63,21,4,1
1,64,21,4,1
1,65,21,4,1
1,66,21,4,1
1,67,21,4,1
1,68,21,4,1
1,53,21,4,1
1,54,21,4,1
1,55,21,4,1
1,56,21,4,1
1,57,21,4,1
1,45,22,4,1
1,46,22,4,1
1,47,22,4,1
1,48,22,4,1
1,49,22,4,1
1,50,22,4,1
1,37,23,4,1
1,38,23,4,1
1,39,23,4,1
1,40,23,4,1
1,41,23,4,1
1,42,23,4,1
1,29,20,4,1
1,30,20,4,1
1,31,20,4,1
1,32,20,4,1
1,33,20,4,1
1,34,20,4,1
1,97,24,4,1
1,98,24,4,1
4,99,17,6,1
4,99,18,6,1
4,99,19,6,1
4,99,20,6,1
4,99,21,6,1
4,99,22,6,1
4,99,23,6,1
4,99,25,6,1
4,99,26,6,1
4,99,27,6,1
4,99,28,6,1
4,99,29,6,1
0,99,24,4,1
2,94,22,6,1
2,94,23,6,1
2,94,24,6,1
2,94,25,6,1
2,94,26,6,1
2,94,27,6,1
2,94,28,6,1
2,94,29,6,1
1,90,19,4,1
0-0-3,87,15,0,1
0-0-3,87,18,0,1
0-0-3,87,21,0,1
0-0-3,87,22,0,1
0-0-3,87,23,0,1
0-0-3,87,24,0,1
0-0-3,87,25,0,1
0-0-3,87,26,0,1
0-0-3,87,27,0,1
0-0-3,87,28,0,1
0-0-3,89,10,0,1
0-0-3,89,11,0,1
0-0-3,89,12,0,1
0-0-3,89,13,0,1
0-0-3,89,14,0,1
0-0-3,89,15,0,1
0-0-3,89,16,0,1
0-0-3,89,17,0,1
0-0-3,89,18,0,1
0-0-3,89,21,0,1
0-0-3,89,22,0,1
0-0-3,89,23,0,1
0-0-3,89,24,0,1
0-0-3,89,25,0,1
0-0-3,89,26,0,1
0-0-3,89,27,0,1
0-0-3,89,28,0,1
0-0-3,91,10,0,1
0-0-3,91,11,0,1
0-0-3,91,12,0,1
0-0-3,91,13,0,1
0-0-3,91,14,0,1
0-0-3,91,15,0,1
0-0-3,91,16,0,1
0-0-3,91,17,0,1
0-0-3,91,18,0,1
0-0-3,91,21,0,1
0-0-3,91,22,0,1
0-0-3,91,23,0,1
0-0-3,91,24,0,1
0-0-3,91,25,0,1
0-0-3,91,26,0,1
0-0-3,91,27,0,1
0-0-3,91,28,0,1
0-0-3,87,10,0,1
0-0-3,87,11,0,1
0-0-3,87,12,0,1
0-0-3,87,13,0,1
0-0-3,87,14,0,1
0-1-3,88,10,0,1
0-1-3,88,11,0,1
0-1-3,88,12,0,1
0-1-3,88,13,0,1
0-1-3,88,14,0,1
0-1-3,88,15,0,1
0-1-3,88,16,0,1
0-1-3,88,17,0,1
0-1-3,88,18,0,1
0-1-3,88,21,0,1
0-1-3,88,22,0,1
0-1-3,88,23,0,1
0-1-3,88,24,0,1
0-1-3,88,25,0,1
0-1-3,88,26,0,1
0-1-3,88,27,0,1
0-1-3,88,28,0,1
0-1-3,90,10,0,1
0-1-3,90,11,0,1
0-1-3,90,12,0,1
0-1-3,90,13,0,1
0-1-3,90,14,0,1
0-1-3,90,15,0,1
0-1-3,90,16,0,1
0-1-3,90,17,0,1
0-1-3,90,18,0,1
0-1-3,90,21,0,1
0-1-3,90,22,0,1
0-1-3,90,23,0,1
0-1-3,90,24,0,1
0-1-3,90,25,0,1
0-1-3,90,26,0,1
0-1-3,90,27,0,1
0-1-3,90,28,0,1
0-1-3,92,21,0,1
0-1-3,92,22,0,1
0-1-3,92,23,0,1
0-1-3,92,24,0,1
0-1-3,92,25,0,1
0-1-3,92,26,0,1
0-1-3,92,27,0,1
0-1-3,92,28,0,1
0-1-3,92,10,0,1
0-1-3,92,11,0,1
0-1-3,92,12,0,1
0-1-3,92,13,0,1
0-1-3,92,14,0,1
0-1-3,92,15,0,1
0-1-3,92,16,0,1
0-1-3,92,17,0,1
0-1-3,92,18,0,1
0-2-3,87,20,0,1
0-2-3,88,20,0,1
0-2-3,89,20,0,1
0-2-3,90,20,0,1
0-2-3,91,20,0,1
0-2-3,92,20,0,1
0-2-3,93,20,0,1
0-0-3,93,21,0,1
0-0-3,93,22,0,1
0-0-3,93,23,0,1
0-0-3,93,24,0,1
0-0-3,93,25,0,1
0-0-3,93,26,0,1
0-0-3,93,27,0,1
0-0-3,93,28,0,1
0-0-3,93,10,0,1
0-0-3,93,12,0,1
0-0-3,93,13,0,1
0-0-3,93,14,0,1
0-0-3,93,15,0,1
0-0-3,93,16,0,1
0-0-3,93,17,0,1
0-0-3,93,18,0,1
0-0-3,87,16,0,1
0-0-3,87,17,0,1
0-1-3,86,10,0,1
0-1-3,86,11,0,1
0-1-3,86,14,0,1
0-1-3,86,15,0,1
0-1-3,86,16,0,1
0-1-3,86,17,0,1
0-1-3,86,18,0,1
0-1-3,86,19,0,1
0-1-3,86,20,0,1
0-1-3,86,21,0,1
0-1-3,86,22,0,1
0-1-3,86,23,0,1
0-1-3,86,24,0,1
0-1-3,86,25,0,1
0-1-3,86,26,0,1
0-1-3,86,27,0,1
0-1-3,86,28,0,1
0-1-3,94,10,0,1
0-1-3,94,11,0,1
0-1-3,94,12,0,1
0-1-3,94,13,0,1
0-1-3,94,14,0,1
0-1-3,94,15,0,1
0-1-3,94,16,0,1
0-1-3,94,17,0,1
0-1-3,94,18,0,1
0-0-3,95,10,0,1
0-0-3,95,11,0,1
0-0-3,95,12,0,1
0-0-3,95,14,0,1
0-0-3,95,15,0,1
0-0-3,95,16,0,1
0-0-3,95,17,0,1
0-0-3,95,18,0,1
0-0-3,93,11,0,1
0-0-3,95,19,0,1
0-0-3,95,20,0,1
0-2-3,95,22,0,1
0-2-3,96,22,0,1
0-2-3,97,25,0,1
0-2-3,98,25,0,1
0-0-3,95,23,0,1
0-0-3,95,24,0,1
0-0-3,95,25,0,1
0-0-3,95,26,0,1
0-0-3,95,27,0,1
0-0-3,95,28,0,1
0-0-3,95,29,0,1
0-0-3,95,13,0,1
0-1-3,96,10,0,1
0-1-3,96,11,0,1
0-1-3,96,12,0,1
0-1-3,96,13,0,1
0-1-3,96,14,0,1
0-1-3,96,15,0,1
0-1-3,96,16,0,1
0-1-3,96,17,0,1
0-1-3,96,18,0,1
0-1-3,96,19,0,1
0-1-3,96,20,0,1
0-1-3,96,23,0,1
0-1-3,96,24,0,1
0-1-3,96,25,0,1
0-1-3,96,26,0,1
0-1-3,96,27,0,1
0-1-3,96,28,0,1
0-1-3,96,29,0,1
0-1-3,98,26,0,1
0-1-3,98,27,0,1
0-1-3,98,28,0,1
0-1-3,98,29,0,1
0-1-3,98,11,0,1
0-1-3,98,12,0,1
0-1-3,98,13,0,1
0-1-3,98,14,0,1
0-1-3,98,15,0,1
0-1-3,98,16,0,1
0-1-3,98,17,0,1
0-1-3,98,18,0,1
0-1-3,98,19,0,1
0-1-3,98,20,0,1
0-1-3,98,21,0,1
0-1-3,98,22,0,1
0-1-3,98,23,0,1
0-0-3,97,10,0,1
0-0-3,97,11,0,1
0-0-3,97,12,0,1
0-0-3,97,13,0,1
0-0-3,97,14,0,1
0-0-3,97,15,0,1
0-0-3,97,16,0,1
0-0-3,97,17,0,1
0-0-3,97,18,0,1
0-0-3,97,19,0,1
0-0-3,97,20,0,1
0-0-3,97,21,0,1
0-0-3,97,22,0,1
0-0-3,97,23,0,1
0-0-3,97,26,0,1
0-0-3,97,27,0,1
0-0-3,97,28,0,1
0-0-3,97,29,0,1
0-1-3,98,10,0,1
0-1-3,100,11,0,1
0-1-3,100,12,0,1
0-1-3,100,13,0,1
0-1-3,100,14,0,1
0-1-3,100,15,0,1
0-1-3,100,16,0,1
0-1-3,100,17,0,1
0-1-3,100,18,0,1
0-1-3,100,19,0,1
0-1-3,100,20,0,1
0-1-3,100,21,0,1
0-1-3,100,22,0,1
0-1-3,100,23,0,1
0-1-3,100,24,0,1
0-1-3,100,25,0,1
0-1-3,100,26,0,1
0-1-3,100,27,0,1
0-1-3,100,28,0,1
0-1-3,100,29,0,1
0-1-3,100,10,0,1
0-0-3,101,10,0,1
0-0-3,101,11,0,1
0-0-3,101,12,0,1
0-0-3,101,13,0,1
0-0-3,101,14,0,1
0-0-3,101,15,0,1
0-0-3,101,16,0,1
0-0-3,101,17,0,1
0-0-3,101,18,0,1
0-0-3,101,19,0,1
0-0-3,101,20,0,1
0-0-3,101,21,0,1
0-0-3,101,22,0,1
0-0-3,101,23,0,1
0-0-3,101,24,0,1
0-0-3,101,25,0,1
0-0-3,101,26,0,1
0-0-3,101,27,0,1
0-0-3,101,28,0,1
0-0-3,101,29,0,1
0-0-3,103,10,0,1
0-0-3,103,11,0,1
0-0-3,103,12,0,1
0-0-3,103,13,0,1
0-0-3,103,14,0,1
0-0-3,103,15,0,1
0-0-3,103,16,0,1
0-0-3,103,17,0,1
0-0-3,103,18,0,1
0-0-3,103,19,0,1
0-0-3,103,20,0,1
0-0-3,103,21,0,1
0-0-3,103,22,0,1
0-0-3,103,23,0,1
0-0-3,103,24,0,1
0-0-3,103,25,0,1
0-0-3,103,26,0,1
0-0-3,103,27,0,1
0-0-3,103,28,0,1
0-0-3,103,29,0,1
0-0-3,105,10,0,1
0-0-3,105,11,0,1
0-0-3,105,12,0,1
0-0-3,105,13,0,1
0-0-3,105,14,0,1
0-0-3,105,15,0,1
0-0-3,105,16,0,1
0-0-3,105,17,0,1
0-0-3,105,18,0,1
0-0-3,105,19,0,1
0-0-3,105,20,0,1
0-0-3,105,21,0,1
0-0-3,105,22,0,1
0-0-3,105,23,0,1
0-0-3,105,24,0,1
0-0-3,105,25,0,1
0-0-3,105,26,0,1
0-0-3,105,27,0,1
0-0-3,105,28,0,1
0-0-3,105,29,0,1
0-0-3,107,10,0,1
0-0-3,107,11,0,1
0-0-3,107,12,0,1
0-0-3,107,13,0,1
0-0-3,107,14,0,1
0-0-3,107,15,0,1
0-0-3,107,16,0,1
0-0-3,107,17,0,1
0-0-3,107,18,0,1
0-0-3,107,19,0,1
0-0-3,107,20,0,1
0-0-3,107,21,0,1
0-0-3,107,22,0,1
0-0-3,107,23,0,1
0-0-3,107,24,0,1
0-0-3,107,25,0,1
0-0-3,107,26,0,1
0-0-3,107,27,0,1
0-0-3,107,28,0,1
0-0-3,107,29,0,1
0-0-3,109,10,0,1
0-0-3,109,11,0,1
0-0-3,109,12,0,1
0-0-3,109,13,0,1
0-0-3,109,14,0,1
0-0-3,109,15,0,1
0-0-3,109,16,0,1
0-0-3,109,17,0,1
0-0-3,109,18,0,1
0-0-3,109,19,0,1
0-0-3,109,20,0,1
0-0-3,109,21,0,1
0-0-3,109,22,0,1
0-0-3,109,23,0,1
0-0-3,109,24,0,1
0-0-3,109,25,0,1
0-0-3,109,26,0,1
0-0-3,109,27,0,1
0-0-3,109,28,0,1
0-0-3,109,29,0,1
0-1-3,102,10,0,1
0-1-3,102,11,0,1
0-1-3,102,12,0,1
0-1-3,102,13,0,1
0-1-3,102,14,0,1
0-1-3,102,15,0,1
0-1-3,102,16,0,1
0-1-3,102,17,0,1
0-1-3,102,18,0,1
0-1-3,102,19,0,1
0-1-3,102,20,0,1
0-1-3,102,21,0,1
0-1-3,102,22,0,1
0-1-3,102,23,0,1
0-1-3,102,24,0,1
0-1-3,102,25,0,1
0-1-3,102,26,0,1
0-1-3,102,27,0,1
0-1-3,102,28,0,1
0-1-3,102,29,0,1
0-1-3,104,10,0,1
0-1-3,104,11,0,1
0-1-3,104,12,0,1
0-1-3,104,13,0,1
0-1-3,104,14,0,1
0-1-3,104,15,0,1
0-1-3,104,16,0,1
0-1-3,104,17,0,1
0-1-3,104,18,0,1
0-1-3,104,19,0,1
0-1-3,104,20,0,1
0-1-3,104,21,0,1
0-1-3,104,22,0,1
0-1-3,104,23,0,1
0-1-3,104,24,0,1
0-1-3,104,25,0,1
0-1-3,104,26,0,1
0-1-3,104,27,0,1
0-1-3,104,28,0,1
0-1-3,104,29,0,1
0-1-3,106,10,0,1
0-1-3,106,11,0,1
0-1-3,106,12,0,1
0-1-3,106,13,0,1
0-1-3,106,14,0,1
0-1-3,106,15,0,1
0-1-3,106,16,0,1
0-1-3,106,17,0,1
0-1-3,106,18,0,1
0-1-3,106,19,0,1
0-1-3,106,20,0,1
0-1-3,106,21,0,1
0-1-3,106,22,0,1
0-1-3,106,23,0,1
0-1-3,106,24,0,1
0-1-3,106,25,0,1
0-1-3,106,26,0,1
0-1-3,106,27,0,1
0-1-3,106,28,0,1
0-1-3,106,29,0,1
0-1-3,108,10,0,1
0-1-3,108,11,0,1
0-1-3,108,12,0,1
0-1-3,108,13,0,1
0-1-3,108,14,0,1
0-1-3,108,15,0,1
0-1-3,108,16,0,1
0-1-3,108,17,0,1
0-1-3,108,18,0,1
0-1-3,108,19,0,1
0-1-3,108,20,0,1
0-1-3,108,21,0,1
0-1-3,108,22,0,1
0-1-3,108,23,0,1
0-1-3,108,24,0,1
0-1-3,108,25,0,1
0-1-3,108,26,0,1
0-1-3,108,27,0,1
0-1-3,108,28,0,1
0-1-3,108,29,0,1
0-1-3,110,10,0,1
0-1-3,110,11,0,1
0-1-3,110,12,0,1
0-1-3,110,13,0,1
0-1-3,110,14,0,1
0-1-3,110,15,0,1
0-1-3,110,16,0,1
0-1-3,110,17,0,1
0-1-3,110,18,0,1
0-1-3,110,19,0,1
0-1-3,110,20,0,1
0-1-3,110,21,0,1
0-1-3,110,22,0,1
0-1-3,110,23,0,1
0-1-3,110,24,0,1
0-1-3,110,25,0,1
0-1-3,110,26,0,1
0-1-3,110,27,0,1
0-1-3,110,28,0,1
0-1-3,110,29,0,1
0,99,10,6,1
0,99,11,6,1
0,99,12,6,1
0,99,13,6,1
0,99,14,6,1
0,99,15,6,1
0,99,16,6,1
0-1-3,86,13,0,1
0-1-3,86,12,0,1
0-1-3,84,10,0,1
0-1-3,84,11,0,1
0-1-3,84,12,0,1
0-1-3,84,13,0,1
0-1-3,84,14,0,1
0-1-3,84,15,0,1
0-1-3,84,16,0,1
0-1-3,84,17,0,1
0-1-3,84,18,0,1
0-1-3,84,19,0,1
0-1-3,84,20,0,1
0-1-3,84,21,0,1
0-1-3,84,22,0,1
0-1-3,84,23,0,1
0-1-3,84,24,0,1
0-1-3,84,25,0,1
0-1-3,84,26,0,1
0-1-3,84,27,0,1
0-1-3,84,28,0,1
0-1-3,82,10,0,1
0-1-3,82,11,0,1
0-1-3,82,12,0,1
0-1-3,82,13,0,1
0-1-3,82,14,0,1
0-1-3,82,15,0,1
0-1-3,82,16,0,1
0-1-3,82,17,0,1
0-1-3,82,18,0,1
0-1-3,82,19,0,1
0-1-3,82,20,0,1
0-1-3,82,21,0,1
0-1-3,82,22,0,1
0-1-3,82,23,0,1
0-1-3,82,24,0,1
0-1-3,82,25,0,1
0-1-3,82,26,0,1
0-1-3,82,27,0,1
0-1-3,82,28,0,1
0-1-3,78,10,0,1
0-1-3,78,11,0,1
0-1-3,78,12,0,1
0-1-3,78,13,0,1
0-1-3,78,14,0,1
0-1-3,78,15,0,1
0-1-3,78,16,0,1
0-1-3,78,17,0,1
0-1-3,78,18,0,1
0-1-3,78,19,0,1
0-1-3,78,20,0,1
0-1-3,78,21,0,1
0-1-3,78,22,0,1
0-1-3,78,23,0,1
0-1-3,78,24,0,1
0-1-3,78,25,0,1
0-1-3,78,26,0,1
0-1-3,78,27,0,1
0-1-3,78,28,0,1
0-1-3,78,29,0,1
0-0-3,79,10,0,1
0-0-3,79,11,0,1
0-0-3,79,12,0,1
0-0-3,79,13,0,1
0-0-3,79,14,0,1
0-0-3,79,15,0,1
0-0-3,79,16,0,1
0-0-3,79,17,0,1
0-0-3,79,18,0,1
0-0-3,79,19,0,1
0-0-3,79,20,0,1
0-0-3,79,21,0,1
0-0-3,79,22,0,1
0-0-3,79,23,0,1
0-0-3,79,24,0,1
0-0-3,79,25,0,1
0-0-3,79,26,0,1
0-0-3,79,27,0,1
0-0-3,79,28,0,1
0-0-3,79,29,0,1
0-0-3,81,10,0,1
0-0-3,81,11,0,1
0-0-3,81,12,0,1
0-0-3,81,13,0,1
0-0-3,81,14,0,1
0-0-3,81,15,0,1
0-0-3,81,16,0,1
0-0-3,81,17,0,1
0-0-3,81,18,0,1
0-0-3,81,19,0,1
0-0-3,81,20,0,1
0-0-3,81,21,0,1
0-0-3,81,22,0,1
0-0-3,81,23,0,1
0-0-3,81,24,0,1
0-0-3,81,25,0,1
0-0-3,81,26,0,1
0-0-3,81,27,0,1
0-0-3,81,28,0,1
0-0-3,81,29,0,1
0-0-3,83,10,0,1
0-0-3,83,11,0,1
0-0-3,83,12,0,1
0-0-3,83,13,0,1
0-0-3,83,14,0,1
0-0-3,83,15,0,1
0-0-3,83,16,0,1
0-0-3,83,17,0,1
0-0-3,83,18,0,1
0-0-3,83,19,0,1
0-0-3,83,20,0,1
0-0-3,83,21,0,1
0-0-3,83,22,0,1
0-0-3,83,23,0,1
0-0-3,83,24,0,1
0-0-3,83,25,0,1
0-0-3,83,26,0,1
0-0-3,83,27,0,1
0-0-3,83,28,0,1
0-0-3,83,29,0,1
0-0-3,85,10,0,1
0-0-3,85,11,0,1
0-0-3,85,12,0,1
0-0-3,85,13,0,1
0-0-3,85,14,0,1
0-0-3,85,15,0,1
0-0-3,85,16,0,1
0-0-3,85,17,0,1
0-0-3,85,18,0,1
0-0-3,85,19,0,1
0-0-3,85,20,0,1
0-0-3,85,21,0,1
0-0-3,85,22,0,1
0-0-3,85,23,0,1
0-0-3,85,24,0,1
0-0-3,85,25,0,1
0-0-3,85,26,0,1
0-0-3,85,27,0,1
0-0-3,85,28,0,1
0-0-3,85,29,0,1
0-1-3,80,10,0,1
0-1-3,80,11,0,1
0-1-3,80,12,0,1
0-1-3,80,13,0,1
0-1-3,80,14,0,1
0-1-3,80,15,0,1
0-1-3,80,16,0,1
0-1-3,80,17,0,1
0-1-3,80,18,0,1
0-1-3,80,19,0,1
0-1-3,80,20,0,1
0-1-3,80,21,0,1
0-1-3,80,22,0,1
0-1-3,80,23,0,1
0-1-3,80,24,0,1
0-1-3,80,25,0,1
0-1-3,80,26,0,1
0-1-3,80,27,0,1
0-1-3,80,28,0,1
0-1-3,80,29,0,1
1,31,5,4,1
1,58,23,4,1
1,59,23,4,1
1,60,23,4,1
1,61,23,4,1
1,62,23,4,1
5,58,21,4,1
5,62,21,4,1
0-0-3,60,7,0,2
0-0-3,60,8,0,2
0-0-3,60,9,0,2
0-0-3,60,10,0,2
0-0-3,60,11,0,2
0-0-3,60,12,0,2
0-0-3,60,13,0,2
0-0-3,60,14,0,2
0-0-3,60,15,0,2
0-0-3,60,16,0,2
0-0-3,60,17,0,2
0-0-3,60,18,0,2
0-0-3,60,19,0,2
0-0-3,60,20,0,2
0-0-3,60,21,0,2
0-0-3,60,22,0,2
0-0-3,60,23,0,2
0-0-3,60,24,0,2
0-0-3,60,25,0,2
0-0-3,60,26,0,2
0-0-3,60,27,0,2
0-0-3,60,28,0,2
0-0-3,60,29,0,2
0-0-3,60,30,0,2
0-0-3,62,7,0,2
0-0-3,62,8,0,2
0-0-3,62,9,0,2
0-0-3,62,10,0,2
0-0-3,62,11,0,2
0-0-3,62,12,0,2
0-0-3,62,13,0,2
0-0-3,62,14,0,2
0-0-3,62,15,0,2
0-0-3,62,16,0,2
0-0-3,62,17,0,2
0-0-3,62,18,0,2
0-0-3,62,19,0,2
0-0-3,62,20,0,2
0-0-3,62,21,0,2
0-0-3,62,22,0,2
0-0-3,62,23,0,2
0-0-3,62,24,0,2
0-0-3,62,25,0,2
0-0-3,62,26,0,2
0-0-3,62,27,0,2
0-0-3,62,28,0,2
0-0-3,62,29,0,2
0-0-3,62,30,0,2
0-0-3,64,7,0,2
0-0-3,64,8,0,2
0-0-3,64,9,0,2
0-0-3,64,10,0,2
0-0-3,64,11,0,2
0-0-3,64,12,0,2
0-0-3,64,13,0,2
0-0-3,64,14,0,2
0-0-3,64,15,0,2
0-0-3,64,16,0,2
0-0-3,64,17,0,2
0-0-3,64,18,0,2
0-0-3,64,19,0,2
0-0-3,64,20,0,2
0-0-3,64,21,0,2
0-0-3,64,22,0,2
0-0-3,64,23,0,2
0-0-3,64,24,0,2
0-0-3,64,25,0,2
0-0-3,64,26,0,2
0-0-3,64,27,0,2
0-0-3,64,28,0,2
0-0-3,64,29,0,2
0-0-3,64,30,0,2
0-0-3,66,7,0,2
0-0-3,66,8,0,2
0-0-3,66,9,0,2
0-0-3,66,10,0,2
0-0-3,66,11,0,2
0-0-3,66,12,0,2
0-0-3,66,13,0,2
0-0-3,66,14,0,2
0-0-3,66,15,0,2
0-0-3,66,16,0,2
0-0-3,66,17,0,2
0-0-3,66,18,0,2
0-0-3,66,19,0,2
0-0-3,66,20,0,2
0-0-3,66,21,0,2
0-0-3,66,22,0,2
0-0-3,66,23,0,2
0-0-3,66,24,0,2
0-0-3,66,25,0,2
0-0-3,66,26,0,2
0-0-3,66,27,0,2
0-0-3,66,28,0,2
0-0-3,66,29,0,2
0-0-3,66,30,0,2
0-0-3,68,7,0,2
0-0-3,68,8,0,2
0-0-3,68,9,0,2
0-0-3,68,10,0,2
0-0-3,68,11,0,2
0-0-3,68,12,0,2
0-0-3,68,13,0,2
0-0-3,68,14,0,2
0-0-3,68,15,0,2
0-0-3,68,16,0,2
0-0-3,68,17,0,2
0-0-3,68,18,0,2
0-0-3,68,19,0,2
0-0-3,68,20,0,2
0-0-3,68,21,0,2
0-0-3,68,22,0,2
0-0-3,68,23,0,2
0-0-3,68,24,0,2
0-0-3,68,25,0,2
0-0-3,68,26,0,2
0-0-3,68,27,0,2
0-0-3,68,28,0,2
0-0-3,68,29,0,2
0-0-3,68,30,0,2
0-1-3,69,7,0,2
0-1-3,69,8,0,2
0-1-3,69,9,0,2
0-1-3,69,10,0,2
0-1-3,69,11,0,2
0-1-3,69,12,0,2
0-1-3,69,13,0,2
0-1-3,69,14,0,2
0-1-3,69,15,0,2
0-1-3,69,16,0,2
0-1-3,69,17,0,2
0-1-3,69,18,0,2
0-1-3,69,19,0,2
0-1-3,69,20,0,2
0-1-3,69,21,0,2
0-1-3,69,22,0,2
0-1-3,69,23,0,2
0-1-3,69,24,0,2
0-1-3,69,25,0,2
0-1-3,69,26,0,2
0-1-3,69,27,0,2
0-1-3,69,28,0,2
0-1-3,69,29,0,2
0-1-3,69,30,0,2
0-1-3,67,7,0,2
0-1-3,67,8,0,2
0-1-3,67,9,0,2
0-1-3,67,10,0,2
0-1-3,67,11,0,2
0-1-3,67,12,0,2
0-1-3,67,13,0,2
0-1-3,67,14,0,2
0-1-3,67,15,0,2
0-1-3,67,16,0,2
0-1-3,67,17,0,2
0-1-3,67,18,0,2
0-1-3,67,19,0,2
0-1-3,67,20,0,2
0-1-3,67,21,0,2
0-1-3,67,22,0,2
0-1-3,67,23,0,2
0-1-3,67,24,0,2
0-1-3,67,25,0,2
0-1-3,67,26,0,2
0-1-3,67,27,0,2
0-1-3,67,28,0,2
0-1-3,67,29,0,2
0-1-3,67,30,0,2
0-1-3,65,7,0,2
0-1-3,65,8,0,2
0-1-3,65,9,0,2
0-1-3,65,10,0,2
0-1-3,65,11,0,2
0-1-3,65,12,0,2
0-1-3,65,13,0,2
0-1-3,65,14,0,2
0-1-3,65,15,0,2
0-1-3,65,16,0,2
0-1-3,65,17,0,2
0-1-3,65,18,0,2
0-1-3,65,19,0,2
0-1-3,65,20,0,2
0-1-3,65,21,0,2
0-1-3,65,22,0,2
0-1-3,65,23,0,2
0-1-3,65,24,0,2
0-1-3,65,25,0,2
0-1-3,65,26,0,2
0-1-3,65,27,0,2
0-1-3,65,28,0,2
0-1-3,65,29,0,2
0-1-3,65,30,0,2
0-1-3,63,7,0,2
0-1-3,63,8,0,2
0-1-3,63,9,0,2
0-1-3,63,10,0,2
0-1-3,63,11,0,2
0-1-3,63,12,0,2
0-1-3,63,13,0,2
0-1-3,63,14,0,2
0-1-3,63,15,0,2
0-1-3,63,16,0,2
0-1-3,63,17,0,2
0-1-3,63,18,0,2
0-1-3,63,19,0,2
0-1-3,63,20,0,2
0-1-3,63,21,0,2
0-1-3,63,22,0,2
0-1-3,63,23,0,2
0-1-3,63,24,0,2
0-1-3,63,25,0,2
0-1-3,63,26,0,2
0-1-3,63,27,0,2
0-1-3,63,28,0,2
0-1-3,63,29,0,2
0-1-3,63,30,0,2
0-1-3,61,7,0,2
0-1-3,61,8,0,2
0-1-3,61,9,0,2
0-1-3,61,10,0,2
0-1-3,61,11,0,2
0-1-3,61,12,0,2
0-1-3,61,13,0,2
0-1-3,61,14,0,2
0-1-3,61,15,0,2
0-1-3,61,16,0,2
0-1-3,61,17,0,2
0-1-3,61,18,0,2
0-1-3,61,19,0,2
0-1-3,61,20,0,2
0-1-3,61,21,0,2
0-1-3,61,22,0,2
0-1-3,61,23,0,2
0-1-3,61,24,0,2
0-1-3,61,25,0,2
0-1-3,61,26,0,2
0-1-3,61,27,0,2
0-1-3,61,28,0,2
0-1-3,61,29,0,2
0-1-3,61,30,0,2
0-1-3,71,7,0,2
0-1-3,71,8,0,2
0-1-3,71,9,0,2
0-1-3,71,10,0,2
0-1-3,71,11,0,2
0-1-3,71,12,0,2
0-1-3,71,13,0,2
0-1-3,71,14,0,2
0-1-3,71,15,0,2
0-1-3,71,16,0,2
0-1-3,71,17,0,2
0-1-3,71,18,0,2
0-1-3,71,19,0,2
0-1-3,71,20,0,2
0-1-3,71,21,0,2
0-1-3,71,22,0,2
0-1-3,71,23,0,2
0-1-3,71,24,0,2
0-1-3,71,25,0,2
0-1-3,71,26,0,2
0-1-3,71,27,0,2
0-1-3,71,28,0,2
0-1-3,71,29,0,2
0-1-3,71,30,0,2
0-0-3,70,7,0,2
0-0-3,70,8,0,2
0-0-3,70,9,0,2
0-0-3,70,10,0,2
0-0-3,70,11,0,2
0-0-3,70,12,0,2
0-0-3,70,13,0,2
0-0-3,70,14,0,2
0-0-3,70,15,0,2
0-0-3,70,16,0,2
0-0-3,70,17,0,2
0-0-3,70,18,0,2
0-0-3,70,19,0,2
0-0-3,70,20,0,2
0-0-3,70,21,0,2
0-0-3,70,22,0,2
0-0-3,70,23,0,2
0-0-3,70,24,0,2
0-0-3,70,25,0,2
0-0-3,70,26,0,2
0-0-3,70,27,0,2
0-0-3,70,28,0,2
0-0-3,70,29,0,2
0-0-3,70,30,0,2
0-0-3,72,7,0,2
0-0-3,72,8,0,2
0-0-3,72,9,0,2
0-0-3,72,10,0,2
0-0-3,72,11,0,2
0-0-3,72,12,0,2
0-0-3,72,13,0,2
0-0-3,72,14,0,2
0-0-3,72,15,0,2
0-0-3,72,16,0,2
0-0-3,72,17,0,2
0-0-3,72,18,0,2
0-0-3,72,19,0,2
0-0-3,72,20,0,2
0-0-3,72,21,0,2
0-0-3,72,22,0,2
0-0-3,72,23,0,2
0-0-3,72,24,0,2
0-0-3,72,25,0,2
0-0-3,72,26,0,2
0-0-3,72,27,0,2
0-0-3,72,28,0,2
0-0-3,72,29,0,2
0-0-3,72,30,0,2
0-1-3,73,7,0,2
0-1-3,73,8,0,2
0-1-3,73,9,0,2
0-1-3,73,10,0,2
0-1-3,73,11,0,2
0-1-3,73,12,0,2
0-1-3,73,13,0,2
0-1-3,73,14,0,2
0-1-3,73,15,0,2
0-1-3,73,16,0,2
0-1-3,73,17,0,2
0-1-3,73,18,0,2
0-1-3,73,19,0,2
0-1-3,73,20,0,2
0-1-3,73,21,0,2
0-1-3,73,22,0,2
0-1-3,73,23,0,2
0-1-3,73,24,0,2
0-1-3,73,25,0,2
0-1-3,73,26,0,2
0-1-3,73,27,0,2
0-1-3,73,28,0,2
0-1-3,73,29,0,2
0-1-3,73,30,0,2
0-1-3,75,7,0,2
0-1-3,75,8,0,2
0-1-3,75,9,0,2
0-1-3,75,10,0,2
0-1-3,75,11,0,2
0-1-3,75,12,0,2
0-1-3,75,13,0,2
0-1-3,75,14,0,2
0-1-3,75,15,0,2
0-1-3,75,16,0,2
0-1-3,75,17,0,2
0-1-3,75,18,0,2
0-1-3,75,19,0,2
0-1-3,75,20,0,2
0-1-3,75,21,0,2
0-1-3,75,22,0,2
0-1-3,75,23,0,2
0-1-3,75,24,0,2
0-1-3,75,25,0,2
0-1-3,75,26,0,2
0-1-3,75,27,0,2
0-1-3,75,28,0,2
0-1-3,75,29,0,2
0-1-3,75,30,0,2
0-1-3,77,7,0,2
0-1-3,77,8,0,2
0-1-3,77,9,0,2
0-1-3,77,10,0,2
0-1-3,77,11,0,2
0-1-3,77,12,0,2
0-1-3,77,13,0,2
0-1-3,77,14,0,2
0-1-3,77,15,0,2
0-1-3,77,16,0,2
0-1-3,77,17,0,2
0-1-3,77,18,0,2
0-1-3,77,19,0,2
0-1-3,77,20,0,2
0-1-3,77,21,0,2
0-1-3,77,22,0,2
0-1-3,77,23,0,2
0-1-3,77,24,0,2
0-1-3,77,25,0,2
0-1-3,77,26,0,2
0-1-3,77,27,0,2
0-1-3,77,28,0,2
0-1-3,77,29,0,2
0-1-3,77,30,0,2
0-1-3,79,7,0,2
0-1-3,79,8,0,2
0-1-3,79,9,0,2
0-1-3,79,10,0,2
0-1-3,79,11,0,2
0-1-3,79,12,0,2
0-1-3,79,13,0,2
0-1-3,79,14,0,2
0-1-3,79,15,0,2
0-1-3,79,16,0,2
0-1-3,79,17,0,2
0-1-3,79,18,0,2
0-1-3,79,19,0,2
0-1-3,79,20,0,2
0-1-3,79,21,0,2
0-1-3,79,22,0,2
0-1-3,79,23,0,2
0-1-3,79,24,0,2
0-1-3,79,25,0,2
0-1-3,79,26,0,2
0-1-3,79,27,0,2
0-1-3,79,28,0,2
0-1-3,79,29,0,2
0-1-3,79,30,0,2
0-0-3,74,7,0,2
0-0-3,74,8,0,2
0-0-3,74,9,0,2
0-0-3,74,10,0,2
0-0-3,74,11,0,2
0-0-3,74,12,0,2
0-0-3,74,13,0,2
0-0-3,74,14,0,2
0-0-3,74,15,0,2
0-0-3,74,16,0,2
0-0-3,74,17,0,2
0-0-3,74,18,0,2
0-0-3,74,19,0,2
0-0-3,74,20,0,2
0-0-3,74,21,0,2
0-0-3,74,22,0,2
0-0-3,74,23,0,2
0-0-3,74,24,0,2
0-0-3,74,25,0,2
0-0-3,74,26,0,2
0-0-3,74,27,0,2
0-0-3,74,28,0,2
0-0-3,74,29,0,2
0-0-3,74,30,0,2
0-0-3,76,7,0,2
0-0-3,76,8,0,2
0-0-3,76,9,0,2
0-0-3,76,10,0,2
0-0-3,76,11,0,2
0-0-3,76,12,0,2
0-0-3,76,13,0,2
0-0-3,76,14,0,2
0-0-3,76,15,0,2
0-0-3,76,16,0,2
0-0-3,76,17,0,2
0-0-3,76,18,0,2
0-0-3,76,19,0,2
0-0-3,76,20,0,2
0-0-3,76,21,0,2
0-0-3,76,22,0,2
0-0-3,76,23,0,2
0-0-3,76,24,0,2
0-0-3,76,25,0,2
0-0-3,76,26,0,2
0-0-3,76,27,0,2
0-0-3,76,28,0,2
0-0-3,76,29,0,2
0-0-3,76,30,0,2
0-0-3,78,7,0,2
0-0-3,78,8,0,2
0-0-3,78,9,0,2
0-0-3,78,10,0,2
0-0-3,78,11,0,2
0-0-3,78,12,0,2
0-0-3,78,13,0,2
0-0-3,78,14,0,2
0-0-3,78,15,0,2
0-0-3,78,16,0,2
0-0-3,78,17,0,2
0-0-3,78,18,0,2
0-0-3,78,19,0,2
0-0-3,78,20,0,2
0-0-3,78,21,0,2
0-0-3,78,22,0,2
0-0-3,78,23,0,2
0-0-3,78,24,0,2
0-0-3,78,25,0,2
0-0-3,78,26,0,2
0-0-3,78,27,0,2
0-0-3,78,28,0,2
0-0-3,78,29,0,2
0-0-3,78,30,0,2
0-0-3,80,8,0,2
0-0-3,80,9,0,2
0-0-3,80,10,0,2
0-0-3,80,11,0,2
0-0-3,80,12,0,2
0-0-3,80,13,0,2
0-0-3,80,14,0,2
0-0-3,80,15,0,2
0-0-3,80,16,0,2
0-0-3,80,17,0,2
0-0-3,80,18,0,2
0-0-3,80,19,0,2
0-0-3,80,20,0,2
0-0-3,80,21,0,2
0-0-3,80,22,0,2
0-0-3,80,23,0,2
0-0-3,80,24,0,2
0-0-3,80,25,0,2
0-0-3,80,26,0,2
0-0-3,80,27,0,2
0-0-3,80,28,0,2
0-0-3,80,29,0,2
0-0-3,80,30,0,2
0-0-3,82,7,0,2
0-0-3,82,8,0,2
0-0-3,82,9,0,2
0-0-3,82,10,0,2
0-0-3,82,11,0,2
0-0-3,82,12,0,2
0-0-3,82,13,0,2
0-0-3,82,14,0,2
0-0-3,82,15,0,2
0-0-3,82,16,0,2
0-0-3,82,17,0,2
0-0-3,82,18,0,2
0-0-3,82,19,0,2
0-0-3,82,20,0,2
0-0-3,82,21,0,2
0-0-3,82,22,0,2
0-0-3,82,23,0,2
0-0-3,82,24,0,2
0-0-3,82,25,0,2
0-0-3,82,26,0,2
0-0-3,82,27,0,2
0-0-3,82,28,0,2
0-0-3,82,29,0,2
0-0-3,82,30,0,2
0-0-3,84,7,0,2
0-0-3,84,8,0,2
0-0-3,84,9,0,2
0-0-3,84,10,0,2
0-0-3,84,11,0,2
0-0-3,84,12,0,2
0-0-3,84,13,0,2
0-0-3,84,14,0,2
0-0-3,84,15,0,2
0-0-3,84,16,0,2
0-0-3,84,17,0,2
0-0-3,84,18,0,2
0-0-3,84,19,0,2
0-0-3,84,20,0,2
0-0-3,84,21,0,2
0-0-3,84,22,0,2
0-0-3,84,23,0,2
0-0-3,84,24,0,2
0-0-3,84,25,0,2
0-0-3,84,26,0,2
0-0-3,84,27,0,2
0-0-3,84,28,0,2
0-0-3,84,29,0,2
0-0-3,84,30,0,2
0-0-3,86,7,0,2
0-0-3,86,8,0,2
0-0-3,86,9,0,2
0-0-3,86,10,0,2
0-0-3,86,11,0,2
0-0-3,86,12,0,2
0-0-3,86,13,0,2
0-0-3,86,14,0,2
0-0-3,86,15,0,2
0-0-3,86,16,0,2
0-0-3,86,17,0,2
0-0-3,86,18,0,2
0-0-3,86,19,0,2
0-0-3,86,20,0,2
0-0-3,86,21,0,2
0-0-3,86,22,0,2
0-0-3,86,23,0,2
0-0-3,86,24,0,2
0-0-3,86,25,0,2
0-0-3,86,26,0,2
0-0-3,86,27,0,2
0-0-3,86,28,0,2
0-0-3,86,29,0,2
0-0-3,86,30,0,2
0-0-3,88,7,0,2
0-0-3,88,8,0,2
0-0-3,88,9,0,2
0-0-3,88,10,0,2
0-0-3,88,11,0,2
0-0-3,88,12,0,2
0-0-3,88,13,0,2
0-0-3,88,14,0,2
0-0-3,88,15,0,2
0-0-3,88,16,0,2
0-0-3,88,17,0,2
0-0-3,88,18,0,2
0-0-3,88,19,0,2
0-0-3,88,20,0,2
0-0-3,88,21,0,2
0-0-3,88,22,0,2
0-0-3,88,23,0,2
0-0-3,88,24,0,2
0-0-3,88,25,0,2
0-0-3,88,26,0,2
0-0-3,88,27,0,2
0-0-3,88,28,0,2
0-0-3,88,29,0,2
0-0-3,88,30,0,2
0-0-3,90,7,0,2
0-0-3,90,8,0,2
0-0-3,90,9,0,2
0-0-3,90,10,0,2
0-0-3,90,11,0,2
0-0-3,90,12,0,2
0-0-3,90,13,0,2
0-0-3,90,14,0,2
0-0-3,90,15,0,2
0-0-3,90,16,0,2
0-0-3,90,17,0,2
0-0-3,90,18,0,2
0-0-3,90,19,0,2
0-0-3,90,20,0,2
0-0-3,90,21,0,2
0-0-3,90,22,0,2
0-0-3,90,23,0,2
0-0-3,90,24,0,2
0-0-3,90,25,0,2
0-0-3,90,26,0,2
0-0-3,90,27,0,2
0-0-3,90,28,0,2
0-0-3,90,29,0,2
0-0-3,90,30,0,2
0-1-3,81,7,0,2
0-1-3,81,8,0,2
0-1-3,81,9,0,2
0-1-3,81,10,0,2
0-1-3,81,11,0,2
0-1-3,81,12,0,2
0-1-3,81,13,0,2
0-1-3,81,14,0,2
0-1-3,81,15,0,2
0-1-3,81,16,0,2
0-1-3,81,17,0,2
0-1-3,81,18,0,2
0-1-3,81,19,0,2
0-1-3,81,20,0,2
0-1-3,81,21,0,2
0-1-3,81,22,0,2
0-1-3,81,23,0,2
0-1-3,81,24,0,2
0-1-3,81,25,0,2
0-1-3,81,26,0,2
0-1-3,81,27,0,2
0-1-3,81,28,0,2
0-1-3,81,29,0,2
0-1-3,81,30,0,2
0-0-3,80,7,0,2
0-1-3,83,7,0,2
0-1-3,83,8,0,2
0-1-3,83,9,0,2
0-1-3,83,10,0,2
0-1-3,83,11,0,2
0-1-3,83,12,0,2
0-1-3,83,13,0,2
0-1-3,83,14,0,2
0-1-3,83,15,0,2
0-1-3,83,16,0,2
0-1-3,83,17,0,2
0-1-3,83,18,0,2
0-1-3,83,19,0,2
0-1-3,83,20,0,2
0-1-3,83,21,0,2
0-1-3,83,22,0,2
0-1-3,83,23,0,2
0-1-3,83,24,0,2
0-1-3,83,25,0,2
0-1-3,83,26,0,2
0-1-3,83,27,0,2
0-1-3,83,28,0,2
0-1-3,83,29,0,2
0-1-3,83,30,0,2
0-1-3,85,7,0,2
0-1-3,85,8,0,2
0-1-3,85,9,0,2
0-1-3,85,10,0,2
0-1-3,85,11,0,2
0-1-3,85,12,0,2
0-1-3,85,13,0,2
0-1-3,85,14,0,2
0-1-3,85,15,0,2
0-1-3,85,16,0,2
0-1-3,85,17,0,2
0-1-3,85,18,0,2
0-1-3,85,19,0,2
0-1-3,85,20,0,2
0-1-3,85,21,0,2
0-1-3,85,22,0,2
0-1-3,85,23,0,2
0-1-3,85,24,0,2
0-1-3,85,25,0,2
0-1-3,85,26,0,2
0-1-3,85,27,0,2
0-1-3,85,28,0,2
0-1-3,85,29,0,2
0-1-3,85,30,0,2
0-1-3,87,7,0,2
0-1-3,87,8,0,2
0-1-3,87,9,0,2
0-1-3,87,10,0,2
0-1-3,87,11,0,2
0-1-3,87,12,0,2
0-1-3,87,13,0,2
0-1-3,87,14,0,2
0-1-3,87,15,0,2
0-1-3,87,16,0,2
0-1-3,87,17,0,2
0-1-3,87,18,0,2
0-1-3,87,19,0,2
0-1-3,87,20,0,2
0-1-3,87,21,0,2
0-1-3,87,22,0,2
0-1-3,87,23,0,2
0-1-3,87,24,0,2
0-1-3,87,25,0,2
0-1-3,87,26,0,2
0-1-3,87,27,0,2
0-1-3,87,28,0,2
0-1-3,87,29,0,2
0-1-3,87,30,0,2
0-1-3,89,7,0,2
0-1-3,89,8,0,2
0-1-3,89,9,0,2
0-1-3,89,10,0,2
0-1-3,89,11,0,2
0-1-3,89,12,0,2
0-1-3,89,13,0,2
0-1-3,89,14,0,2
0-1-3,89,15,0,2
0-1-3,89,16,0,2
0-1-3,89,17,0,2
0-1-3,89,18,0,2
0-1-3,89,19,0,2
0-1-3,89,20,0,2
0-1-3,89,21,0,2
0-1-3,89,22,0,2
0-1-3,89,23,0,2
0-1-3,89,24,0,2
0-1-3,89,25,0,2
0-1-3,89,26,0,2
0-1-3,89,27,0,2
0-1-3,89,28,0,2
0-1-3,89,29,0,2
0-1-3,89,30,0,2
0-0-3,40,7,0,3
0-0-3,40,8,0,3
0-0-3,40,10,0,3
0-0-3,40,11,0,3
0-0-3,40,12,0,3
0-0-3,40,13,0,3
0-0-3,40,14,0,3
0-0-3,40,15,0,3
0-0-3,40,16,0,3
0-0-3,40,17,0,3
0-0-3,40,18,0,3
0-0-3,40,19,0,3
0-0-3,40,20,0,3
0-0-3,40,21,0,3
0-0-3,40,22,0,3
0-0-3,40,23,0,3
0-0-3,40,24,0,3
0-0-3,40,25,0,3
0-0-3,40,26,0,3
0-0-3,40,27,0,3
0-0-3,40,28,0,3
0-0-3,40,29,0,3
0-0-3,40,30,0,3
0-0-3,40,31,0,3
0-0-3,40,32,0,3
0-0-3,40,33,0,3
0-0-3,42,7,0,3
0-0-3,42,8,0,3
0-0-3,42,9,0,3
0-0-3,42,10,0,3
0-0-3,42,11,0,3
0-0-3,42,12,0,3
0-0-3,42,13,0,3
0-0-3,42,14,0,3
0-0-3,42,15,0,3
0-0-3,42,16,0,3
0-0-3,42,17,0,3
0-0-3,42,18,0,3
0-0-3,42,19,0,3
0-0-3,42,20,0,3
0-0-3,42,21,0,3
0-0-3,42,22,0,3
0-0-3,42,23,0,3
0-0-3,42,24,0,3
0-0-3,42,25,0,3
0-0-3,42,26,0,3
0-0-3,42,27,0,3
0-0-3,42,28,0,3
0-0-3,42,29,0,3
0-0-3,42,30,0,3
0-0-3,42,31,0,3
0-0-3,42,32,0,3
0-0-3,42,33,0,3
0-0-3,44,7,0,3
0-0-3,44,8,0,3
0-0-3,44,9,0,3
0-0-3,44,10,0,3
0-0-3,44,11,0,3
0-0-3,44,12,0,3
0-0-3,44,13,0,3
0-0-3,44,14,0,3
0-0-3,44,15,0,3
0-0-3,44,16,0,3
0-0-3,44,17,0,3
0-0-3,44,18,0,3
0-0-3,44,19,0,3
0-0-3,44,20,0,3
0-0-3,44,21,0,3
0-0-3,44,22,0,3
0-0-3,44,23,0,3
0-0-3,44,24,0,3
0-0-3,44,25,0,3
0-0-3,44,26,0,3
0-0-3,44,27,0,3
0-0-3,44,28,0,3
0-0-3,44,29,0,3
0-0-3,44,30,0,3
0-0-3,44,31,0,3
0-0-3,44,32,0,3
0-0-3,44,33,0,3
0-0-3,46,7,0,3
0-0-3,46,8,0,3
0-0-3,46,9,0,3
0-0-3,46,10,0,3
0-0-3,46,11,0,3
0-0-3,46,12,0,3
0-0-3,46,13,0,3
0-0-3,46,14,0,3
0-0-3,46,15,0,3
0-0-3,46,16,0,3
0-0-3,46,17,0,3
0-0-3,46,18,0,3
0-0-3,46,19,0,3
0-0-3,46,20,0,3
0-0-3,46,21,0,3
0-0-3,46,22,0,3
0-0-3,46,23,0,3
0-0-3,46,24,0,3
0-0-3,46,25,0,3
0-0-3,46,26,0,3
0-0-3,46,27,0,3
0-0-3,46,28,0,3
0-0-3,46,29,0,3
0-0-3,46,30,0,3
0-0-3,46,31,0,3
0-0-3,46,32,0,3
0-0-3,46,33,0,3
0-0-3,48,7,0,3
0-0-3,48,8,0,3
0-0-3,48,9,0,3
0-0-3,48,10,0,3
0-0-3,48,11,0,3
0-0-3,48,12,0,3
0-0-3,48,13,0,3
0-0-3,48,14,0,3
0-0-3,48,15,0,3
0-0-3,48,16,0,3
0-0-3,48,17,0,3
0-0-3,48,18,0,3
0-0-3,48,19,0,3
0-0-3,48,20,0,3
0-0-3,48,21,0,3
0-0-3,48,22,0,3
0-0-3,48,23,0,3
0-0-3,48,24,0,3
0-0-3,48,25,0,3
0-0-3,48,26,0,3
0-0-3,48,27,0,3
0-0-3,48,28,0,3
0-0-3,48,29,0,3
0-0-3,48,30,0,3
0-0-3,48,31,0,3
0-0-3,48,32,0,3
0-0-3,48,33,0,3
0-1-3,41,7,0,3
0-1-3,41,8,0,3
0-1-3,41,9,0,3
0-1-3,41,10,0,3
0-1-3,41,11,0,3
0-1-3,41,12,0,3
0-1-3,41,13,0,3
0-1-3,41,14,0,3
0-1-3,41,15,0,3
0-1-3,41,16,0,3
0-1-3,41,17,0,3
0-1-3,41,18,0,3
0-1-3,41,19,0,3
0-1-3,41,20,0,3
0-1-3,41,21,0,3
0-1-3,41,22,0,3
0-1-3,41,23,0,3
0-1-3,41,24,0,3
0-1-3,41,25,0,3
0-1-3,41,26,0,3
0-1-3,41,27,0,3
0-1-3,41,28,0,3
0-1-3,41,29,0,3
0-1-3,41,30,0,3
0-1-3,41,31,0,3
0-1-3,41,32,0,3
0-1-3,41,33,0,3
0-0-3,40,9,0,3
0-1-3,43,7,0,3
0-1-3,43,8,0,3
0-1-3,43,9,0,3
0-1-3,43,10,0,3
0-1-3,43,11,0,3
0-1-3,43,12,0,3
0-1-3,43,13,0,3
0-1-3,43,14,0,3
0-1-3,43,15,0,3
0-1-3,43,16,0,3
0-1-3,43,17,0,3
0-1-3,43,18,0,3
0-1-3,43,19,0,3
0-1-3,43,20,0,3
0-1-3,43,21,0,3
0-1-3,43,22,0,3
0-1-3,43,23,0,3
0-1-3,43,24,0,3
0-1-3,43,25,0,3
0-1-3,43,26,0,3
0-1-3,43,27,0,3
0-1-3,43,28,0,3
0-1-3,43,29,0,3
0-1-3,43,30,0,3
0-1-3,43,31,0,3
0-1-3,43,32,0,3
0-1-3,43,33,0,3
0-1-3,45,7,0,3
0-1-3,45,8,0,3
0-1-3,45,9,0,3
0-1-3,45,10,0,3
0-1-3,45,11,0,3
0-1-3,45,12,0,3
0-1-3,45,13,0,3
0-1-3,45,14,0,3
0-1-3,45,15,0,3
0-1-3,45,16,0,3
0-1-3,45,17,0,3
0-1-3,45,18,0,3
0-1-3,45,19,0,3
0-1-3,45,20,0,3
0-1-3,45,21,0,3
0-1-3,45,22,0,3
0-1-3,45,23,0,3
0-1-3,45,24,0,3
0-1-3,45,25,0,3
0-1-3,45,26,0,3
0-1-3,45,27,0,3
0-1-3,45,28,0,3
0-1-3,45,29,0,3
0-1-3,45,30,0,3
0-1-3,45,31,0,3
0-1-3,45,32,0,3
0-1-3,45,33,0,3
0-1-3,47,7,0,3
0-1-3,47,8,0,3
0-1-3,47,9,0,3
0-1-3,47,10,0,3
0-1-3,47,11,0,3
0-1-3,47,12,0,3
0-1-3,47,13,0,3
0-1-3,47,14,0,3
0-1-3,47,15,0,3
0-1-3,47,16,0,3
0-1-3,47,17,0,3
0-1-3,47,18,0,3
0-1-3,47,19,0,3
0-1-3,47,20,0,3
0-1-3,47,21,0,3
0-1-3,47,22,0,3
0-1-3,47,23,0,3
0-1-3,47,24,0,3
0-1-3,47,25,0,3
0-1-3,47,26,0,3
0-1-3,47,27,0,3
0-1-3,47,28,0,3
0-1-3,47,29,0,3
0-1-3,47,30,0,3
0-1-3,47,31,0,3
0-1-3,47,32,0,3
0-1-3,47,33,0,3
0-1-3,49,7,0,3
0-1-3,49,8,0,3
0-1-3,49,9,0,3
0-1-3,49,10,0,3
0-1-3,49,11,0,3
0-1-3,49,12,0,3
0-1-3,49,13,0,3
0-1-3,49,14,0,3
0-1-3,49,15,0,3
0-1-3,49,16,0,3
0-1-3,49,17,0,3
0-1-3,49,18,0,3
0-1-3,49,19,0,3
0-1-3,49,20,0,3
0-1-3,49,21,0,3
0-1-3,49,22,0,3
0-1-3,49,23,0,3
0-1-3,49,24,0,3
0-1-3,49,25,0,3
0-1-3,49,26,0,3
0-1-3,49,27,0,3
0-1-3,49,28,0,3
0-1-3,49,29,0,3
0-1-3,49,30,0,3
0-1-3,49,31,0,3
0-1-3,49,32,0,3
0-1-3,49,33,0,3
0-1-3,49,4,0,3
0-1-3,49,6,0,3
0-1-3,47,5,0,3
0-1-3,47,6,0,3
0-1-3,45,4,0,3
0-1-3,45,5,0,3
0-1-3,45,6,0,3
0-1-3,43,4,0,3
0-1-3,43,5,0,3
0-1-3,43,6,0,3
0-1-3,41,4,0,3
0-1-3,41,5,0,3
0-1-3,41,6,0,3
0-0-3,40,5,0,3
0-0-3,40,6,0,3
0-0-3,42,4,0,3
0-0-3,42,5,0,3
0-0-3,42,6,0,3
0-0-3,44,4,0,3
0-0-3,44,5,0,3
0-0-3,46,4,0,3
0-0-3,46,5,0,3
0-0-3,44,6,0,3
0-0-3,46,6,0,3
0-0-3,48,4,0,3
0-0-3,48,5,0,3
0-0-3,48,6,0,3
0-0-3,47,4,0,3
0-0-3,40,4,0,3
0-1-3,39,5,0,3
0-1-3,39,6,0,3
0-1-3,39,7,0,3
0-1-3,39,8,0,3
0-1-3,39,9,0,3
0-1-3,39,10,0,3
0-1-3,39,11,0,3
0-1-3,39,12,0,3
0-1-3,39,13,0,3
0-1-3,39,14,0,3
0-1-3,39,15,0,3
0-1-3,39,16,0,3
0-1-3,39,17,0,3
0-1-3,39,18,0,3
0-1-3,39,19,0,3
0-1-3,39,20,0,3
0-1-3,39,21,0,3
0-1-3,39,22,0,3
0-1-3,39,23,0,3
0-1-3,39,24,0,3
0-1-3,39,25,0,3
0-1-3,39,26,0,3
0-1-3,39,27,0,3
0-1-3,39,28,0,3
0-1-3,39,29,0,3
0-1-3,39,30,0,3
0-1-3,39,31,0,3
0-1-3,39,32,0,3
0-1-3,39,33,0,3
0-1-3,39,4,0,3
0-0-3,38,4,0,3
0-0-3,38,5,0,3
0-0-3,38,6,0,3
0-0-3,38,7,0,3
0-0-3,38,8,0,3
0-0-3,38,9,0,3
0-0-3,38,10,0,3
0-0-3,38,11,0,3
0-0-3,38,12,0,3
0-0-3,38,13,0,3
0-0-3,38,14,0,3
0-0-3,38,15,0,3
0-0-3,38,16,0,3
0-0-3,38,17,0,3
0-0-3,38,18,0,3
0-0-3,38,19,0,3
0-0-3,38,20,0,3
0-0-3,38,21,0,3
0-0-3,38,22,0,3
0-0-3,38,23,0,3
0-0-3,38,24,0,3
0-0-3,38,25,0,3
0-0-3,38,26,0,3
0-0-3,38,27,0,3
0-0-3,38,28,0,3
0-0-3,38,29,0,3
0-0-3,38,30,0,3
0-0-3,38,31,0,3
0-0-3,38,32,0,3
0-0-3,38,33,0,3
0-1-3,49,5,0,3
0-1-3,51,4,0,3
0-1-3,51,5,0,3
0-1-3,51,6,0,3
0-1-3,51,7,0,3
0-1-3,51,8,0,3
0-1-3,51,9,0,3
0-1-3,51,10,0,3
0-1-3,51,11,0,3
0-1-3,51,12,0,3
0-1-3,51,13,0,3
0-1-3,51,14,0,3
0-1-3,51,15,0,3
0-1-3,51,16,0,3
0-1-3,51,17,0,3
0-1-3,51,18,0,3
0-1-3,51,19,0,3
0-1-3,51,20,0,3
0-1-3,51,21,0,3
0-1-3,51,22,0,3
0-1-3,51,23,0,3
0-1-3,51,24,0,3
0-1-3,51,25,0,3
0-1-3,51,26,0,3
0-1-3,51,27,0,3
0-1-3,51,28,0,3
0-1-3,51,29,0,3
0-1-3,51,30,0,3
0-1-3,51,31,0,3
0-1-3,51,32,0,3
0-1-3,51,33,0,3
0-1-3,53,4,0,3
0-1-3,53,5,0,3
0-1-3,53,6,0,3
0-1-3,53,7,0,3
0-1-3,53,8,0,3
0-1-3,53,9,0,3
0-1-3,53,10,0,3
0-1-3,53,11,0,3
0-1-3,53,12,0,3
0-1-3,53,13,0,3
0-1-3,53,14,0,3
0-1-3,53,15,0,3
0-1-3,53,16,0,3
0-1-3,53,17,0,3
0-1-3,53,18,0,3
0-1-3,53,19,0,3
0-1-3,53,20,0,3
0-1-3,53,21,0,3
0-1-3,53,22,0,3
0-1-3,53,23,0,3
0-1-3,53,24,0,3
0-1-3,53,25,0,3
0-1-3,53,26,0,3
0-1-3,53,27,0,3
0-1-3,53,28,0,3
0-1-3,53,29,0,3
0-1-3,53,30,0,3
0-1-3,53,31,0,3
0-1-3,53,32,0,3
0-1-3,53,33,0,3
0-1-3,55,4,0,3
0-1-3,55,5,0,3
0-1-3,55,7,0,3
0-1-3,55,8,0,3
0-1-3,55,9,0,3
0-1-3,55,10,0,3
0-1-3,55,11,0,3
0-1-3,55,12,0,3
0-1-3,55,13,0,3
0-1-3,55,14,0,3
0-1-3,55,15,0,3
0-1-3,55,16,0,3
0-1-3,55,17,0,3
0-1-3,55,18,0,3
0-1-3,55,19,0,3
0-1-3,55,20,0,3
0-1-3,55,21,0,3
0-1-3,55,22,0,3
0-1-3,55,23,0,3
0-1-3,55,24,0,3
0-1-3,55,25,0,3
0-1-3,55,26,0,3
0-1-3,55,27,0,3
0-1-3,55,28,0,3
0-1-3,55,29,0,3
0-1-3,55,30,0,3
0-1-3,55,31,0,3
0-1-3,55,32,0,3
0-1-3,55,33,0,3
0-0-3,50,4,0,3
0-0-3,50,5,0,3
0-0-3,50,6,0,3
0-0-3,50,7,0,3
0-0-3,50,8,0,3
0-0-3,50,9,0,3
0-0-3,50,10,0,3
0-0-3,50,11,0,3
0-0-3,50,12,0,3
0-0-3,50,13,0,3
0-0-3,50,14,0,3
0-0-3,50,15,0,3
0-0-3,50,16,0,3
0-0-3,50,17,0,3
0-0-3,50,18,0,3
0-0-3,50,19,0,3
0-0-3,50,20,0,3
0-0-3,50,21,0,3
0-0-3,50,22,0,3
0-0-3,50,23,0,3
0-0-3,50,24,0,3
0-0-3,50,25,0,3
0-0-3,50,26,0,3
0-0-3,50,27,0,3
0-0-3,50,28,0,3
0-0-3,50,29,0,3
0-0-3,50,30,0,3
0-0-3,50,31,0,3
0-0-3,50,32,0,3
0-0-3,50,33,0,3
0-0-3,52,4,0,3
0-0-3,52,5,0,3
0-0-3,52,6,0,3
0-0-3,52,7,0,3
0-0-3,52,8,0,3
0-0-3,52,9,0,3
0-0-3,52,10,0,3
0-0-3,52,11,0,3
0-0-3,52,12,0,3
0-0-3,52,13,0,3
0-0-3,52,14,0,3
0-0-3,52,15,0,3
0-0-3,52,16,0,3
0-0-3,52,17,0,3
0-0-3,52,18,0,3
0-0-3,52,19,0,3
0-0-3,52,20,0,3
0-0-3,52,21,0,3
0-0-3,52,22,0,3
0-0-3,52,23,0,3
0-0-3,52,24,0,3
0-0-3,52,25,0,3
0-0-3,52,26,0,3
0-0-3,52,27,0,3
0-0-3,52,28,0,3
0-0-3,52,29,0,3
0-0-3,52,30,0,3
0-0-3,52,31,0,3
0-0-3,52,32,0,3
0-0-3,52,33,0,3
0-0-3,54,4,0,3
0-0-3,54,5,0,3
0-0-3,54,6,0,3
0-0-3,54,7,0,3
0-0-3,54,8,0,3
0-0-3,54,9,0,3
0-0-3,54,10,0,3
0-0-3,54,11,0,3
0-0-3,54,12,0,3
0-0-3,54,13,0,3
0-0-3,54,14,0,3
0-0-3,54,15,0,3
0-0-3,54,16,0,3
0-0-3,54,17,0,3
0-0-3,54,18,0,3
0-0-3,54,19,0,3
0-0-3,54,20,0,3
0-0-3,54,21,0,3
0-0-3,54,22,0,3
0-0-3,54,23,0,3
0-0-3,54,24,0,3
0-0-3,54,25,0,3
0-0-3,54,26,0,3
0-0-3,54,27,0,3
0-0-3,54,28,0,3
0-0-3,54,29,0,3
0-0-3,54,30,0,3
0-0-3,54,31,0,3
0-0-3,54,32,0,3
0-0-3,54,33,0,3
0-1-3,55,6,0,3
0-1-3,57,4,0,3
0-1-3,57,5,0,3
0-1-3,57,6,0,3
0-1-3,57,7,0,3
0-1-3,57,8,0,3
0-1-3,57,9,0,3
0-1-3,57,10,0,3
0-1-3,57,11,0,3
0-1-3,57,12,0,3
0-1-3,57,13,0,3
0-1-3,57,14,0,3
0-1-3,57,15,0,3
0-1-3,57,16,0,3
0-1-3,57,17,0,3
0-1-3,57,18,0,3
0-1-3,57,19,0,3
0-1-3,57,20,0,3
0-1-3,57,21,0,3
0-1-3,57,22,0,3
0-1-3,57,23,0,3
0-1-3,57,24,0,3
0-1-3,57,25,0,3
0-1-3,57,26,0,3
0-1-3,57,27,0,3
0-1-3,57,28,0,3
0-1-3,57,29,0,3
0-1-3,57,30,0,3
0-1-3,57,31,0,3
0-1-3,57,32,0,3
0-1-3,57,33,0,3
0-0-3,56,4,0,3
0-0-3,56,5,0,3
0-0-3,56,6,0,3
0-0-3,56,7,0,3
0-0-3,56,8,0,3
0-0-3,56,9,0,3
0-0-3,56,10,0,3
0-0-3,56,11,0,3
0-0-3,56,12,0,3
0-0-3,56,13,0,3
0-0-3,56,14,0,3
0-0-3,56,15,0,3
0-0-3,56,16,0,3
0-0-3,56,17,0,3
0-0-3,56,18,0,3
0-0-3,56,19,0,3
0-0-3,56,20,0,3
0-0-3,56,21,0,3
0-0-3,56,22,0,3
0-0-3,56,23,0,3
0-0-3,56,24,0,3
0-0-3,56,25,0,3
0-0-3,56,26,0,3
0-0-3,56,27,0,3
0-0-3,56,28,0,3
0-0-3,56,29,0,3
0-0-3,56,30,0,3
0-0-3,56,31,0,3
0-0-3,56,32,0,3
0-0-3,56,33,0,3
0-0-3,58,4,0,3
0-0-3,58,5,0,3
0-0-3,58,6,0,3
0-0-3,58,7,0,3
0-0-3,58,8,0,3
0-0-3,58,9,0,3
0-0-3,58,10,0,3
0-0-3,58,11,0,3
0-0-3,58,12,0,3
0-0-3,58,13,0,3
0-0-3,58,14,0,3
0-0-3,58,15,0,3
0-0-3,58,16,0,3
0-0-3,58,17,0,3
0-0-3,58,18,0,3
0-0-3,58,19,0,3
0-0-3,58,20,0,3
0-0-3,58,21,0,3
0-0-3,58,22,0,3
0-0-3,58,23,0,3
0-0-3,58,24,0,3
0-0-3,58,25,0,3
0-0-3,58,26,0,3
0-0-3,58,27,0,3
0-0-3,58,28,0,3
0-0-3,58,29,0,3
0-0-3,58,30,0,3
0-0-3,58,31,0,3
0-0-3,58,32,0,3
0-0-3,58,33,0,3
0-1-3,59,3,0,3
0-1-3,59,4,0,3
0-1-3,59,5,0,3
0-1-3,59,6,0,3
0-1-3,59,7,0,3
0-1-3,59,8,0,3
0-1-3,59,9,0,3
0-1-3,59,10,0,3
0-1-3,59,11,0,3
0-1-3,59,12,0,3
0-1-3,59,13,0,3
0-1-3,59,14,0,3
0-1-3,59,15,0,3
0-1-3,59,16,0,3
0-1-3,59,17,0,3
0-1-3,59,18,0,3
0-1-3,59,19,0,3
0-1-3,59,20,0,3
0-1-3,59,21,0,3
0-1-3,59,22,0,3
0-1-3,59,23,0,3
0-1-3,59,24,0,3
0-1-3,59,25,0,3
0-1-3,59,26,0,3
0-1-3,59,27,0,3
0-1-3,59,28,0,3
0-1-3,59,29,0,3
0-1-3,59,30,0,3
0-1-3,59,31,0,3
0-1-3,59,32,0,3
0-1-3,59,33,0,3
0-0-3,60,4,0,3
0-0-3,60,5,0,3
0-0-3,60,6,0,3
0-0-3,60,7,0,3
0-0-3,60,8,0,3
0-0-3,60,9,0,3
0-0-3,60,10,0,3
0-0-3,60,11,0,3
0-0-3,60,12,0,3
0-0-3,60,13,0,3
0-0-3,60,14,0,3
0-0-3,60,15,0,3
0-0-3,60,16,0,3
0-0-3,60,17,0,3
0-0-3,60,18,0,3
0-0-3,60,19,0,3
0-0-3,60,20,0,3
0-0-3,60,21,0,3
0-0-3,60,22,0,3
0-0-3,60,23,0,3
0-0-3,60,24,0,3
0-0-3,60,25,0,3
0-0-3,60,26,0,3
0-0-3,60,27,0,3
0-0-3,60,28,0,3
0-0-3,60,29,0,3
0-0-3,60,30,0,3
0-0-3,60,31,0,3
0-0-3,60,32,0,3
0-0-3,60,33,0,3
0-0-3,62,4,0,3
0-0-3,62,5,0,3
0-0-3,62,6,0,3
0-0-3,62,7,0,3
0-0-3,62,8,0,3
0-0-3,62,9,0,3
0-0-3,62,10,0,3
0-0-3,62,11,0,3
0-0-3,62,12,0,3
0-0-3,62,13,0,3
0-0-3,62,14,0,3
0-0-3,62,15,0,3
0-0-3,62,16,0,3
0-0-3,62,17,0,3
0-0-3,62,18,0,3
0-0-3,62,19,0,3
0-0-3,62,20,0,3
0-0-3,62,21,0,3
0-0-3,62,22,0,3
0-0-3,62,23,0,3
0-0-3,62,24,0,3
0-0-3,62,25,0,3
0-0-3,62,26,0,3
0-0-3,62,27,0,3
0-0-3,62,28,0,3
0-0-3,62,29,0,3
0-0-3,62,30,0,3
0-0-3,62,31,0,3
0-0-3,62,32,0,3
0-0-3,62,33,0,3
0-0-3,64,4,0,3
0-0-3,64,5,0,3
0-0-3,64,6,0,3
0-0-3,64,7,0,3
0-0-3,64,8,0,3
0-0-3,64,9,0,3
0-0-3,64,10,0,3
0-0-3,64,11,0,3
0-0-3,64,12,0,3
0-0-3,64,13,0,3
0-0-3,64,14,0,3
0-0-3,64,15,0,3
0-0-3,64,16,0,3
0-0-3,64,17,0,3
0-0-3,64,18,0,3
0-0-3,64,19,0,3
0-0-3,64,20,0,3
0-0-3,64,21,0,3
0-0-3,64,22,0,3
0-0-3,64,23,0,3
0-0-3,64,24,0,3
0-0-3,64,25,0,3
0-0-3,64,26,0,3
0-0-3,64,27,0,3
0-0-3,64,28,0,3
0-0-3,64,29,0,3
0-0-3,64,30,0,3
0-0-3,64,31,0,3
0-0-3,64,32,0,3
0-0-3,64,33,0,3
0-0-3,66,4,0,3
0-0-3,66,5,0,3
0-0-3,66,6,0,3
0-0-3,66,7,0,3
0-0-3,66,8,0,3
0-0-3,66,9,0,3
0-0-3,66,10,0,3
0-0-3,66,11,0,3
0-0-3,66,12,0,3
0-0-3,66,13,0,3
0-0-3,66,14,0,3
0-0-3,66,15,0,3
0-0-3,66,16,0,3
0-0-3,66,17,0,3
0-0-3,66,18,0,3
0-0-3,66,19,0,3
0-0-3,66,20,0,3
0-0-3,66,21,0,3
0-0-3,66,22,0,3
0-0-3,66,23,0,3
0-0-3,66,24,0,3
0-0-3,66,25,0,3
0-0-3,66,26,0,3
0-0-3,66,27,0,3
0-0-3,66,28,0,3
0-0-3,66,29,0,3
0-0-3,66,30,0,3
0-0-3,66,31,0,3
0-0-3,66,32,0,3
0-0-3,66,33,0,3
0-0-3,68,4,0,3
0-0-3,68,5,0,3
0-0-3,68,6,0,3
0-0-3,68,7,0,3
0-0-3,68,8,0,3
0-0-3,68,9,0,3
0-0-3,68,10,0,3
0-0-3,68,11,0,3
0-0-3,68,12,0,3
0-0-3,68,13,0,3
0-0-3,68,14,0,3
0-0-3,68,15,0,3
0-0-3,68,16,0,3
0-0-3,68,17,0,3
0-0-3,68,18,0,3
0-0-3,68,19,0,3
0-0-3,68,20,0,3
0-0-3,68,21,0,3
0-0-3,68,22,0,3
0-0-3,68,23,0,3
0-0-3,68,24,0,3
0-0-3,68,25,0,3
0-0-3,68,26,0,3
0-0-3,68,27,0,3
0-0-3,68,28,0,3
0-0-3,68,29,0,3
0-0-3,68,30,0,3
0-0-3,68,31,0,3
0-0-3,68,32,0,3
0-0-3,68,33,0,3
0-1-3,61,4,0,3
0-1-3,61,5,0,3
0-1-3,61,6,0,3
0-1-3,61,7,0,3
0-1-3,61,8,0,3
0-1-3,61,9,0,3
0-1-3,61,10,0,3
0-1-3,61,11,0,3
0-1-3,61,12,0,3
0-1-3,61,13,0,3
0-1-3,61,14,0,3
0-1-3,61,15,0,3
0-1-3,61,16,0,3
0-1-3,61,17,0,3
0-1-3,61,18,0,3
0-1-3,61,19,0,3
0-1-3,61,20,0,3
0-1-3,61,21,0,3
0-1-3,61,22,0,3
0-1-3,61,23,0,3
0-1-3,61,24,0,3
0-1-3,61,25,0,3
0-1-3,61,26,0,3
0-1-3,61,27,0,3
0-1-3,61,28,0,3
0-1-3,61,29,0,3
0-1-3,61,30,0,3
0-1-3,61,31,0,3
0-1-3,61,32,0,3
0-1-3,61,33,0,3
0-1-3,63,4,0,3
0-1-3,63,5,0,3
0-1-3,63,6,0,3
0-1-3,63,7,0,3
0-1-3,63,8,0,3
0-1-3,63,9,0,3
0-1-3,63,10,0,3
0-1-3,63,11,0,3
0-1-3,63,12,0,3
0-1-3,63,13,0,3
0-1-3,63,14,0,3
0-1-3,63,15,0,3
0-1-3,63,16,0,3
0-1-3,63,17,0,3
0-1-3,63,18,0,3
0-1-3,63,19,0,3
0-1-3,63,20,0,3
0-1-3,63,21,0,3
0-1-3,63,22,0,3
0-1-3,63,23,0,3
0-1-3,63,24,0,3
0-1-3,63,25,0,3
0-1-3,63,26,0,3
0-1-3,63,27,0,3
0-1-3,63,28,0,3
0-1-3,63,29,0,3
0-1-3,63,30,0,3
0-1-3,63,31,0,3
0-1-3,63,32,0,3
0-1-3,63,33,0,3
0-1-3,65,4,0,3
0-1-3,65,5,0,3
0-1-3,65,6,0,3
0-1-3,65,7,0,3
0-1-3,65,8,0,3
0-1-3,65,9,0,3
0-1-3,65,10,0,3
0-1-3,65,11,0,3
0-1-3,65,12,0,3
0-1-3,65,13,0,3
0-1-3,65,14,0,3
0-1-3,65,15,0,3
0-1-3,65,16,0,3
0-1-3,65,17,0,3
0-1-3,65,18,0,3
0-1-3,65,19,0,3
0-1-3,65,20,0,3
0-1-3,65,21,0,3
0-1-3,65,22,0,3
0-1-3,65,23,0,3
0-1-3,65,24,0,3
0-1-3,65,25,0,3
0-1-3,65,26,0,3
0-1-3,65,27,0,3
0-1-3,65,28,0,3
0-1-3,65,29,0,3
0-1-3,65,30,0,3
0-1-3,65,31,0,3
0-1-3,65,32,0,3
0-1-3,65,33,0,3
0-1-3,67,4,0,3
0-1-3,67,5,0,3
0-1-3,67,6,0,3
0-1-3,67,7,0,3
0-1-3,67,8,0,3
0-1-3,67,9,0,3
0-1-3,67,10,0,3
0-1-3,67,11,0,3
0-1-3,67,12,0,3
0-1-3,67,13,0,3
0-1-3,67,14,0,3
0-1-3,67,15,0,3
0-1-3,67,16,0,3
0-1-3,67,17,0,3
0-1-3,67,18,0,3
0-1-3,67,19,0,3
0-1-3,67,20,0,3
0-1-3,67,21,0,3
0-1-3,67,22,0,3
0-1-3,67,23,0,3
0-1-3,67,24,0,3
0-1-3,67,25,0,3
0-1-3,67,26,0,3
0-1-3,67,27,0,3
0-1-3,67,28,0,3
0-1-3,67,29,0,3
0-1-3,67,30,0,3
0-1-3,67,31,0,3
0-1-3,67,32,0,3
0-1-3,67,33,0,3
0-0-3,18,3,0,4
0-0-3,18,4,0,4
0-0-3,18,5,0,4
0-0-3,18,6,0,4
0-0-3,18,7,0,4
0-0-3,18,8,0,4
0-0-3,18,9,0,4
0-0-3,18,10,0,4
0-0-3,18,11,0,4
0-0-3,18,12,0,4
0-0-3,18,13,0,4
0-0-3,18,14,0,4
0-0-3,18,15,0,4
0-0-3,18,16,0,4
0-0-3,18,17,0,4
0-0-3,18,18,0,4
0-0-3,18,19,0,4
0-0-3,18,20,0,4
0-0-3,18,21,0,4
0-0-3,18,22,0,4
0-0-3,18,23,0,4
0-0-3,18,24,0,4
0-0-3,20,3,0,4
0-0-3,20,4,0,4
0-0-3,20,5,0,4
0-0-3,20,6,0,4
0-0-3,20,7,0,4
0-0-3,20,8,0,4
0-0-3,20,9,0,4
0-0-3,20,10,0,4
0-0-3,20,11,0,4
0-0-3,20,12,0,4
0-0-3,20,13,0,4
0-0-3,20,14,0,4
0-0-3,20,15,0,4
0-0-3,20,16,0,4
0-0-3,20,17,0,4
0-0-3,20,18,0,4
0-0-3,20,19,0,4
0-0-3,20,20,0,4
0-0-3,20,21,0,4
0-0-3,20,22,0,4
0-0-3,20,23,0,4
0-0-3,20,24,0,4
0-0-3,22,3,0,4
0-0-3,22,4,0,4
0-0-3,22,5,0,4
0-0-3,22,6,0,4
0-0-3,22,7,0,4
0-0-3,22,8,0,4
0-0-3,22,9,0,4
0-0-3,22,10,0,4
0-0-3,22,11,0,4
0-0-3,22,12,0,4
0-0-3,22,13,0,4
0-0-3,22,14,0,4
0-0-3,22,15,0,4
0-0-3,22,16,0,4
0-0-3,22,17,0,4
0-0-3,22,18,0,4
0-0-3,22,19,0,4
0-0-3,22,20,0,4
0-0-3,22,21,0,4
0-0-3,22,22,0,4
0-0-3,22,23,0,4
0-0-3,22,24,0,4
0-0-3,24,3,0,4
0-0-3,24,4,0,4
0-0-3,24,5,0,4
0-0-3,24,6,0,4
0-0-3,24,7,0,4
0-0-3,24,8,0,4
0-0-3,24,9,0,4
0-0-3,24,10,0,4
0-0-3,24,11,0,4
0-0-3,24,12,0,4
0-0-3,24,13,0,4
0-0-3,24,14,0,4
0-0-3,24,15,0,4
0-0-3,24,16,0,4
0-0-3,24,17,0,4
0-0-3,24,18,0,4
0-0-3,24,19,0,4
0-0-3,24,20,0,4
0-0-3,24,21,0,4
0-0-3,24,22,0,4
0-0-3,24,23,0,4
0-0-3,24,24,0,4
0-0-3,26,3,0,4
0-0-3,26,4,0,4
0-0-3,26,5,0,4
0-0-3,26,6,0,4
0-0-3,26,7,0,4
0-0-3,26,8,0,4
0-0-3,26,9,0,4
0-0-3,26,10,0,4
0-0-3,26,11,0,4
0-0-3,26,12,0,4
0-0-3,26,13,0,4
0-0-3,26,14,0,4
0-0-3,26,15,0,4
0-0-3,26,16,0,4
0-0-3,26,17,0,4
0-0-3,26,18,0,4
0-0-3,26,19,0,4
0-0-3,26,20,0,4
0-0-3,26,21,0,4
0-0-3,26,22,0,4
0-0-3,26,23,0,4
0-0-3,26,24,0,4
0-0-3,28,3,0,4
0-0-3,28,4,0,4
0-0-3,28,5,0,4
0-0-3,28,6,0,4
0-0-3,28,7,0,4
0-0-3,28,8,0,4
0-0-3,28,9,0,4
0-0-3,28,10,0,4
0-0-3,28,11,0,4
0-0-3,28,12,0,4
0-0-3,28,13,0,4
0-0-3,28,14,0,4
0-0-3,28,15,0,4
0-0-3,28,16,0,4
0-0-3,28,17,0,4
0-0-3,28,18,0,4
0-0-3,28,19,0,4
0-0-3,28,20,0,4
0-0-3,28,21,0,4
0-0-3,28,22,0,4
0-0-3,28,23,0,4
0-0-3,28,24,0,4
0-0-3,30,3,0,4
0-0-3,30,4,0,4
0-0-3,30,5,0,4
0-0-3,30,6,0,4
0-0-3,30,7,0,4
0-0-3,30,8,0,4
0-0-3,30,9,0,4
0-0-3,30,10,0,4
0-0-3,30,11,0,4
0-0-3,30,12,0,4
0-0-3,30,13,0,4
0-0-3,30,14,0,4
0-0-3,30,15,0,4
0-0-3,30,16,0,4
0-0-3,30,17,0,4
0-0-3,30,18,0,4
0-0-3,30,19,0,4
0-0-3,30,20,0,4
0-0-3,30,21,0,4
0-0-3,30,22,0,4
0-0-3,30,23,0,4
0-0-3,30,24,0,4
0-0-3,32,3,0,4
0-0-3,32,4,0,4
0-0-3,32,5,0,4
0-0-3,32,6,0,4
0-0-3,32,7,0,4
0-0-3,32,8,0,4
0-0-3,32,9,0,4
0-0-3,32,10,0,4
0-0-3,32,11,0,4
0-0-3,32,12,0,4
0-0-3,32,13,0,4
0-0-3,32,14,0,4
0-0-3,32,15,0,4
0-0-3,32,16,0,4
0-0-3,32,17,0,4
0-0-3,32,18,0,4
0-0-3,32,19,0,4
0-0-3,32,20,0,4
0-0-3,32,21,0,4
0-0-3,32,22,0,4
0-0-3,32,23,0,4
0-0-3,32,24,0,4
0-0-3,34,3,0,4
0-0-3,34,4,0,4
0-0-3,34,5,0,4
0-0-3,34,6,0,4
0-0-3,34,7,0,4
0-0-3,34,8,0,4
0-0-3,34,9,0,4
0-0-3,34,10,0,4
0-0-3,34,11,0,4
0-0-3,34,12,0,4
0-0-3,34,13,0,4
0-0-3,34,14,0,4
0-0-3,34,15,0,4
0-0-3,34,16,0,4
0-0-3,34,17,0,4
0-0-3,34,18,0,4
0-0-3,34,19,0,4
0-0-3,34,20,0,4
0-0-3,34,21,0,4
0-0-3,34,22,0,4
0-0-3,34,23,0,4
0-0-3,34,24,0,4
0-0-3,36,3,0,4
0-0-3,36,4,0,4
0-0-3,36,5,0,4
0-0-3,36,6,0,4
0-0-3,36,7,0,4
0-0-3,36,8,0,4
0-0-3,36,9,0,4
0-0-3,36,10,0,4
0-0-3,36,11,0,4
0-0-3,36,12,0,4
0-0-3,36,13,0,4
0-0-3,36,14,0,4
0-0-3,36,15,0,4
0-0-3,36,16,0,4
0-0-3,36,17,0,4
0-0-3,36,18,0,4
0-0-3,36,19,0,4
0-0-3,36,20,0,4
0-0-3,36,21,0,4
0-0-3,36,22,0,4
0-0-3,36,23,0,4
0-0-3,36,24,0,4
0-0-3,38,3,0,4
0-0-3,38,4,0,4
0-0-3,38,5,0,4
0-0-3,38,6,0,4
0-0-3,38,7,0,4
0-0-3,38,8,0,4
0-0-3,38,9,0,4
0-0-3,38,10,0,4
0-0-3,38,11,0,4
0-0-3,38,12,0,4
0-0-3,38,13,0,4
0-0-3,38,14,0,4
0-0-3,38,15,0,4
0-0-3,38,16,0,4
0-0-3,38,17,0,4
0-0-3,38,18,0,4
0-0-3,38,19,0,4
0-0-3,38,20,0,4
0-0-3,38,21,0,4
0-0-3,38,22,0,4
0-0-3,40,3,0,4
0-0-3,40,4,0,4
0-0-3,40,5,0,4
0-0-3,40,6,0,4
0-0-3,40,7,0,4
0-0-3,40,8,0,4
0-0-3,40,9,0,4
0-0-3,40,10,0,4
0-0-3,40,11,0,4
0-0-3,40,12,0,4
0-0-3,40,13,0,4
0-0-3,40,14,0,4
0-0-3,40,15,0,4
0-0-3,40,16,0,4
0-0-3,40,17,0,4
0-0-3,40,18,0,4
0-0-3,40,19,0,4
0-0-3,40,20,0,4
0-0-3,40,21,0,4
0-0-3,40,22,0,4
0-0-3,40,23,0,4
0-0-3,40,24,0,4
0-0-3,42,3,0,4
0-0-3,42,4,0,4
0-0-3,42,5,0,4
0-0-3,42,6,0,4
0-0-3,42,7,0,4
0-0-3,42,8,0,4
0-0-3,42,9,0,4
0-0-3,42,10,0,4
0-0-3,42,11,0,4
0-0-3,42,12,0,4
0-0-3,42,13,0,4
0-0-3,42,14,0,4
0-0-3,42,15,0,4
0-0-3,42,16,0,4
0-0-3,42,17,0,4
0-0-3,42,18,0,4
0-0-3,42,19,0,4
0-0-3,42,20,0,4
0-0-3,42,21,0,4
0-0-3,42,22,0,4
0-0-3,42,23,0,4
0-0-3,42,24,0,4
0-0-3,44,3,0,4
0-0-3,44,4,0,4
0-0-3,44,5,0,4
0-0-3,44,6,0,4
0-0-3,44,7,0,4
0-0-3,44,8,0,4
0-0-3,44,9,0,4
0-0-3,44,10,0,4
0-0-3,44,11,0,4
0-0-3,44,12,0,4
0-0-3,44,13,0,4
0-0-3,44,14,0,4
0-0-3,44,15,0,4
0-0-3,44,16,0,4
0-0-3,44,17,0,4
0-0-3,44,18,0,4
0-0-3,44,19,0,4
0-0-3,44,20,0,4
0-0-3,44,21,0,4
0-0-3,44,22,0,4
0-0-3,44,23,0,4
0-0-3,44,24,0,4
0-0-3,46,3,0,4
0-0-3,46,4,0,4
0-0-3,46,5,0,4
0-0-3,46,6,0,4
0-0-3,46,7,0,4
0-0-3,46,8,0,4
0-0-3,46,9,0,4
0-0-3,46,10,0,4
0-0-3,46,11,0,4
0-0-3,46,12,0,4
0-0-3,46,13,0,4
0-0-3,46,14,0,4
0-0-3,46,15,0,4
0-0-3,46,16,0,4
0-0-3,46,17,0,4
0-0-3,46,18,0,4
0-0-3,46,19,0,4
0-0-3,46,20,0,4
0-0-3,46,21,0,4
0-0-3,46,22,0,4
0-0-3,46,23,0,4
0-0-3,46,24,0,4
0-0-3,48,3,0,4
0-0-3,48,4,0,4
0-0-3,48,5,0,4
0-0-3,48,6,0,4
0-0-3,48,7,0,4
0-0-3,48,8,0,4
0-0-3,48,9,0,4
0-0-3,48,10,0,4
0-0-3,48,11,0,4
0-0-3,48,12,0,4
0-0-3,48,13,0,4
0-0-3,48,14,0,4
0-0-3,48,15,0,4
0-0-3,48,16,0,4
0-0-3,48,17,0,4
0-0-3,48,18,0,4
0-0-3,48,19,0,4
0-0-3,48,20,0,4
0-0-3,48,21,0,4
0-0-3,48,22,0,4
0-0-3,48,23,0,4
0-0-3,48,24,0,4
0-0-3,10,3,0,4
0-0-3,10,4,0,4
0-0-3,10,5,0,4
0-0-3,10,6,0,4
0-0-3,10,7,0,4
0-0-3,10,8,0,4
0-0-3,10,9,0,4
0-0-3,10,10,0,4
0-0-3,10,11,0,4
0-0-3,10,12,0,4
0-0-3,10,13,0,4
0-0-3,10,14,0,4
0-0-3,10,15,0,4
0-0-3,10,16,0,4
0-0-3,10,17,0,4
0-0-3,10,18,0,4
0-0-3,10,19,0,4
0-0-3,10,20,0,4
0-0-3,10,21,0,4
0-0-3,10,22,0,4
0-0-3,10,23,0,4
0-0-3,10,24,0,4
0-0-3,12,4,0,4
0-0-3,12,5,0,4
0-0-3,12,6,0,4
0-0-3,12,7,0,4
0-0-3,12,8,0,4
0-0-3,12,9,0,4
0-0-3,12,10,0,4
0-0-3,12,12,0,4
0-0-3,12,13,0,4
0-0-3,12,14,0,4
0-0-3,12,15,0,4
0-0-3,12,16,0,4
0-0-3,12,17,0,4
0-0-3,12,18,0,4
0-0-3,12,19,0,4
0-0-3,12,20,0,4
0-0-3,12,21,0,4
0-0-3,12,22,0,4
0-0-3,12,23,0,4
0-0-3,12,24,0,4
0-0-3,14,3,0,4
0-0-3,14,4,0,4
0-0-3,14,5,0,4
0-0-3,14,6,0,4
0-0-3,14,7,0,4
0-0-3,14,8,0,4
0-0-3,14,9,0,4
0-0-3,14,10,0,4
0-0-3,14,11,0,4
0-0-3,14,12,0,4
0-0-3,14,13,0,4
0-0-3,14,14,0,4
0-0-3,14,15,0,4
0-0-3,14,16,0,4
0-0-3,14,17,0,4
0-0-3,14,18,0,4
0-0-3,14,19,0,4
0-0-3,14,20,0,4
0-0-3,14,21,0,4
0-0-3,14,22,0,4
0-0-3,14,23,0,4
0-0-3,14,24,0,4
0-0-3,16,3,0,4
0-0-3,16,4,0,4
0-0-3,16,5,0,4
0-0-3,16,6,0,4
0-0-3,16,7,0,4
0-0-3,16,8,0,4
0-0-3,16,9,0,4
0-0-3,16,10,0,4
0-0-3,16,11,0,4
0-0-3,16,12,0,4
0-0-3,16,13,0,4
0-0-3,16,14,0,4
0-0-3,16,15,0,4
0-0-3,16,16,0,4
0-0-3,16,17,0,4
0-0-3,16,18,0,4
0-0-3,16,19,0,4
0-0-3,16,20,0,4
0-0-3,16,21,0,4
0-0-3,16,22,0,4
0-0-3,16,23,0,4
0-0-3,16,24,0,4
0-1-3,11,3,0,4
0-1-3,11,4,0,4
0-1-3,11,5,0,4
0-1-3,11,6,0,4
0-1-3,11,7,0,4
0-1-3,11,8,0,4
0-1-3,11,9,0,4
0-1-3,11,10,0,4
0-1-3,11,11,0,4
0-1-3,11,12,0,4
0-1-3,11,13,0,4
0-1-3,11,14,0,4
0-1-3,11,15,0,4
0-1-3,11,16,0,4
0-1-3,11,17,0,4
0-1-3,11,18,0,4
0-1-3,11,19,0,4
0-1-3,11,20,0,4
0-1-3,11,21,0,4
0-1-3,11,22,0,4
0-1-3,11,23,0,4
0-1-3,11,24,0,4
0-1-3,13,3,0,4
0-1-3,13,4,0,4
0-1-3,13,5,0,4
0-1-3,13,6,0,4
0-1-3,13,7,0,4
0-1-3,13,8,0,4
0-1-3,13,9,0,4
0-1-3,13,10,0,4
0-1-3,13,12,0,4
0-1-3,13,13,0,4
0-1-3,13,14,0,4
0-1-3,13,15,0,4
0-1-3,13,16,0,4
0-1-3,13,17,0,4
0-1-3,13,18,0,4
0-1-3,13,19,0,4
0-1-3,13,20,0,4
0-1-3,13,21,0,4
0-1-3,13,22,0,4
0-1-3,13,23,0,4
0-1-3,13,24,0,4
0-1-3,15,3,0,4
0-1-3,15,4,0,4
0-1-3,15,5,0,4
0-1-3,15,6,0,4
0-1-3,15,7,0,4
0-1-3,15,8,0,4
0-1-3,15,9,0,4
0-1-3,15,10,0,4
0-1-3,15,11,0,4
0-1-3,15,12,0,4
0-1-3,15,13,0,4
0-1-3,15,14,0,4
0-1-3,15,15,0,4
0-1-3,15,16,0,4
0-1-3,15,17,0,4
0-1-3,15,18,0,4
0-1-3,15,19,0,4
0-1-3,15,20,0,4
0-1-3,15,21,0,4
0-1-3,15,22,0,4
0-1-3,15,23,0,4
0-1-3,15,24,0,4
0-1-3,17,3,0,4
0-1-3,17,4,0,4
0-1-3,17,5,0,4
0-1-3,17,6,0,4
0-1-3,17,7,0,4
0-1-3,17,8,0,4
0-1-3,17,9,0,4
0-1-3,17,10,0,4
0-1-3,17,11,0,4
0-1-3,17,12,0,4
0-1-3,17,13,0,4
0-1-3,17,14,0,4
0-1-3,17,15,0,4
0-1-3,17,16,0,4
0-1-3,17,17,0,4
0-1-3,17,18,0,4
0-1-3,17,19,0,4
0-1-3,17,20,0,4
0-1-3,17,21,0,4
0-1-3,17,22,0,4
0-1-3,17,23,0,4
0-1-3,17,24,0,4
0-1-3,19,3,0,4
0-1-3,19,4,0,4
0-1-3,19,5,0,4
0-1-3,19,6,0,4
0-1-3,19,7,0,4
0-1-3,19,8,0,4
0-1-3,19,9,0,4
0-1-3,19,10,0,4
0-1-3,19,11,0,4
0-1-3,19,12,0,4
0-1-3,19,13,0,4
0-1-3,19,14,0,4
0-1-3,19,15,0,4
0-1-3,19,16,0,4
0-1-3,19,17,0,4
0-1-3,19,18,0,4
0-1-3,19,19,0,4
0-1-3,19,20,0,4
0-1-3,19,21,0,4
0-1-3,19,22,0,4
0-1-3,19,23,0,4
0-1-3,19,24,0,4
0-1-3,21,3,0,4
0-1-3,21,4,0,4
0-1-3,21,5,0,4
0-1-3,21,6,0,4
0-1-3,21,7,0,4
0-1-3,21,8,0,4
0-1-3,21,9,0,4
0-1-3,21,10,0,4
0-1-3,21,11,0,4
0-1-3,21,12,0,4
0-1-3,21,13,0,4
0-1-3,21,14,0,4
0-1-3,21,15,0,4
0-1-3,21,16,0,4
0-1-3,21,17,0,4
0-1-3,21,18,0,4
0-1-3,21,19,0,4
0-1-3,21,20,0,4
0-1-3,21,21,0,4
0-1-3,21,22,0,4
0-1-3,21,23,0,4
0-1-3,21,24,0,4
0-1-3,23,3,0,4
0-1-3,23,4,0,4
0-1-3,23,5,0,4
0-1-3,23,6,0,4
0-1-3,23,7,0,4
0-1-3,23,8,0,4
0-1-3,23,9,0,4
0-1-3,23,10,0,4
0-1-3,23,11,0,4
0-1-3,23,12,0,4
0-1-3,23,13,0,4
0-1-3,23,14,0,4
0-1-3,23,15,0,4
0-1-3,23,16,0,4
0-1-3,23,17,0,4
0-1-3,23,18,0,4
0-1-3,23,19,0,4
0-1-3,23,20,0,4
0-1-3,23,21,0,4
0-1-3,23,22,0,4
0-1-3,23,23,0,4
0-1-3,23,24,0,4
0-1-3,25,3,0,4
0-1-3,25,4,0,4
0-1-3,25,5,0,4
0-1-3,25,6,0,4
0-1-3,25,7,0,4
0-1-3,25,8,0,4
0-1-3,25,9,0,4
0-1-3,25,10,0,4
0-1-3,25,11,0,4
0-1-3,25,12,0,4
0-1-3,25,13,0,4
0-1-3,25,14,0,4
0-1-3,25,15,0,4
0-1-3,25,16,0,4
0-1-3,25,17,0,4
0-1-3,25,18,0,4
0-1-3,25,19,0,4
0-1-3,25,20,0,4
0-1-3,25,21,0,4
0-1-3,25,22,0,4
0-1-3,25,23,0,4
0-1-3,25,24,0,4
0-1-3,27,3,0,4
0-1-3,27,4,0,4
0-1-3,27,5,0,4
0-1-3,27,6,0,4
0-1-3,27,7,0,4
0-1-3,27,8,0,4
0-1-3,27,9,0,4
0-1-3,27,10,0,4
0-1-3,27,11,0,4
0-1-3,27,12,0,4
0-1-3,27,13,0,4
0-1-3,27,14,0,4
0-1-3,27,15,0,4
0-1-3,27,16,0,4
0-1-3,27,17,0,4
0-1-3,27,18,0,4
0-1-3,27,19,0,4
0-1-3,27,20,0,4
0-1-3,27,21,0,4
0-1-3,27,22,0,4
0-1-3,27,23,0,4
0-1-3,27,24,0,4
0-1-3,29,2,0,4
0-1-3,29,3,0,4
0-1-3,29,4,0,4
0-1-3,29,5,0,4
0-1-3,29,6,0,4
0-1-3,29,7,0,4
0-1-3,29,8,0,4
0-1-3,29,9,0,4
0-1-3,29,10,0,4
0-1-3,29,11,0,4
0-1-3,29,12,0,4
0-1-3,29,13,0,4
0-1-3,29,14,0,4
0-1-3,29,15,0,4
0-1-3,29,16,0,4
0-1-3,29,17,0,4
0-1-3,29,18,0,4
0-1-3,29,19,0,4
0-1-3,29,20,0,4
0-1-3,29,21,0,4
0-1-3,29,22,0,4
0-1-3,29,23,0,4
0-1-3,29,24,0,4
0-1-3,31,3,0,4
0-1-3,31,4,0,4
0-1-3,31,5,0,4
0-1-3,31,6,0,4
0-1-3,31,7,0,4
0-1-3,31,8,0,4
0-1-3,31,9,0,4
0-1-3,31,10,0,4
0-1-3,31,11,0,4
0-1-3,31,12,0,4
0-1-3,31,13,0,4
0-1-3,31,14,0,4
0-1-3,31,15,0,4
0-1-3,31,16,0,4
0-1-3,31,17,0,4
0-1-3,31,18,0,4
0-1-3,31,19,0,4
0-1-3,31,20,0,4
0-1-3,31,21,0,4
0-1-3,31,22,0,4
0-1-3,31,23,0,4
0-1-3,31,24,0,4
0-1-3,33,3,0,4
0-1-3,33,4,0,4
0-1-3,33,5,0,4
0-1-3,33,6,0,4
0-1-3,33,7,0,4
0-1-3,33,8,0,4
0-1-3,33,9,0,4
0-1-3,33,10,0,4
0-1-3,33,11,0,4
0-1-3,33,12,0,4
0-1-3,33,13,0,4
0-1-3,33,14,0,4
0-1-3,33,15,0,4
0-1-3,33,16,0,4
0-1-3,33,17,0,4
0-1-3,33,18,0,4
0-1-3,33,19,0,4
0-1-3,33,20,0,4
0-1-3,33,21,0,4
0-1-3,33,22,0,4
0-1-3,33,23,0,4
0-1-3,33,24,0,4
0-1-3,35,3,0,4
0-1-3,35,4,0,4
0-1-3,35,5,0,4
0-1-3,35,6,0,4
0-1-3,35,7,0,4
0-1-3,35,8,0,4
0-1-3,35,9,0,4
0-1-3,35,10,0,4
0-1-3,35,11,0,4
0-1-3,35,12,0,4
0-1-3,35,13,0,4
0-1-3,35,14,0,4
0-1-3,35,15,0,4
0-1-3,35,16,0,4
0-1-3,35,17,0,4
0-1-3,35,18,0,4
0-1-3,35,19,0,4
0-1-3,35,20,0,4
0-1-3,35,21,0,4
0-1-3,35,22,0,4
0-1-3,35,23,0,4
0-1-3,35,24,0,4
0-1-3,37,3,0,4
0-1-3,37,4,0,4
0-1-3,37,5,0,4
0-1-3,37,6,0,4
0-1-3,37,7,0,4
0-1-3,37,8,0,4
0-1-3,37,9,0,4
0-1-3,37,10,0,4
0-1-3,37,11,0,4
0-1-3,37,12,0,4
0-1-3,37,13,0,4
0-1-3,37,14,0,4
0-1-3,37,15,0,4
0-1-3,37,16,0,4
0-1-3,37,17,0,4
0-1-3,37,18,0,4
0-1-3,37,19,0,4
0-1-3,37,20,0,4
0-1-3,37,21,0,4
0-1-3,37,22,0,4
0-1-3,37,23,0,4
0-1-3,37,24,0,4
0-1-3,39,3,0,4
0-1-3,39,4,0,4
0-1-3,39,5,0,4
0-1-3,39,6,0,4
0-1-3,39,7,0,4
0-1-3,39,8,0,4
0-1-3,39,9,0,4
0-1-3,39,10,0,4
0-1-3,39,11,0,4
0-1-3,39,12,0,4
0-1-3,39,13,0,4
0-1-3,39,14,0,4
0-1-3,39,15,0,4
0-1-3,39,16,0,4
0-1-3,39,17,0,4
0-1-3,39,18,0,4
0-1-3,39,19,0,4
0-1-3,39,20,0,4
0-1-3,39,21,0,4
0-1-3,39,22,0,4
0-1-3,39,23,0,4
0-1-3,39,24,0,4
0-1-3,41,3,0,4
0-1-3,41,4,0,4
0-1-3,41,5,0,4
0-1-3,41,6,0,4
0-1-3,41,7,0,4
0-1-3,41,8,0,4
0-1-3,41,9,0,4
0-1-3,41,10,0,4
0-1-3,41,11,0,4
0-1-3,41,12,0,4
0-1-3,41,13,0,4
0-1-3,41,14,0,4
0-1-3,41,15,0,4
0-1-3,41,16,0,4
0-1-3,41,17,0,4
0-1-3,41,18,0,4
0-1-3,41,19,0,4
0-1-3,41,20,0,4
0-1-3,41,21,0,4
0-1-3,41,22,0,4
0-1-3,41,23,0,4
0-1-3,41,24,0,4
0-1-3,43,3,0,4
0-1-3,43,4,0,4
0-1-3,43,5,0,4
0-1-3,43,6,0,4
0-1-3,43,7,0,4
0-1-3,43,8,0,4
0-1-3,43,9,0,4
0-1-3,43,10,0,4
0-1-3,43,11,0,4
0-1-3,43,12,0,4
0-1-3,43,13,0,4
0-1-3,43,14,0,4
0-1-3,43,15,0,4
0-1-3,43,16,0,4
0-1-3,43,17,0,4
0-1-3,43,18,0,4
0-1-3,43,19,0,4
0-1-3,43,20,0,4
0-1-3,43,21,0,4
0-1-3,43,22,0,4
0-1-3,43,23,0,4
0-1-3,43,24,0,4
0-1-3,45,3,0,4
0-1-3,45,4,0,4
0-1-3,45,5,0,4
0-1-3,45,6,0,4
0-1-3,45,7,0,4
0-1-3,45,8,0,4
0-1-3,45,9,0,4
0-1-3,45,10,0,4
0-1-3,45,11,0,4
0-1-3,45,12,0,4
0-1-3,45,13,0,4
0-1-3,45,14,0,4
0-1-3,45,15,0,4
0-1-3,45,16,0,4
0-1-3,45,17,0,4
0-1-3,45,18,0,4
0-1-3,45,19,0,4
0-1-3,45,20,0,4
0-1-3,45,21,0,4
0-1-3,45,22,0,4
0-1-3,45,23,0,4
0-1-3,45,24,0,4
0-1-3,47,3,0,4
0-1-3,47,4,0,4
0-1-3,47,5,0,4
0-1-3,47,6,0,4
0-1-3,47,7,0,4
0-1-3,47,8,0,4
0-1-3,47,9,0,4
0-1-3,47,10,0,4
0-1-3,47,11,0,4
0-1-3,47,12,0,4
0-1-3,47,13,0,4
0-1-3,47,14,0,4
0-1-3,47,15,0,4
0-1-3,47,16,0,4
0-1-3,47,17,0,4
0-1-3,47,18,0,4
0-1-3,47,19,0,4
0-1-3,47,20,0,4
0-1-3,47,21,0,4
0-1-3,47,22,0,4
0-1-3,47,23,0,4
0-1-3,47,24,0,4
0-0-3,-10,3,0,4
0-0-3,10,25,0,4
0-0-3,10,26,0,4
0-0-3,10,27,0,4
0-0-3,10,28,0,4
0-0-3,10,29,0,4
0-0-3,10,30,0,4
0-0-3,12,25,0,4
0-0-3,12,26,0,4
0-0-3,12,27,0,4
0-0-3,12,28,0,4
0-0-3,12,29,0,4
0-0-3,10,31,0,4
0-0-3,10,32,0,4
0-0-3,10,33,0,4
0-0-3,10,34,0,4
0-0-3,10,35,0,4
0-0-3,10,36,0,4
0-0-3,12,30,0,4
0-0-3,12,31,0,4
0-0-3,12,32,0,4
0-0-3,12,33,0,4
0-0-3,12,34,0,4
0-0-3,12,35,0,4
0-0-3,12,36,0,4
0-0-3,10,-2,0,4
0-0-3,10,-1,0,4
0-0-3,10,0,0,4
0-0-3,10,1,0,4
0-0-3,10,2,0,4
0-0-3,12,0,0,4
0-0-3,12,1,0,4
0-0-3,12,2,0,4
0-0-3,12,3,0,4
0-0-3,12,-1,0,4
0-0-3,12,-2,0,4
0,-4,0,0,4
0-0-3,8,0,0,4
0-0-3,8,1,0,4
0-0-3,8,2,0,4
0-0-3,8,4,0,4
0-0-3,8,6,0,4
0-0-3,8,7,0,4
0-0-3,8,8,0,4
0-0-3,8,9,0,4
0-0-3,8,10,0,4
0-0-3,8,11,0,4
0-0-3,8,12,0,4
0-0-3,8,13,0,4
0-0-3,8,14,0,4
0-0-3,8,15,0,4
0-0-3,8,16,0,4
0-0-3,8,17,0,4
0-0-3,8,18,0,4
0-0-3,8,19,0,4
0-0-3,8,20,0,4
0-0-3,8,21,0,4
0-0-3,8,22,0,4
0-0-3,8,23,0,4
0-0-3,8,24,0,4
0-0-3,8,25,0,4
0-0-3,8,26,0,4
0-0-3,8,27,0,4
0-0-3,8,28,0,4
0-0-3,8,29,0,4
0-0-3,8,30,0,4
0-0-3,8,31,0,4
0-0-3,8,32,0,4
0-1-3,9,3,0,4
0-1-3,9,4,0,4
0-1-3,9,5,0,4
0-1-3,9,6,0,4
0-1-3,9,7,0,4
0-1-3,9,8,0,4
0-1-3,9,9,0,4
0-1-3,9,10,0,4
0-1-3,9,11,0,4
0-1-3,9,12,0,4
0-1-3,9,13,0,4
0-1-3,9,14,0,4
0-1-3,9,15,0,4
0-1-3,9,16,0,4
0-1-3,9,17,0,4
0-1-3,9,18,0,4
0-1-3,9,19,0,4
0-1-3,9,20,0,4
0-1-3,9,21,0,4
0-1-3,9,22,0,4
0-1-3,9,23,0,4
0-1-3,9,24,0,4
0-1-3,9,25,0,4
0-1-3,9,26,0,4
0-1-3,9,27,0,4
0-1-3,9,28,0,4
0-1-3,9,29,0,4
0-1-3,9,30,0,4
0-1-3,9,31,0,4
0-1-3,9,32,0,4
0-1-3,9,33,0,4
0-1-3,9,34,0,4
0-1-3,11,25,0,4
0-1-3,11,26,0,4
0-1-3,11,27,0,4
0-1-3,11,28,0,4
0-1-3,11,29,0,4
0-1-3,11,30,0,4
0-1-3,11,31,0,4
0-1-3,11,32,0,4
0-1-3,11,33,0,4
0-1-3,11,34,0,4
0-1-3,8,33,0,4
0-1-3,8,34,0,4
0-1-3,11,35,0,4
0-1-3,11,36,0,4
0-1-3,8,35,0,4
0-1-3,8,36,0,4
0-0-3,9,35,0,4
0-0-3,9,36,0,4
0-0-3,13,25,0,4
0-0-3,14,25,0,4
0-0-3,15,25,0,4
0-1-3,13,26,0,4
0-1-3,13,27,0,4
0-1-3,13,28,0,4
0-1-3,13,29,0,4
0-1-3,13,30,0,4
0-1-3,13,31,0,4
0-1-3,13,11,0,4
0-0-3,12,11,0,4
0-1-3,13,32,0,4
0-1-3,13,33,0,4
0-1-3,13,34,0,4
0-1-3,13,35,0,4
0-1-3,13,36,0,4
0-1-3,15,26,0,4
0-1-3,15,27,0,4
0-1-3,15,28,0,4
0-1-3,15,29,0,4
0-1-3,15,30,0,4
0-1-3,15,31,0,4
0-1-3,15,32,0,4
0-1-3,15,33,0,4
0-1-3,15,34,0,4
0-1-3,15,35,0,4
0-1-3,15,36,0,4
0-1-3,17,25,0,4
0-1-3,17,26,0,4
0-1-3,17,27,0,4
0-1-3,17,28,0,4
0-1-3,17,29,0,4
0-1-3,17,30,0,4
0-1-3,17,31,0,4
0-1-3,17,32,0,4
0-1-3,17,33,0,4
0-1-3,17,34,0,4
0-1-3,17,35,0,4
0-1-3,17,36,0,4
0-1-3,19,25,0,4
0-1-3,19,26,0,4
0-1-3,19,27,0,4
0-1-3,19,28,0,4
0-1-3,19,29,0,4
0-1-3,19,30,0,4
0-1-3,19,31,0,4
0-1-3,19,32,0,4
0-1-3,19,33,0,4
0-1-3,19,34,0,4
0-1-3,19,35,0,4
0-1-3,19,36,0,4
0-1-3,21,25,0,4
0-1-3,21,26,0,4
0-1-3,21,27,0,4
0-1-3,21,28,0,4
0-1-3,21,29,0,4
0-1-3,21,30,0,4
0-1-3,21,31,0,4
0-1-3,21,32,0,4
0-1-3,21,33,0,4
0-1-3,21,34,0,4
0-1-3,21,35,0,4
0-1-3,21,36,0,4
0-1-3,23,25,0,4
0-1-3,23,26,0,4
0-1-3,23,27,0,4
0-1-3,23,28,0,4
0-1-3,23,29,0,4
0-1-3,23,30,0,4
0-1-3,23,31,0,4
0-1-3,23,32,0,4
0-1-3,23,33,0,4
0-1-3,23,34,0,4
0-1-3,23,35,0,4
0-1-3,23,36,0,4
0-1-3,25,25,0,4
0-1-3,25,26,0,4
0-1-3,25,27,0,4
0-1-3,25,28,0,4
0-1-3,25,29,0,4
0-1-3,25,30,0,4
0-1-3,25,31,0,4
0-1-3,25,32,0,4
0-1-3,25,33,0,4
0-1-3,25,34,0,4
0-1-3,25,35,0,4
0-1-3,25,36,0,4
0-1-3,27,25,0,4
0-1-3,27,26,0,4
0-1-3,27,27,0,4
0-1-3,27,28,0,4
0-1-3,27,29,0,4
0-1-3,27,30,0,4
0-1-3,27,31,0,4
0-1-3,27,32,0,4
0-1-3,27,33,0,4
0-1-3,27,34,0,4
0-1-3,27,35,0,4
0-1-3,27,36,0,4
0-1-3,29,25,0,4
0-1-3,29,26,0,4
0-1-3,29,27,0,4
0-1-3,29,28,0,4
0-1-3,29,29,0,4
0-1-3,29,30,0,4
0-1-3,29,31,0,4
0-1-3,29,32,0,4
0-1-3,29,33,0,4
0-1-3,29,34,0,4
0-1-3,29,35,0,4
0-1-3,29,36,0,4
0-1-3,31,25,0,4
0-1-3,31,26,0,4
0-1-3,31,27,0,4
0-1-3,31,28,0,4
0-1-3,31,29,0,4
0-1-3,31,30,0,4
0-1-3,31,31,0,4
0-1-3,31,32,0,4
0-1-3,31,33,0,4
0-1-3,31,34,0,4
0-1-3,31,35,0,4
0-1-3,31,36,0,4
0-1-3,33,25,0,4
0-1-3,33,26,0,4
0-1-3,33,27,0,4
0-1-3,33,28,0,4
0-1-3,33,29,0,4
0-1-3,33,30,0,4
0-1-3,33,31,0,4
0-1-3,33,32,0,4
0-1-3,33,33,0,4
0-1-3,33,34,0,4
0-1-3,33,35,0,4
0-1-3,33,36,0,4
0-1-3,35,25,0,4
0-1-3,35,26,0,4
0-1-3,35,27,0,4
0-1-3,35,28,0,4
0-1-3,35,29,0,4
0-1-3,35,30,0,4
0-1-3,35,31,0,4
0-1-3,35,32,0,4
0-1-3,35,33,0,4
0-1-3,35,34,0,4
0-1-3,35,35,0,4
0-1-3,35,36,0,4
0-1-3,37,25,0,4
0-1-3,37,26,0,4
0-1-3,37,27,0,4
0-1-3,37,28,0,4
0-1-3,37,29,0,4
0-1-3,37,30,0,4
0-1-3,37,31,0,4
0-1-3,37,32,0,4
0-1-3,37,33,0,4
0-1-3,37,34,0,4
0-1-3,37,35,0,4
0-1-3,37,36,0,4
0-0-3,14,26,0,4
0-0-3,14,27,0,4
0-0-3,14,28,0,4
0-0-3,14,29,0,4
0-0-3,14,30,0,4
0-0-3,14,31,0,4
0-0-3,14,32,0,4
0-0-3,14,33,0,4
0-0-3,14,34,0,4
0-0-3,14,35,0,4
0-0-3,14,36,0,4
0-0-3,16,25,0,4
0-0-3,16,26,0,4
0-0-3,16,27,0,4
0-0-3,16,28,0,4
0-0-3,16,29,0,4
0-0-3,16,30,0,4
0-0-3,16,31,0,4
0-0-3,16,32,0,4
0-0-3,16,33,0,4
0-0-3,16,34,0,4
0-0-3,16,35,0,4
0-0-3,16,36,0,4
0-0-3,18,25,0,4
0-0-3,18,26,0,4
0-0-3,18,27,0,4
0-0-3,18,28,0,4
0-0-3,18,29,0,4
0-0-3,18,30,0,4
0-0-3,18,31,0,4
0-0-3,18,32,0,4
0-0-3,18,33,0,4
0-0-3,18,34,0,4
0-0-3,18,35,0,4
0-0-3,18,36,0,4
0-0-3,20,25,0,4
0-0-3,20,26,0,4
0-0-3,20,27,0,4
0-0-3,20,28,0,4
0-0-3,20,29,0,4
0-0-3,20,30,0,4
0-0-3,20,31,0,4
0-0-3,20,32,0,4
0-0-3,20,33,0,4
0-0-3,20,34,0,4
0-0-3,20,35,0,4
0-0-3,20,36,0,4
0-0-3,22,25,0,4
0-0-3,22,26,0,4
0-0-3,22,27,0,4
0-0-3,22,28,0,4
0-0-3,22,29,0,4
0-0-3,22,30,0,4
0-0-3,22,31,0,4
0-0-3,22,32,0,4
0-0-3,22,33,0,4
0-0-3,22,34,0,4
0-0-3,22,35,0,4
0-0-3,22,36,0,4
0-0-3,24,25,0,4
0-0-3,24,26,0,4
0-0-3,24,27,0,4
0-0-3,24,28,0,4
0-0-3,24,29,0,4
0-0-3,24,30,0,4
0-0-3,24,31,0,4
0-0-3,24,32,0,4
0-0-3,24,33,0,4
0-0-3,24,34,0,4
0-0-3,24,35,0,4
0-0-3,24,36,0,4
0-0-3,26,25,0,4
0-0-3,26,26,0,4
0-0-3,26,27,0,4
0-0-3,26,28,0,4
0-0-3,26,29,0,4
0-0-3,26,30,0,4
0-0-3,26,31,0,4
0-0-3,26,32,0,4
0-0-3,26,33,0,4
0-0-3,26,34,0,4
0-0-3,26,35,0,4
0-0-3,26,36,0,4
0-0-3,28,25,0,4
0-0-3,28,26,0,4
0-0-3,28,27,0,4
0-0-3,28,28,0,4
0-0-3,28,29,0,4
0-0-3,28,30,0,4
0-0-3,28,31,0,4
0-0-3,28,32,0,4
0-0-3,28,33,0,4
0-0-3,28,34,0,4
0-0-3,28,35,0,4
0-0-3,28,36,0,4
0-0-3,30,25,0,4
0-0-3,30,26,0,4
0-0-3,30,27,0,4
0-0-3,30,28,0,4
0-0-3,30,29,0,4
0-0-3,30,30,0,4
0-0-3,30,31,0,4
0-0-3,30,32,0,4
0-0-3,30,33,0,4
0-0-3,30,34,0,4
0-0-3,30,35,0,4
0-0-3,30,36,0,4
0-0-3,32,25,0,4
0-0-3,32,26,0,4
0-0-3,32,27,0,4
0-0-3,32,28,0,4
0-0-3,32,29,0,4
0-0-3,32,30,0,4
0-0-3,32,31,0,4
0-0-3,32,32,0,4
0-0-3,32,33,0,4
0-0-3,32,34,0,4
0-0-3,32,35,0,4
0-0-3,32,36,0,4
0-0-3,34,25,0,4
0-0-3,34,26,0,4
0-0-3,34,27,0,4
0-0-3,34,28,0,4
0-0-3,34,29,0,4
0-0-3,34,30,0,4
0-0-3,34,31,0,4
0-0-3,34,32,0,4
0-0-3,34,33,0,4
0-0-3,34,34,0,4
0-0-3,34,35,0,4
0-0-3,34,36,0,4
0-0-3,36,25,0,4
0-0-3,36,26,0,4
0-0-3,36,27,0,4
0-0-3,36,28,0,4
0-0-3,36,29,0,4
0-0-3,36,30,0,4
0-0-3,36,31,0,4
0-0-3,36,32,0,4
0-0-3,36,33,0,4
0-0-3,36,34,0,4
0-0-3,36,35,0,4
0-0-3,36,36,0,4
0-0-3,8,3,0,4
0-0-3,8,5,0,4
0-1-3,7,3,0,4
0-1-3,7,4,0,4
0-1-3,7,5,0,4
0-1-3,7,6,0,4
0-1-3,7,7,0,4
0-1-3,7,8,0,4
0-1-3,7,9,0,4
0-1-3,7,10,0,4
0-1-3,7,11,0,4
0-1-3,7,12,0,4
0-1-3,7,13,0,4
0-1-3,7,14,0,4
0-1-3,7,15,0,4
0-1-3,7,16,0,4
0-1-3,7,17,0,4
0-1-3,7,18,0,4
0-1-3,7,19,0,4
0-1-3,7,20,0,4
0-1-3,7,21,0,4
0-1-3,7,22,0,4
0-1-3,7,23,0,4
0-1-3,7,24,0,4
0-1-3,7,25,0,4
0-1-3,7,26,0,4
0-1-3,7,27,0,4
0-1-3,7,28,0,4
0-1-3,7,29,0,4
0-1-3,7,30,0,4
0-1-3,7,31,0,4
0-1-3,7,32,0,4
0-1-3,7,33,0,4
0-1-3,7,34,0,4
0-1-3,7,35,0,4
0-1-3,7,36,0,4
0-1-3,5,4,0,4
0-1-3,5,5,0,4
0-1-3,5,6,0,4
0-1-3,5,7,0,4
0-1-3,5,8,0,4
0-1-3,5,9,0,4
0-1-3,5,10,0,4
0-1-3,5,11,0,4
0-1-3,5,12,0,4
0-1-3,5,13,0,4
0-1-3,5,14,0,4
0-1-3,5,15,0,4
0-1-3,5,16,0,4
0-1-3,5,17,0,4
0-1-3,5,18,0,4
0-1-3,5,19,0,4
0-1-3,5,20,0,4
0-1-3,5,21,0,4
0-1-3,5,22,0,4
0-1-3,5,23,0,4
0-1-3,5,24,0,4
0-1-3,5,25,0,4
0-1-3,5,26,0,4
0-1-3,5,27,0,4
0-1-3,5,28,0,4
0-1-3,5,29,0,4
0-1-3,5,30,0,4
0-1-3,5,31,0,4
0-1-3,5,32,0,4
0-1-3,5,33,0,4
0-1-3,5,34,0,4
0-1-3,5,35,0,4
0-1-3,5,36,0,4
0-1-3,5,3,0,4
0-0-3,6,3,0,4
0-0-3,6,4,0,4
0-0-3,6,5,0,4
0-0-3,6,6,0,4
0-0-3,6,7,0,4
0-0-3,6,8,0,4
0-0-3,6,9,0,4
0-0-3,6,10,0,4
0-0-3,6,11,0,4
0-0-3,6,12,0,4
0-0-3,6,13,0,4
0-0-3,6,14,0,4
0-0-3,6,15,0,4
0-0-3,6,16,0,4
0-0-3,6,17,0,4
0-0-3,6,18,0,4
0-0-3,6,19,0,4
0-0-3,6,20,0,4
0-0-3,6,21,0,4
0-0-3,6,22,0,4
0-0-3,6,23,0,4
0-0-3,6,24,0,4
0-0-3,6,25,0,4
0-0-3,6,26,0,4
0-0-3,6,27,0,4
0-0-3,6,28,0,4
0-0-3,6,29,0,4
0-0-3,6,30,0,4
0-0-3,6,31,0,4
0-0-3,6,32,0,4
0-0-3,6,33,0,4
0-0-3,6,34,0,4
0-0-3,6,35,0,4
0-0-3,6,36,0,4
0-0-3,38,24,0,4
0-0-3,38,23,0,4
0-0-3,38,25,0,4
0-0-3,38,26,0,4
0-0-3,38,27,0,4
0-0-3,38,28,0,4
0-0-3,38,29,0,4
0-0-3,38,30,0,4
0-0-3,38,31,0,4
0-0-3,38,32,0,4
0-0-3,38,33,0,4
0-0-3,38,34,0,4
0-0-3,38,35,0,4
0-0-3,38,36,0,4
0-0-3,40,25,0,4
0-0-3,40,26,0,4
0-0-3,40,27,0,4
0-0-3,40,28,0,4
0-0-3,40,29,0,4
0-0-3,40,30,0,4
0-0-3,40,31,0,4
0-0-3,40,32,0,4
0-0-3,40,33,0,4
0-0-3,40,34,0,4
0-0-3,40,35,0,4
0-0-3,40,36,0,4
0-0-3,42,25,0,4
0-0-3,42,26,0,4
0-0-3,42,27,0,4
0-0-3,42,28,0,4
0-0-3,42,29,0,4
0-0-3,42,30,0,4
0-0-3,42,31,0,4
0-0-3,42,32,0,4
0-0-3,42,33,0,4
0-0-3,42,34,0,4
0-0-3,42,35,0,4
0-0-3,42,36,0,4
0-0-3,44,25,0,4
0-0-3,44,26,0,4
0-0-3,44,27,0,4
0-0-3,44,28,0,4
0-0-3,44,29,0,4
0-0-3,44,30,0,4
0-0-3,44,31,0,4
0-0-3,44,32,0,4
0-0-3,44,33,0,4
0-0-3,44,34,0,4
0-0-3,44,35,0,4
0-0-3,44,36,0,4
0-1-3,39,25,0,4
0-1-3,39,26,0,4
0-1-3,39,27,0,4
0-1-3,39,28,0,4
0-1-3,39,29,0,4
0-1-3,39,30,0,4
0-1-3,39,31,0,4
0-1-3,39,32,0,4
0-1-3,39,33,0,4
0-1-3,39,34,0,4
0-1-3,39,35,0,4
0-1-3,39,36,0,4
0-1-3,41,25,0,4
0-1-3,41,26,0,4
0-1-3,41,27,0,4
0-1-3,41,28,0,4
0-1-3,41,29,0,4
0-1-3,41,30,0,4
0-1-3,41,31,0,4
0-1-3,41,32,0,4
0-1-3,41,33,0,4
0-1-3,41,34,0,4
0-1-3,41,35,0,4
0-1-3,41,36,0,4
0-1-3,43,25,0,4
0-1-3,43,26,0,4
0-1-3,43,27,0,4
0-1-3,43,28,0,4
0-1-3,43,29,0,4
0-1-3,43,30,0,4
0-1-3,43,31,0,4
0-1-3,43,32,0,4
0-1-3,43,33,0,4
0-1-3,43,34,0,4
0-1-3,43,35,0,4
0-1-3,43,36,0,4
