1,295,88,2,1
1,296,88,2,1
1,298,88,2,1
1,299,88,2,1
1,302,88,2,1
1,301,88,2,1
1,303,88,3,1
1,300,88,3,1
1,297,88,3,1
1,306,88,3,1
1,304,88,2,1
1,305,88,2,1
0,295,89,12,1
0,295,90,12,1
0,295,91,12,1
0,295,92,12,1
0,296,89,12,1
0,296,90,12,1
0,296,91,12,1
0,296,92,12,1
0,299,89,12,1
0,299,90,12,1
0,299,91,12,1
0,299,92,12,1
0,301,89,12,1
0,301,90,12,1
0,301,91,12,1
0,301,92,12,1
0,302,89,12,1
0,302,90,12,1
0,302,91,12,1
0,302,92,12,1
0,304,89,12,1
0,304,90,12,1
0,304,91,12,1
0,304,92,12,1
0,305,89,12,1
0,305,90,12,1
0,305,91,12,1
0,305,92,12,1
0,298,89,12,1
0,298,90,12,1
0,298,91,12,1
0,298,92,12,1
0,297,89,10,1
0,297,90,10,1
0,297,91,10,1
0,297,92,10,1
0,300,89,10,1
0,300,90,10,1
0,300,91,10,1
0,300,92,10,1
0,303,89,10,1
0,303,90,10,1
0,303,91,10,1
0,303,92,10,1
0,306,89,10,1
0,306,90,10,1
0,306,91,10,1
0,306,92,10,1
0,294,88,10,1
0,294,89,10,1
0,294,90,10,1
0,294,91,10,1
0,294,92,10,1
death,295,78,14,1
death,296,78,14,1
death,297,78,14,1
death,298,78,14,1
death,299,78,14,1
death,300,78,14,1
death,301,78,14,1
death,302,78,14,1
death,303,78,14,1
death,304,78,14,1
death,305,78,14,1
death,306,78,14,1
death,307,78,14,1
death,308,78,14,1
0,307,89,12,1
0,307,90,12,1
0,307,91,12,1
0,307,92,12,1
0,308,89,12,1
0,308,90,12,1
0,308,91,12,1
0,308,92,12,1
0,309,78,10,1
0,309,89,10,1
0,309,90,10,1
0,309,91,10,1
0,309,92,10,1
4,309,79,10,1
4,309,80,10,1
4,309,81,10,1
4,309,82,10,1
4,309,83,10,1
4,309,84,10,1
4,309,85,10,1
4,309,86,10,1
4,309,87,10,1
4,309,88,10,1
1,307,88,2,1
1,308,88,2,1
0,307,76,12,1
0,307,77,12,1
0,308,76,12,1
0,308,77,12,1
0,309,76,10,1
0,309,77,10,1
0,306,76,10,1
0,306,77,11,1
0,304,76,12,1
0,304,77,12,1
0,305,76,12,1
0,305,77,12,1
0,301,76,12,1
0,301,77,12,1
0,302,76,12,1
0,302,77,12,1
0,298,76,12,1
0,298,77,12,1
0,299,76,12,1
0,299,77,12,1
0,295,76,12,1
0,295,77,12,1
0,296,76,12,1
0,296,77,12,1
0,297,76,10,1
0,297,77,10,1
0,300,76,10,1
0,300,77,10,1
0,303,76,10,1
0,303,77,10,1
0,294,76,10,1
0,294,77,10,1
0,294,78,10,1
2,294,79,11,1
2,294,85,10,1
2,294,86,10,1
2,294,87,10,1
0,278,85,7,1
0,279,85,7,1
0,280,85,7,1
0,281,85,7,1
0,282,85,7,1
0,283,85,7,1
0,284,85,7,1
0,285,85,7,1
0,286,85,7,1
0,287,85,7,1
0,288,85,7,1
0,289,85,7,1
0,290,85,7,1
0,291,85,7,1
0,292,85,7,1
0,293,85,7,1
0,278,84,2,1
0,279,84,2,1
0,280,84,2,1
0,281,84,2,1
0,282,84,2,1
0,283,84,2,1
0,284,84,2,1
0,285,84,2,1
0,286,84,2,1
0,287,84,2,1
0,288,84,2,1
0,289,84,2,1
0,290,84,2,1
0,291,84,2,1
0,292,84,2,1
0,293,84,2,1
2,294,84,3,1
0,278,79,12,1
0,279,79,12,1
0,280,79,12,1
0,281,79,12,1
0,282,79,12,1
0,283,79,12,1
0,284,79,12,1
0,285,79,12,1
0,286,79,12,1
0,287,79,12,1
0,288,79,12,1
0,289,79,12,1
0,290,79,12,1
0,291,79,12,1
0,292,79,12,1
0,293,79,12,1
0,278,78,7,1
0,279,78,7,1
0,280,78,7,1
0,281,78,7,1
0,282,78,7,1
0,283,78,7,1
0,284,78,7,1
0,285,78,7,1
0,286,78,7,1
0,287,78,7,1
0,288,78,7,1
0,289,78,7,1
0,290,78,7,1
0,291,78,7,1
0,292,78,7,1
0,293,78,7,1
0,278,73,1,1
0,278,74,1,1
0,278,75,1,1
0,278,76,1,1
0,278,77,1,1
0,279,73,1,1
0,279,74,1,1
0,279,75,1,1
0,279,76,1,1
0,279,77,1,1
0,280,73,1,1
0,280,74,1,1
0,280,75,1,1
0,280,76,1,1
0,280,77,1,1
0,281,73,1,1
0,281,74,1,1
0,281,75,1,1
0,281,76,1,1
0,281,77,1,1
0,282,73,1,1
0,282,74,1,1
0,282,75,1,1
0,282,76,1,1
0,282,77,1,1
0,283,73,1,1
0,283,74,1,1
0,283,75,1,1
0,283,76,1,1
0,283,77,1,1
0,284,73,1,1
0,284,74,1,1
0,284,75,1,1
0,284,76,1,1
0,284,77,1,1
0,285,73,1,1
0,285,74,1,1
0,285,75,1,1
0,285,76,1,1
0,285,77,1,1
0,286,73,1,1
0,286,74,1,1
0,286,75,1,1
0,286,76,1,1
0,286,77,1,1
0,287,73,1,1
0,287,74,1,1
0,287,75,1,1
0,287,76,1,1
0,287,77,1,1
0,288,73,1,1
0,288,74,1,1
0,288,75,1,1
0,288,76,1,1
0,288,77,1,1
0,289,73,1,1
0,289,74,1,1
0,289,75,1,1
0,289,76,1,1
0,289,77,1,1
0,290,73,1,1
0,290,74,1,1
0,290,75,1,1
0,290,76,1,1
0,290,77,1,1
0,291,73,1,1
0,291,74,1,1
0,291,75,1,1
0,291,76,1,1
0,291,77,1,1
0,292,73,1,1
0,292,74,1,1
0,292,75,1,1
0,292,76,1,1
0,292,77,1,1
0,293,73,1,1
0,293,74,1,1
0,293,75,1,1
0,293,76,1,1
0,293,77,1,1
0,278,86,1,1
0,278,87,1,1
0,278,88,1,1
0,278,89,1,1
0,278,90,1,1
0,278,91,1,1
0,278,92,1,1
0,279,86,1,1
0,279,87,1,1
0,279,88,1,1
0,279,89,1,1
0,279,90,1,1
0,279,91,1,1
0,279,92,1,1
0,280,86,1,1
0,280,87,1,1
0,280,88,1,1
0,280,89,1,1
0,280,90,1,1
0,280,91,1,1
0,280,92,1,1
0,281,86,1,1
0,281,87,1,1
0,281,88,1,1
0,281,89,1,1
0,281,90,1,1
0,281,91,1,1
0,281,92,1,1
0,282,86,1,1
0,282,87,1,1
0,282,88,1,1
0,282,89,1,1
0,282,90,1,1
0,282,91,1,1
0,282,92,1,1
0,283,86,1,1
0,283,87,1,1
0,283,88,1,1
0,283,89,1,1
0,283,90,1,1
0,283,91,1,1
0,283,92,1,1
0,284,86,1,1
0,284,87,1,1
0,284,88,1,1
0,284,89,1,1
0,284,90,1,1
0,284,91,1,1
0,284,92,1,1
0,285,86,1,1
0,285,87,1,1
0,285,88,1,1
0,285,89,1,1
0,285,90,1,1
0,285,91,1,1
0,285,92,1,1
0,286,86,1,1
0,286,87,1,1
0,286,88,1,1
0,286,89,1,1
0,286,90,1,1
0,286,91,1,1
0,286,92,1,1
0,287,86,1,1
0,287,87,1,1
0,287,88,1,1
0,287,89,1,1
0,287,90,1,1
0,287,91,1,1
0,287,92,1,1
0,288,86,1,1
0,288,87,1,1
0,288,88,1,1
0,288,89,1,1
0,288,90,1,1
0,288,91,1,1
0,288,92,1,1
0,289,86,1,1
0,289,87,1,1
0,289,88,1,1
0,289,89,1,1
0,289,90,1,1
0,289,91,1,1
0,289,92,1,1
0,290,86,1,1
0,290,87,1,1
0,290,88,1,1
0,290,89,1,1
0,290,90,1,1
0,290,91,1,1
0,290,92,1,1
0,291,86,1,1
0,291,87,1,1
0,291,88,1,1
0,291,89,1,1
0,291,90,1,1
0,291,91,1,1
0,291,92,1,1
0,292,86,1,1
0,292,87,1,1
0,292,88,1,1
0,292,89,1,1
0,292,90,1,1
0,292,91,1,1
0,292,92,1,1
0,293,86,1,1
0,293,87,1,1
0,293,88,1,1
0,293,89,1,1
0,293,90,1,1
0,293,91,1,1
0,293,92,1,1
0,294,72,1,1
0,294,73,1,1
0,294,74,1,1
0,294,75,1,1
0,295,72,1,1
0,295,73,1,1
0,295,74,1,1
0,295,75,1,1
0,296,72,1,1
0,296,73,1,1
0,296,74,1,1
0,296,75,1,1
0,297,72,1,1
0,297,73,1,1
0,297,74,1,1
0,297,75,1,1
0,298,72,1,1
0,298,73,1,1
0,298,74,1,1
0,298,75,1,1
0,299,72,1,1
0,299,73,1,1
0,299,74,1,1
0,299,75,1,1
0,300,72,1,1
0,300,73,1,1
0,300,74,1,1
0,300,75,1,1
0,301,72,1,1
0,301,73,1,1
0,301,74,1,1
0,301,75,1,1
0,302,72,1,1
0,302,73,1,1
0,302,74,1,1
0,302,75,1,1
0,303,72,1,1
0,303,73,1,1
0,303,74,1,1
0,303,75,1,1
0,304,72,1,1
0,304,73,1,1
0,304,74,1,1
0,304,75,1,1
0,305,72,1,1
0,305,73,1,1
0,305,74,1,1
0,305,75,1,1
0,306,72,1,1
0,306,73,1,1
0,306,74,1,1
0,306,75,1,1
0,307,72,1,1
0,307,73,1,1
0,307,74,1,1
0,307,75,1,1
0,308,72,1,1
0,308,73,1,1
0,308,74,1,1
0,308,75,1,1
0,309,72,1,1
0,309,73,1,1
0,309,74,1,1
0,309,75,1,1
0,310,72,1,1
0,310,73,1,1
0,311,72,1,1
0,311,73,1,1
0,310,74,1,1
0,310,75,1,1
0,310,76,1,1
0,310,77,1,1
0,310,78,1,1
0,310,79,1,1
0,310,80,1,1
0,310,81,1,1
0,310,82,1,1
0,310,83,1,1
0,310,84,1,1
0,310,85,1,1
0,310,86,1,1
0,310,87,1,1
0,310,88,1,1
0,310,89,1,1
0,310,90,1,1
0,310,91,1,1
0,310,92,1,1
0,311,74,1,1
0,311,75,1,1
0,311,76,1,1
0,311,77,1,1
0,311,78,1,1
0,311,79,1,1
0,311,80,1,1
0,311,81,1,1
0,311,82,1,1
0,311,83,1,1
0,311,84,1,1
0,311,85,1,1
0,311,86,1,1
0,311,87,1,1
0,311,88,1,1
0,311,89,1,1
0,311,90,1,1
0,311,91,1,1
0,311,92,1,1
0,312,74,1,1
0,312,75,1,1
0,312,76,1,1
0,312,77,1,1
0,312,78,1,1
0,312,79,1,1
0,312,80,1,1
0,312,81,1,1
0,312,82,1,1
0,312,83,1,1
0,312,84,1,1
0,312,85,1,1
0,312,86,1,1
0,312,87,1,1
0,312,88,1,1
0,312,89,1,1
0,312,90,1,1
0,312,91,1,1
0,312,92,1,1
0,312,93,1,1
0,312,94,1,1
0,312,95,1,1
0,313,74,1,1
0,313,75,1,1
0,313,76,1,1
0,313,77,1,1
0,313,78,1,1
0,313,79,1,1
0,313,80,1,1
0,313,81,1,1
0,313,82,1,1
0,313,83,1,1
0,313,84,1,1
0,313,85,1,1
0,313,86,1,1
0,313,87,1,1
0,313,88,1,1
0,313,89,1,1
0,313,90,1,1
0,313,91,1,1
0,313,92,1,1
0,313,93,1,1
0,313,94,1,1
0,313,95,1,1
0,314,74,1,1
0,314,75,1,1
0,314,76,1,1
0,314,77,1,1
0,314,78,1,1
0,314,79,1,1
0,314,80,1,1
0,314,81,1,1
0,314,82,1,1
0,314,83,1,1
0,314,84,1,1
0,314,85,1,1
0,314,86,1,1
0,314,87,1,1
0,314,88,1,1
0,314,89,1,1
0,314,90,1,1
0,314,91,1,1
0,314,92,1,1
0,314,93,1,1
0,314,94,1,1
0,314,95,1,1
0,315,74,1,1
0,315,75,1,1
0,315,76,1,1
0,315,77,1,1
0,315,78,1,1
0,315,79,1,1
0,315,80,1,1
0,315,81,1,1
0,315,82,1,1
0,315,83,1,1
0,315,84,1,1
0,315,85,1,1
0,315,86,1,1
0,315,87,1,1
0,315,88,1,1
0,315,89,1,1
0,315,90,1,1
0,315,91,1,1
0,315,92,1,1
0,315,93,1,1
0,315,94,1,1
0,315,95,1,1
0,316,74,1,1
0,316,75,1,1
0,316,76,1,1
0,316,77,1,1
0,316,78,1,1
0,316,79,1,1
0,316,80,1,1
0,316,81,1,1
0,316,82,1,1
0,316,83,1,1
0,316,84,1,1
0,316,85,1,1
0,316,86,1,1
0,316,87,1,1
0,316,88,1,1
0,316,89,1,1
0,316,90,1,1
0,316,91,1,1
0,316,92,1,1
0,316,93,1,1
0,316,94,1,1
0,316,95,1,1
0,317,74,1,1
0,317,75,1,1
0,317,76,1,1
0,317,77,1,1
0,317,78,1,1
0,317,79,1,1
0,317,80,1,1
0,317,81,1,1
0,317,82,1,1
0,317,83,1,1
0,317,84,1,1
0,317,85,1,1
0,317,86,1,1
0,317,87,1,1
0,317,88,1,1
0,317,89,1,1
0,317,90,1,1
0,317,91,1,1
0,317,92,1,1
0,317,93,1,1
0,317,94,1,1
0,317,95,1,1
0,318,74,1,1
0,318,75,1,1
0,318,76,1,1
0,318,77,1,1
0,318,78,1,1
0,318,79,1,1
0,318,80,1,1
0,318,81,1,1
0,318,82,1,1
0,318,83,1,1
0,318,84,1,1
0,318,85,1,1
0,318,86,1,1
0,318,87,1,1
0,318,88,1,1
0,318,89,1,1
0,318,90,1,1
0,318,91,1,1
0,318,92,1,1
0,318,93,1,1
0,318,94,1,1
0,318,95,1,1
0,319,74,1,1
0,319,75,1,1
0,319,76,1,1
0,319,77,1,1
0,319,78,1,1
0,319,79,1,1
0,319,80,1,1
0,319,81,1,1
0,319,82,1,1
0,319,83,1,1
0,319,84,1,1
0,319,85,1,1
0,319,86,1,1
0,319,87,1,1
0,319,88,1,1
0,319,89,1,1
0,319,90,1,1
0,319,91,1,1
0,319,92,1,1
0,319,93,1,1
0,319,94,1,1
0,319,95,1,1
0,320,74,1,1
0,320,75,1,1
0,320,76,1,1
0,320,77,1,1
0,320,78,1,1
0,320,79,1,1
0,320,80,1,1
0,320,81,1,1
0,320,82,1,1
0,320,83,1,1
0,320,84,1,1
0,320,85,1,1
0,320,86,1,1
0,320,87,1,1
0,320,88,1,1
0,320,89,1,1
0,320,90,1,1
0,320,91,1,1
0,320,92,1,1
0,320,93,1,1
0,320,94,1,1
0,320,95,1,1
0,321,74,1,1
0,321,75,1,1
0,321,76,1,1
0,321,77,1,1
0,321,78,1,1
0,321,79,1,1
0,321,80,1,1
0,321,81,1,1
0,321,82,1,1
0,321,83,1,1
0,321,84,1,1
0,321,85,1,1
0,321,86,1,1
0,321,87,1,1
0,321,88,1,1
0,321,89,1,1
0,321,90,1,1
0,321,91,1,1
0,321,92,1,1
0,321,93,1,1
0,321,94,1,1
0,321,95,1,1
0,322,74,1,1
0,322,75,1,1
0,322,76,1,1
0,322,77,1,1
0,322,78,1,1
0,322,79,1,1
0,322,80,1,1
0,322,81,1,1
0,322,82,1,1
0,322,83,1,1
0,322,84,1,1
0,322,85,1,1
0,322,86,1,1
0,322,87,1,1
0,322,88,1,1
0,322,89,1,1
0,322,90,1,1
0,322,91,1,1
0,322,92,1,1
0,322,93,1,1
0,322,94,1,1
0,322,95,1,1
0,323,74,1,1
0,323,75,1,1
0,323,76,1,1
0,323,77,1,1
0,323,78,1,1
0,323,79,1,1
0,323,80,1,1
0,323,81,1,1
0,323,82,1,1
0,323,83,1,1
0,323,84,1,1
0,323,85,1,1
0,323,86,1,1
0,323,87,1,1
0,323,88,1,1
0,323,89,1,1
0,323,90,1,1
0,323,91,1,1
0,323,92,1,1
0,323,93,1,1
0,323,94,1,1
0,323,95,1,1
0,293,93,1,1
0,293,94,1,1
0,293,95,1,1
0,293,96,1,1
0,293,97,1,1
0,294,93,1,1
0,294,94,1,1
0,294,95,1,1
0,294,96,1,1
0,294,97,1,1
0,295,93,1,1
0,295,94,1,1
0,295,95,1,1
0,295,96,1,1
0,295,97,1,1
0,296,93,1,1
0,296,94,1,1
0,296,95,1,1
0,296,96,1,1
0,296,97,1,1
0,297,93,1,1
0,297,94,1,1
0,297,95,1,1
0,297,96,1,1
0,297,97,1,1
0,298,93,1,1
0,298,94,1,1
0,298,95,1,1
0,298,96,1,1
0,298,97,1,1
0,299,93,1,1
0,299,94,1,1
0,299,95,1,1
0,299,96,1,1
0,299,97,1,1
0,300,93,1,1
0,300,94,1,1
0,300,95,1,1
0,300,96,1,1
0,300,97,1,1
0,301,93,1,1
0,301,94,1,1
0,301,95,1,1
0,301,96,1,1
0,301,97,1,1
0,302,93,1,1
0,302,94,1,1
0,302,95,1,1
0,302,96,1,1
0,302,97,1,1
0,303,93,1,1
0,303,94,1,1
0,303,95,1,1
0,303,96,1,1
0,303,97,1,1
0,304,93,1,1
0,304,94,1,1
0,304,95,1,1
0,304,96,1,1
0,304,97,1,1
0,305,93,1,1
0,305,94,1,1
0,305,95,1,1
0,305,96,1,1
0,305,97,1,1
0,306,93,1,1
0,306,94,1,1
0,306,95,1,1
0,306,96,1,1
0,306,97,1,1
0,307,93,1,1
0,307,94,1,1
0,307,95,1,1
0,307,96,1,1
0,307,97,1,1
0,308,93,1,1
0,308,94,1,1
0,308,95,1,1
0,308,96,1,1
0,308,97,1,1
0,309,93,1,1
0,309,94,1,1
0,309,95,1,1
0,309,96,1,1
0,309,97,1,1
0,310,93,1,1
0,310,94,1,1
0,310,95,1,1
0,310,96,1,1
0,310,97,1,1
0,311,93,1,1
0,311,94,1,1
0,311,95,1,1
0,311,96,1,1
0,311,97,1,1
0,278,81,8,1
0,278,82,8,1
0,278,83,8,1
0,279,81,8,1
0,279,82,8,1
0,279,83,8,1
0,280,81,8,1
0,280,82,8,1
0,280,83,8,1
0,281,81,8,1
0,281,82,8,1
0,281,83,8,1
0,282,81,8,1
0,282,82,8,1
0,282,83,8,1
0,283,81,8,1
0,283,82,8,1
0,283,83,8,1
0,284,81,8,1
0,284,82,8,1
0,284,83,8,1
0,285,81,8,1
0,285,82,8,1
0,285,83,8,1
0,286,81,8,1
0,286,82,8,1
0,286,83,8,1
0,287,81,8,1
0,287,82,8,1
0,287,83,8,1
0,288,81,8,1
0,288,82,8,1
0,288,83,8,1
0,289,81,8,1
0,289,82,8,1
0,289,83,8,1
0,290,81,8,1
0,290,82,8,1
0,290,83,8,1
0,291,81,8,1
0,291,82,8,1
0,291,83,8,1
0,292,81,8,1
0,292,82,8,1
0,292,83,8,1
0,293,81,8,1
0,293,82,8,1
0,293,83,8,1
0,278,80,9,1
0,279,80,9,1
0,280,80,9,1
0,281,80,9,1
0,282,80,9,1
0,283,80,9,1
0,284,80,9,1
0,285,80,9,1
0,286,80,9,1
0,287,80,9,1
0,288,80,9,1
0,289,80,9,1
0,290,80,9,1
0,291,80,9,1
0,292,80,9,1
0,293,80,9,1
water,295,80,8,1
water,295,81,8,1
water,295,82,8,1
water,295,83,8,1
water,295,84,8,1
water,295,85,8,1
water,295,86,8,1
water,295,87,8,1
water,296,80,8,1
water,296,81,8,1
water,296,82,8,1
water,296,83,8,1
water,296,84,8,1
water,296,85,8,1
water,296,86,8,1
water,296,87,8,1
water,297,80,8,1
water,297,81,8,1
water,297,82,8,1
water,297,83,8,1
water,297,84,8,1
water,297,85,8,1
water,297,86,8,1
water,297,87,8,1
water,298,80,8,1
water,298,81,8,1
water,298,82,8,1
water,298,83,8,1
water,298,84,8,1
water,298,85,8,1
water,298,86,8,1
water,298,87,8,1
water,299,80,8,1
water,299,81,8,1
water,299,82,8,1
water,299,83,8,1
water,299,84,8,1
water,299,85,8,1
water,299,86,8,1
water,299,87,8,1
water,300,80,8,1
water,300,81,8,1
water,300,82,8,1
water,300,83,8,1
water,300,84,8,1
water,300,85,8,1
water,300,86,8,1
water,300,87,8,1
water,301,80,8,1
water,301,81,8,1
water,301,82,8,1
water,301,83,8,1
water,301,84,8,1
water,301,85,8,1
water,301,86,8,1
water,301,87,8,1
water,302,80,8,1
water,302,81,8,1
water,302,82,8,1
water,302,83,8,1
water,302,84,8,1
water,302,85,8,1
water,302,86,8,1
water,302,87,8,1
water,303,80,8,1
water,303,81,8,1
water,303,82,8,1
water,303,83,8,1
water,303,84,8,1
water,303,85,8,1
water,303,86,8,1
water,303,87,8,1
water,304,80,8,1
water,304,81,8,1
water,304,82,8,1
water,304,83,8,1
water,304,84,8,1
water,304,85,8,1
water,304,86,8,1
water,304,87,8,1
water,305,80,8,1
water,305,81,8,1
water,305,82,8,1
water,305,83,8,1
water,305,84,8,1
water,305,85,8,1
water,305,86,8,1
water,305,87,8,1
water,306,80,8,1
water,306,81,8,1
water,306,82,8,1
water,306,83,8,1
water,306,84,8,1
water,306,85,8,1
water,306,86,8,1
water,306,87,8,1
water,307,80,8,1
water,307,81,8,1
water,307,82,8,1
water,307,83,8,1
water,307,84,8,1
water,307,85,8,1
water,307,86,8,1
water,307,87,8,1
water,308,80,8,1
water,308,81,8,1
water,308,82,8,1
water,308,83,8,1
water,308,84,8,1
water,308,85,8,1
water,308,86,8,1
water,308,87,8,1
water,295,79,9,1
water,296,79,9,1
water,297,79,9,1
water,298,79,9,1
water,299,79,9,1
water,300,79,9,1
water,301,79,9,1
water,302,79,9,1
water,303,79,9,1
water,304,79,9,1
water,305,79,9,1
water,306,79,9,1
water,307,79,9,1
water,308,79,9,1
2,294,80,9,1
2,294,81,8,1
2,294,82,8,1
2,294,83,8,1
