move-right,22,19,0,1
conveyor anim-right,23,19,0,1
conveyor anim-right,24,19,0,1
conveyor anim-right,25,19,0,1
conveyor anim-right,26,19,0,1
conveyor anim-right,27,19,0,1
conveyor anim-right,28,19,0,1
conveyor anim-right,29,19,0,1
conveyor anim-right,30,19,0,1
conveyor anim-right,31,19,0,1
conveyor anim-right,32,19,0,1
conveyor anim-right,33,19,0,1
conveyor anim-right,34,19,0,1
conveyor anim-right,35,19,0,1
conveyor anim-right,36,19,0,1
conveyor anim-right,37,19,0,1
conveyor anim-right,38,19,0,1
move-right,39,19,0,1
0,22,21,2,1
0,24,21,6,1
0,22,22,9,1
0,23,22,10,1
0,21,21,1,1
0,24,22,1,1
0,25,22,2,1
0,27,22,6,1
0,26,22,5,1
0,23,21,5,1
0,25,23,9,1
0,25,24,9,1
0,25,25,9,1
0,26,23,10,1
0,26,24,10,1
0,26,25,10,1
0,22,23,2,1
0,23,23,5,1
0,24,23,6,1
0,22,24,9,1
0,22,25,9,1
0,23,24,10,1
0,23,25,10,1
0,24,20,1,1
0,25,20,2,1
0,26,20,5,1
0,27,20,6,1
0,25,21,9,1
0,26,21,10,1
2,21,13,48,1
2,21,14,48,1
2,21,15,48,1
2,21,16,48,1
2,21,17,48,1
2,21,18,48,1
move-left,42,19,0,1
conveyor anim-left,43,19,0,1
conveyor anim-left,44,19,0,1
conveyor anim-left,45,19,0,1
conveyor anim-left,46,19,0,1
conveyor anim-left,47,19,0,1
conveyor anim-left,48,19,0,1
conveyor anim-left,49,19,0,1
conveyor anim-left,50,19,0,1
conveyor anim-left,51,19,0,1
conveyor anim-left,52,19,0,1
0,42,21,1,1
0,43,21,2,1
0,44,21,5,1
0,45,21,6,1
0,43,22,9,1
0,44,22,10,1
0,42,23,1,1
0,43,23,2,1
0,45,23,6,1
0,44,23,5,1
0,43,24,9,1
0,43,25,9,1
0,44,24,10,1
0,44,25,10,1
0,45,20,1,1
0,46,20,2,1
0,47,20,5,1
0,48,20,6,1
0,46,21,9,1
0,47,21,10,1
0,45,22,1,1
0,46,22,2,1
0,47,22,5,1
0,48,22,6,1
0,46,23,9,1
0,46,24,9,1
0,46,25,9,1
0,47,23,10,1
0,47,24,10,1
0,47,25,10,1
0,48,21,1,1
0,49,21,2,1
0,50,21,5,1
0,51,21,6,1
0,49,22,9,1
0,50,22,10,1
0,48,23,1,1
0,49,23,2,1
0,50,23,5,1
0,51,23,6,1
0,49,24,9,1
0,49,25,9,1
0,50,24,10,1
0,50,25,10,1
move-left,53,19,0,1
0,39,20,6,1
0,38,20,5,1
0,37,20,2,1
0,36,20,1,1
0,37,21,9,1
0,38,21,10,1
0,36,22,1,1
0,37,22,2,1
0,38,22,5,1
0,39,22,6,1
0,37,23,9,1
0,37,24,9,1
0,37,25,9,1
0,38,23,10,1
0,38,24,10,1
0,38,25,10,1
0,27,21,1,1
0,28,21,2,1
0,29,21,5,1
0,30,21,6,1
0,28,22,9,1
0,29,22,10,1
0,27,23,1,1
0,28,23,2,1
0,29,23,5,1
0,30,23,6,1
0,28,24,9,1
0,28,25,9,1
0,29,24,10,1
0,29,25,10,1
0,30,20,1,1
0,31,20,2,1
0,32,20,5,1
0,33,20,6,1
0,31,21,9,1
0,32,21,10,1
0,30,22,1,1
0,31,22,2,1
0,32,22,5,1
0,33,22,6,1
0,31,23,9,1
0,31,24,9,1
0,31,25,9,1
0,32,23,10,1
0,32,24,10,1
0,32,25,10,1
0,24,13,1,1
0,25,13,2,1
0,26,13,5,1
0,27,13,6,1
0,25,12,9,1
0,26,12,10,1
0,24,11,1,1
0,25,11,2,1
0,26,11,5,1
0,27,11,6,1
0,24,12,6,1
0,23,12,5,1
0,22,12,2,1
0,21,12,1,1
0,22,8,9,1
0,22,9,9,1
0,22,10,9,1
0,22,11,9,1
0,23,8,10,1
0,23,9,10,1
0,23,10,10,1
0,23,11,10,1
0,26,8,10,1
0,26,9,10,1
0,26,10,10,1
0,25,8,9,1
0,25,9,9,1
0,25,10,9,1
0,30,11,1,1
0,31,11,2,1
0,32,11,5,1
0,33,11,6,1
0,31,10,9,1
0,32,10,10,1
0,30,9,1,1
0,31,9,2,1
0,32,9,5,1
0,33,9,6,1
0,31,8,9,1
0,32,8,10,1
0,36,11,1,1
0,37,11,2,1
0,38,11,5,1
0,39,11,6,1
0,37,12,9,1
0,38,12,10,1
0,36,13,1,1
0,37,13,2,1
0,38,13,5,1
0,39,13,6,1
0,37,10,9,1
0,38,10,10,1
0,36,9,1,1
0,37,9,2,1
0,38,9,5,1
0,39,9,6,1
0,37,8,9,1
0,38,8,10,1
0,39,10,1,1
0,40,10,2,1
0,41,10,5,1
0,42,10,6,1
0,40,9,9,1
0,41,9,10,1
0,39,8,1,1
0,40,8,2,1
0,41,8,5,1
0,42,8,6,1
0,42,9,1,1
0,43,9,2,1
0,44,9,5,1
0,45,9,6,1
0,43,8,9,1
0,44,8,10,1
0,46,9,1,1
0,48,9,5,1
0,49,9,6,1
0,47,8,9,1
0,48,8,10,1
0,49,10,1,1
0,50,10,2,1
0,51,10,5,1
0,52,10,6,1
0,50,8,9,1
0,50,9,9,1
0,51,8,10,1
0,51,9,10,1
move-left,48,16,0,1
0,58,19,15,1
0,58,20,15,1
0,58,21,15,1
0,58,22,15,1
0,58,23,15,1
0,58,24,15,1
0,58,25,15,1
0,58,18,15,1
0,58,17,15,1
conveyor anim-left,58,16,0,1
move-left,59,16,0,1
conveyor anim-left,57,16,0,1
conveyor anim-left,49,16,0,1
conveyor anim-left,50,16,0,1
conveyor anim-left,51,16,0,1
conveyor anim-left,52,16,0,1
conveyor anim-left,53,16,0,1
conveyor anim-left,54,16,0,1
conveyor anim-left,55,16,0,1
conveyor anim-left,56,16,0,1
0,59,17,13,1
0,59,19,13,1
0,59,18,17,1
0,60,18,18,1
0,59,21,13,1
0,59,23,13,1
0,59,20,17,1
0,59,22,17,1
0,59,24,17,1
0,60,19,14,1
0,60,21,14,1
0,60,23,14,1
0,60,20,18,1
0,60,22,18,1
0,60,24,18,1
0,59,25,13,1
0,60,25,14,1
0,61,19,13,1
0,61,21,13,1
0,61,23,13,1
0,61,25,13,1
0,61,24,17,1
0,61,22,17,1
0,61,20,17,1
0,61,18,17,1
0,62,17,14,1
0,62,19,14,1
0,62,21,14,1
0,62,23,14,1
0,62,25,14,1
0,62,22,18,1
0,62,24,18,1
0,62,20,18,1
0,62,18,18,1
move-right,62,16,0,1
conveyor anim-right,63,16,0,1
conveyor anim-right,64,16,0,1
move-right,65,16,0,1
0,63,17,15,1
0,63,18,15,1
0,63,19,15,1
0,63,20,15,1
0,63,21,15,1
0,63,22,15,1
0,63,23,15,1
0,63,24,15,1
0,63,25,15,1
0,64,17,19,1
0,64,18,19,1
0,64,19,19,1
0,64,20,19,1
0,64,21,19,1
0,64,22,19,1
0,64,23,19,1
0,64,24,19,1
0,64,25,19,1
0,65,17,13,1
0,65,19,13,1
0,65,21,13,1
0,65,23,13,1
0,65,25,13,1
0,66,25,14,1
0,66,23,14,1
0,66,21,14,1
0,66,19,14,1
0,65,18,17,1
0,65,20,17,1
0,65,22,17,1
0,65,24,17,1
0,66,24,18,1
0,66,22,18,1
0,66,20,18,1
0,66,18,18,1
0,67,19,13,1
0,67,21,13,1
0,67,23,13,1
0,67,25,13,1
0,68,25,14,1
0,68,23,14,1
0,68,21,14,1
0,68,19,14,1
0,68,17,14,1
0,67,18,17,1
0,67,20,17,1
0,67,22,17,1
0,67,24,17,1
0,68,24,18,1
0,68,22,18,1
0,68,20,18,1
0,68,18,18,1
move-left,68,16,0,1
conveyor anim-left,69,16,0,1
conveyor anim-left,70,16,0,1
move-left,71,16,0,1
0,69,17,15,1
0,69,18,15,1
0,69,19,15,1
0,69,20,15,1
0,69,21,15,1
0,69,22,15,1
0,69,23,15,1
0,69,24,15,1
0,69,25,15,1
1,66,17,14,1
1,67,17,13,1
1,61,17,13,1
1,60,17,14,1
0,70,17,13,1
0,70,19,13,1
0,70,21,13,1
0,70,23,13,1
0,70,25,13,1
0,70,24,17,1
0,70,22,17,1
0,70,20,17,1
0,70,18,17,1
0,71,21,14,1
0,71,23,14,1
0,71,25,14,1
0,71,24,18,1
0,71,22,18,1
0,71,20,18,1
0,71,18,18,1
0,71,19,14,1
0,71,17,14,1
0,59,11,19,1
0,59,8,19,1
0,59,9,19,1
0,59,10,19,1
0,58,8,14,1
0,58,10,14,1
0,58,9,18,1
0,58,11,18,1
0,57,8,13,1
0,57,10,13,1
0,57,11,17,1
0,57,9,17,1
0,56,8,14,1
0,56,10,14,1
0,56,11,18,1
0,56,9,18,1
0,55,8,13,1
0,55,10,13,1
0,55,9,17,1
0,55,11,17,1
0,54,8,15,1
0,54,9,15,1
0,54,10,15,1
0,54,11,15,1
3,60,10,17,1
3,61,10,18,1
0,60,9,13,1
0,61,9,14,1
0,60,8,17,1
0,61,8,18,1
0,62,8,15,1
0,62,9,15,1
0,62,10,15,1
0,62,11,15,1
0,63,8,13,1
0,63,10,13,1
0,63,11,17,1
0,63,9,17,1
0,64,8,14,1
0,64,10,14,1
0,64,9,18,1
0,64,11,18,1
0,65,8,19,1
0,65,9,19,1
0,65,10,19,1
0,65,11,19,1
0,66,8,17,1
0,67,8,18,1
0,66,9,13,1
0,67,9,14,1
3,66,10,17,1
3,67,10,18,1
0,68,8,19,1
0,68,9,19,1
0,68,10,19,1
0,68,11,19,1
0,69,8,15,1
0,69,9,15,1
0,69,10,15,1
0,69,11,15,1
0,70,8,19,1
0,70,9,19,1
0,70,10,19,1
0,71,8,15,1
0,71,9,15,1
0,71,10,15,1
3,73,9,18,1
3,72,9,17,1
0,47,9,2,1
0,72,8,13,1
0,73,8,14,1
0,74,8,19,1
0,74,9,19,1
0,74,10,19,1
0,75,8,15,1
0,75,9,15,1
0,75,10,15,1
0,72,19,13,1
0,72,21,13,1
0,72,23,13,1
0,72,25,13,1
0,72,24,17,1
0,72,22,17,1
0,72,20,17,1
0,72,18,17,1
0,73,19,14,1
0,73,21,14,1
0,73,23,14,1
0,73,25,14,1
0,73,24,18,1
0,73,22,18,1
0,73,20,18,1
0,73,18,18,1
1,72,17,13,1
1,73,17,14,1
5,75,16,15,1
5,74,16,19,1
0,74,17,19,1
0,74,18,19,1
0,74,19,19,1
0,74,20,19,1
0,74,21,19,1
0,74,22,19,1
0,74,23,19,1
0,74,24,19,1
0,74,25,19,1
0,75,17,15,1
0,75,18,15,1
0,75,19,15,1
0,75,20,15,1
0,75,21,15,1
0,75,22,15,1
0,75,23,15,1
0,75,24,15,1
0,75,25,15,1
3,77,9,18,1
3,76,9,17,1
0,76,8,13,1
0,77,8,14,1
1,76,17,13,1
1,77,17,14,1
0,76,25,13,1
0,76,23,13,1
0,76,21,13,1
0,76,19,13,1
0,77,19,14,1
0,77,21,14,1
0,77,23,14,1
0,77,25,14,1
0,76,24,17,1
0,76,20,17,1
0,76,18,17,1
0,76,22,17,1
0,77,18,18,1
0,77,20,18,1
0,77,22,18,1
0,77,24,18,1
5,78,16,19,1
5,79,16,15,1
0,79,17,15,1
0,79,18,15,1
0,79,19,15,1
0,79,20,15,1
0,79,21,15,1
0,79,22,15,1
0,79,23,15,1
0,79,24,15,1
0,79,25,15,1
0,78,17,19,1
0,78,18,19,1
0,78,19,19,1
0,78,20,19,1
0,78,21,19,1
0,78,22,19,1
0,78,23,19,1
0,78,24,19,1
0,78,25,19,1
1,80,17,13,1
1,81,17,14,1
0,80,19,13,1
0,80,21,13,1
0,80,23,13,1
0,80,25,13,1
0,81,25,14,1
0,81,23,14,1
0,81,21,14,1
0,81,19,14,1
0,80,18,17,1
0,80,20,17,1
0,80,22,17,1
0,80,24,17,1
0,81,18,18,1
0,81,20,18,1
0,81,22,18,1
0,81,24,18,1
0,78,10,19,1
0,78,8,19,1
0,78,9,19,1
0,79,8,15,1
0,79,9,15,1
0,79,10,15,1
0,79,11,15,1
3,80,10,17,1
3,81,10,18,1
0,81,8,18,1
0,80,8,17,1
0,80,9,13,1
0,81,9,14,1
0,82,11,15,1
0,82,8,15,1
0,82,9,15,1
0,82,10,15,1
0,83,11,17,1
0,83,9,17,1
0,83,8,13,1
0,83,10,13,1
0,84,8,14,1
0,84,10,14,1
0,84,9,18,1
0,84,11,18,1
move-right,82,16,0,1
conveyor anim-right,83,16,0,1
conveyor anim-right,84,16,0,1
move-right,85,16,0,1
0,82,17,13,1
0,82,19,13,1
0,82,21,13,1
0,82,23,13,1
0,82,25,13,1
0,84,17,13,1
0,84,19,13,1
0,84,21,13,1
0,84,23,13,1
0,84,25,13,1
0,83,17,14,1
0,83,19,14,1
0,83,21,14,1
0,83,23,14,1
0,83,25,14,1
0,85,17,14,1
0,85,19,14,1
0,85,21,14,1
0,85,23,14,1
0,85,25,14,1
0,82,18,17,1
0,82,20,17,1
0,82,22,17,1
0,82,24,17,1
0,84,18,17,1
0,84,20,17,1
0,84,22,17,1
0,84,24,17,1
0,83,18,18,1
0,83,20,18,1
0,83,22,18,1
0,83,24,18,1
0,85,18,18,1
0,85,20,18,1
0,85,22,18,1
0,85,24,18,1
0,85,8,19,1
0,85,9,19,1
0,85,10,19,1
0,85,11,19,1
0,86,8,15,1
0,86,9,15,1
0,86,10,15,1
0,86,11,15,1
0,87,11,17,1
0,89,11,17,1
0,87,9,17,1
0,89,9,17,1
0,91,11,17,1
0,91,9,17,1
0,88,11,18,1
0,88,9,18,1
0,90,9,18,1
0,90,11,18,1
0,92,11,18,1
0,92,9,18,1
0,87,10,13,1
0,87,8,13,1
0,89,8,13,1
0,91,8,13,1
0,91,10,13,1
0,89,10,13,1
0,88,10,14,1
0,88,8,14,1
0,90,8,14,1
0,92,8,14,1
0,92,10,14,1
0,90,10,14,1
0,88,21,15,1
0,88,22,15,1
0,88,23,15,1
0,88,24,15,1
0,88,25,15,1
5,88,20,15,1
1,89,20,13,1
1,90,20,14,1
1,92,20,14,1
1,94,20,14,1
1,93,20,13,1
1,91,20,13,1
1,95,20,19,1
1,96,20,15,1
1,97,20,13,1
1,99,20,13,1
1,98,20,14,1
1,100,20,14,1
0,96,21,15,1
0,96,22,15,1
0,96,23,15,1
0,96,24,15,1
0,96,25,15,1
0,95,21,19,1
0,95,22,19,1
0,95,23,19,1
0,95,24,19,1
0,95,25,19,1
0,89,21,17,1
0,89,23,17,1
0,89,25,17,1
0,91,21,17,1
0,91,23,17,1
0,91,25,17,1
0,93,21,17,1
0,93,23,17,1
0,93,25,17,1
0,90,21,18,1
0,90,23,18,1
0,90,25,18,1
0,92,21,18,1
0,92,23,18,1
0,92,25,18,1
0,94,21,18,1
0,94,23,18,1
0,94,25,18,1
0,90,24,14,1
0,90,22,14,1
0,92,22,14,1
0,94,22,14,1
0,94,24,14,1
0,92,24,14,1
0,89,24,13,1
0,89,22,13,1
0,91,22,13,1
0,93,22,13,1
0,93,24,13,1
0,91,24,13,1
0,97,21,17,1
0,99,21,17,1
0,97,23,17,1
0,99,23,17,1
0,97,25,17,1
0,99,25,17,1
0,98,25,18,1
0,100,25,18,1
0,100,23,18,1
0,98,23,18,1
0,98,21,18,1
0,100,21,18,1
0,97,22,13,1
0,97,24,13,1
0,99,22,13,1
0,99,24,13,1
0,98,24,14,1
0,98,22,14,1
0,100,22,14,1
0,100,24,14,1
0,101,21,19,1
0,101,22,19,1
0,101,23,19,1
0,101,24,19,1
0,101,25,19,1
1,101,20,19,1
0,102,20,15,1
0,102,21,15,1
0,102,22,15,1
0,102,23,15,1
0,102,24,15,1
0,102,25,15,1
4,102,19,15,1
5,102,18,15,1
1,103,18,13,1
1,105,18,13,1
5,107,18,19,1
1,104,18,14,1
1,106,18,14,1
0,103,19,17,1
0,105,19,17,1
0,103,21,17,1
0,105,21,17,1
0,103,23,17,1
0,105,23,17,1
0,103,25,17,1
0,105,25,17,1
0,104,19,18,1
0,104,21,18,1
0,104,23,18,1
0,104,25,18,1
0,106,25,18,1
0,106,23,18,1
0,106,21,18,1
0,106,19,18,1
0,103,20,13,1
0,103,22,13,1
0,103,24,13,1
0,105,24,13,1
0,105,22,13,1
0,105,20,13,1
0,104,20,14,1
0,104,22,14,1
0,104,24,14,1
0,106,24,14,1
0,106,22,14,1
0,106,20,14,1
2,107,19,19,1
0,107,20,19,1
0,107,21,19,1
0,107,22,19,1
0,107,23,19,1
0,107,24,19,1
0,107,25,19,1
1,108,20,15,1
0,108,21,15,1
0,108,22,15,1
0,108,23,15,1
0,108,24,15,1
0,108,25,15,1
0,109,21,17,1
0,109,23,17,1
0,109,25,17,1
0,110,25,18,1
0,110,23,18,1
0,110,21,18,1
0,109,22,13,1
0,109,24,13,1
0,110,22,14,1
0,110,24,14,1
1,110,20,14,1
1,109,20,13,1
1,111,20,13,1
1,112,20,14,1
1,113,20,19,1
0,113,21,19,1
0,113,22,19,1
0,113,23,19,1
0,113,24,19,1
0,113,25,19,1
0,111,21,17,1
0,111,23,17,1
0,111,25,17,1
0,112,21,18,1
0,112,23,18,1
0,112,25,18,1
0,112,24,14,1
0,112,22,14,1
0,111,22,13,1
0,111,24,13,1
4,114,19,17,1
5,114,18,13,1
1,115,18,14,1
0,115,19,18,1
0,115,21,18,1
0,115,23,18,1
0,115,25,18,1
0,115,24,14,1
0,115,22,14,1
0,115,20,14,1
0,114,20,13,1
0,114,22,13,1
0,114,24,13,1
0,114,23,17,1
0,114,25,17,1
0,114,21,17,1
4,116,17,17,1
5,116,16,13,1
1,117,16,14,1
0,117,17,18,1
0,117,19,18,1
0,117,21,18,1
0,117,23,18,1
0,117,25,18,1
0,117,24,14,1
0,117,22,14,1
0,117,20,14,1
0,117,18,14,1
0,116,18,13,1
0,116,20,13,1
0,116,22,13,1
0,116,24,13,1
0,116,25,17,1
0,116,23,17,1
0,116,21,17,1
0,116,19,17,1
move-right,118,16,0,1
0,118,17,15,1
0,118,18,15,1
0,118,19,15,1
0,118,20,15,1
0,118,21,15,1
0,118,22,15,1
0,118,23,15,1
0,118,24,15,1
0,118,25,15,1
0,119,17,17,1
0,119,19,17,1
0,119,21,17,1
0,119,23,17,1
0,119,25,17,1
0,119,18,13,1
0,119,20,13,1
0,119,22,13,1
0,119,24,13,1
0,120,24,14,1
0,120,22,14,1
0,120,20,14,1
0,120,18,14,1
0,120,17,18,1
0,120,19,18,1
0,120,21,18,1
0,120,23,18,1
0,120,25,18,1
0,121,17,15,1
0,121,18,15,1
0,121,19,15,1
0,121,20,15,1
0,121,21,15,1
0,121,22,15,1
0,121,23,15,1
0,121,24,15,1
0,121,25,15,1
0,122,17,19,1
0,122,18,19,1
0,122,19,19,1
0,122,20,19,1
0,122,21,19,1
0,122,22,19,1
0,122,23,19,1
0,122,24,19,1
0,122,25,19,1
0,123,17,17,1
0,123,19,17,1
0,123,21,17,1
0,123,23,17,1
0,123,25,17,1
0,124,25,18,1
0,124,23,18,1
0,124,19,18,1
0,124,17,18,1
0,123,18,13,1
0,123,20,13,1
0,123,22,13,1
0,123,24,13,1
0,124,24,14,1
0,124,22,14,1
0,124,20,14,1
0,124,18,14,1
0,124,21,18,1
0,125,17,19,1
0,125,18,19,1
0,125,19,19,1
0,125,20,19,1
0,125,21,19,1
0,125,22,19,1
0,125,23,19,1
0,125,24,19,1
0,125,25,19,1
0,126,17,15,1
0,126,18,15,1
0,126,19,15,1
0,126,20,15,1
0,126,21,15,1
0,126,22,15,1
0,126,23,15,1
0,126,24,15,1
0,126,25,15,1
0,127,17,17,1
0,127,19,17,1
0,127,21,17,1
0,127,23,17,1
0,127,25,17,1
0,128,25,18,1
0,128,23,18,1
0,128,21,18,1
0,128,19,18,1
0,128,17,18,1
0,127,18,13,1
0,127,20,13,1
0,127,22,13,1
0,127,24,13,1
0,128,18,14,1
0,128,20,14,1
0,128,22,14,1
0,128,24,14,1
0,129,17,19,1
0,129,18,19,1
0,129,19,19,1
0,129,20,19,1
0,129,21,19,1
0,129,22,19,1
0,129,23,19,1
0,129,24,19,1
0,129,25,19,1
0,130,17,15,1
0,130,18,15,1
0,130,19,15,1
0,130,20,15,1
0,130,21,15,1
0,130,22,15,1
0,130,23,15,1
0,130,24,15,1
0,130,25,15,1
0,131,17,17,1
0,131,19,17,1
0,131,21,17,1
0,131,23,17,1
0,131,25,17,1
0,132,25,18,1
0,132,23,18,1
0,132,21,18,1
0,132,19,18,1
0,132,17,18,1
0,131,18,13,1
0,131,20,13,1
0,131,22,13,1
0,131,24,13,1
0,132,18,14,1
0,132,20,14,1
0,132,22,14,1
0,132,24,14,1
0,133,19,19,1
0,133,20,19,1
0,133,21,19,1
0,133,22,19,1
0,133,23,19,1
0,133,24,19,1
0,133,25,19,1
2,133,17,19,1
2,133,18,19,1
conveyor anim-right,119,16,0,1
conveyor anim-right,120,16,0,1
conveyor anim-right,121,16,0,1
conveyor anim-right,122,16,0,1
conveyor anim-right,123,16,0,1
conveyor anim-right,124,16,0,1
conveyor anim-right,125,16,0,1
conveyor anim-right,126,16,0,1
conveyor anim-right,127,16,0,1
conveyor anim-right,128,16,0,1
conveyor anim-right,129,16,0,1
conveyor anim-right,130,16,0,1
conveyor anim-right,131,16,0,1
conveyor anim-right,132,16,0,1
move-right,133,16,0,1
move-left,134,19,0,1
0,134,20,15,1
0,134,21,15,1
0,134,22,15,1
0,134,23,15,1
0,134,24,15,1
0,134,25,15,1
0,135,20,13,1
0,135,22,13,1
0,135,24,13,1
0,135,21,17,1
0,135,23,17,1
0,135,25,17,1
0,136,20,14,1
0,136,22,14,1
0,136,24,14,1
0,136,25,18,1
0,136,23,18,1
0,136,21,18,1
0,137,20,19,1
0,137,21,19,1
0,137,22,19,1
0,137,23,19,1
0,137,24,19,1
0,137,25,19,1
0,138,20,15,1
0,138,21,15,1
0,138,22,15,1
0,138,23,15,1
0,138,24,15,1
0,138,25,15,1
0,139,22,13,1
0,139,24,13,1
0,139,25,17,1
0,139,23,17,1
0,139,21,17,1
0,139,20,13,1
0,140,20,14,1
0,140,22,14,1
0,140,24,14,1
0,140,25,18,1
0,140,23,18,1
0,140,21,18,1
0,141,20,13,1
0,141,22,13,1
0,141,24,13,1
0,142,20,14,1
0,142,22,14,1
0,142,24,14,1
0,142,25,18,1
0,142,23,18,1
0,142,21,18,1
0,141,21,17,1
0,141,23,17,1
0,141,25,17,1
0,143,20,19,1
0,143,21,19,1
0,143,22,19,1
0,143,23,19,1
0,143,24,19,1
0,143,25,19,1
0,144,20,15,1
0,144,21,15,1
0,144,22,15,1
0,144,23,15,1
0,144,24,15,1
0,144,25,15,1
0,145,20,13,1
0,145,22,13,1
0,145,24,13,1
0,145,21,17,1
0,145,23,17,1
0,145,25,17,1
0,146,20,14,1
0,146,22,14,1
0,146,24,14,1
0,146,25,18,1
0,146,23,18,1
0,146,21,18,1
0,147,20,13,1
0,147,22,13,1
0,147,24,13,1
0,148,20,14,1
0,148,22,14,1
0,148,24,14,1
0,148,25,18,1
0,148,23,18,1
0,148,21,18,1
0,147,21,17,1
0,147,23,17,1
0,147,25,17,1
0,149,20,19,1
0,149,21,19,1
0,149,22,19,1
0,149,23,19,1
0,149,24,19,1
0,149,25,19,1
0,150,20,15,1
0,150,21,15,1
0,150,22,15,1
0,150,23,15,1
0,150,24,15,1
0,150,25,15,1
0,151,20,13,1
0,151,22,13,1
0,151,24,13,1
0,151,21,17,1
0,151,23,17,1
0,151,25,17,1
0,152,20,14,1
0,152,22,14,1
0,152,24,14,1
0,152,25,18,1
0,152,23,18,1
0,152,21,18,1
0,153,20,19,1
0,153,21,19,1
0,153,22,19,1
0,153,23,19,1
0,153,24,19,1
0,153,25,19,1
move-left,153,19,0,1
conveyor anim-left,135,19,0,1
conveyor anim-left,136,19,0,1
conveyor anim-left,137,19,0,1
conveyor anim-left,138,19,0,1
conveyor anim-left,139,19,0,1
conveyor anim-left,140,19,0,1
conveyor anim-left,141,19,0,1
conveyor anim-left,142,19,0,1
conveyor anim-left,143,19,0,1
conveyor anim-left,144,19,0,1
conveyor anim-left,145,19,0,1
conveyor anim-left,146,19,0,1
conveyor anim-left,147,19,0,1
conveyor anim-left,148,19,0,1
conveyor anim-left,149,19,0,1
conveyor anim-left,150,19,0,1
conveyor anim-left,151,19,0,1
conveyor anim-left,152,19,0,1
move-right,154,17,0,1
move-right,157,17,0,1
conveyor anim-right,155,17,0,1
conveyor anim-right,156,17,0,1
move-left,159,15,0,1
move-left,162,15,0,1
conveyor anim-left,160,15,0,1
conveyor anim-left,161,15,0,1
move-left,167,18,0,1
0,167,19,15,1
0,167,20,15,1
0,167,21,15,1
0,167,22,15,1
0,167,23,15,1
0,167,24,15,1
0,167,25,15,1
0,168,19,13,1
0,168,21,13,1
0,168,23,13,1
0,168,25,13,1
0,168,20,17,1
0,168,22,17,1
0,168,24,17,1
0,169,19,14,1
0,169,21,14,1
0,169,23,14,1
0,169,25,14,1
0,169,24,18,1
0,169,22,18,1
0,169,20,18,1
0,170,19,19,1
0,170,20,19,1
0,170,21,19,1
0,170,22,19,1
0,170,23,19,1
0,170,24,19,1
0,170,25,19,1
0,173,19,15,1
0,173,20,15,1
0,173,21,15,1
0,173,22,15,1
0,173,23,15,1
0,173,24,15,1
0,173,25,15,1
0,174,19,13,1
0,175,19,14,1
0,175,21,14,1
0,175,23,14,1
0,175,25,14,1
0,174,25,13,1
0,174,23,13,1
0,174,21,13,1
0,174,20,17,1
0,174,22,17,1
0,174,24,17,1
0,175,20,18,1
0,175,22,18,1
0,175,24,18,1
0,177,20,18,1
0,177,22,18,1
0,177,24,18,1
0,177,25,14,1
0,177,23,14,1
0,177,21,14,1
0,177,19,14,1
0,176,19,13,1
0,176,21,13,1
0,176,23,13,1
0,176,25,13,1
0,176,24,17,1
0,176,22,17,1
0,176,20,17,1
move-left,178,18,0,1
conveyor anim-left,168,18,0,1
conveyor anim-left,169,18,0,1
conveyor anim-left,170,18,0,1
conveyor anim-left,171,18,0,1
conveyor anim-left,172,18,0,1
conveyor anim-left,173,18,0,1
conveyor anim-left,174,18,0,1
conveyor anim-left,175,18,0,1
conveyor anim-left,176,18,0,1
conveyor anim-left,177,18,0,1
4,181,19,15,1
4,181,20,15,1
4,181,21,15,1
4,181,22,15,1
4,181,23,15,1
4,181,24,15,1
4,181,25,15,1
4,181,12,15,1
4,181,13,15,1
4,181,14,15,1
4,181,15,15,1
4,181,16,15,1
4,181,17,15,1
4,181,18,15,1
move-right,180,13,0,1
move-right,169,13,0,1
conveyor anim-right,170,13,0,1
conveyor anim-right,171,13,0,1
conveyor anim-right,172,13,0,1
conveyor anim-right,173,13,0,1
conveyor anim-right,174,13,0,1
conveyor anim-right,175,13,0,1
conveyor anim-right,176,13,0,1
conveyor anim-right,177,13,0,1
conveyor anim-right,178,13,0,1
conveyor anim-right,179,13,0,1
4,181,11,15,1
4,181,10,15,1
0,181,9,18,1
0,178,8,13,1
0,180,8,13,1
0,179,8,14,1
0,181,8,14,1
0,182,8,13,1
0,182,10,13,1
0,182,12,13,1
0,182,14,13,1
0,182,16,13,1
0,182,18,13,1
0,182,20,13,1
0,182,22,13,1
0,182,24,13,1
0,182,25,17,1
0,182,23,17,1
0,182,21,17,1
0,182,19,17,1
0,182,17,17,1
0,182,15,17,1
0,182,13,17,1
0,182,11,17,1
0,182,9,17,1
0,183,8,14,1
0,183,10,14,1
0,183,12,14,1
0,183,14,14,1
0,183,16,14,1
0,183,18,14,1
0,183,20,14,1
0,183,22,14,1
0,183,24,14,1
0,183,25,18,1
0,183,23,18,1
0,183,21,18,1
0,183,19,18,1
0,183,17,18,1
0,183,15,18,1
0,183,13,18,1
0,183,11,18,1
0,183,9,18,1
0,185,9,18,1
0,185,11,18,1
0,185,13,18,1
0,185,15,18,1
0,185,17,18,1
0,185,19,18,1
0,185,21,18,1
0,185,23,18,1
0,185,25,18,1
0,185,24,14,1
0,185,22,14,1
0,185,20,14,1
0,185,18,14,1
0,185,16,14,1
0,185,14,14,1
0,185,12,14,1
0,185,10,14,1
0,185,8,14,1
0,184,8,13,1
0,184,10,13,1
0,184,12,13,1
0,184,14,13,1
0,184,16,13,1
0,184,18,13,1
0,184,20,13,1
0,184,22,13,1
0,184,24,13,1
0,184,25,17,1
0,184,23,17,1
0,184,21,17,1
0,184,19,17,1
0,184,17,17,1
0,184,15,17,1
0,184,13,17,1
0,184,11,17,1
0,184,9,17,1
3,178,9,17,1
3,179,9,18,1
3,180,9,17,1
4,177,8,15,1
5,177,9,15,1
3,169,7,48,1
3,170,7,48,1
3,171,7,48,1
3,172,7,48,1
3,173,7,48,1
3,174,7,48,1
3,175,7,48,1
3,176,7,48,1
2,178,19,19,1
2,178,20,19,1
2,178,21,19,1
2,178,22,19,1
2,178,23,19,1
2,178,24,19,1
2,178,25,19,1
0,93,8,19,1
0,93,9,19,1
0,93,10,19,1
0,93,11,19,1
0,94,8,15,1
0,94,9,15,1
0,94,10,15,1
0,94,11,15,1
0,94,12,15,1
3,94,13,15,1
3,95,13,17,1
3,96,13,18,1
3,97,13,19,1
3,98,11,15,1
3,99,11,17,1
3,100,11,18,1
3,101,11,19,1
0,102,11,15,1
0,102,12,15,1
3,102,13,15,1
3,103,13,17,1
3,104,13,18,1
3,105,13,19,1
3,106,11,15,1
3,107,11,17,1
3,108,11,18,1
3,109,11,19,1
3,110,13,15,1
0,110,11,15,1
0,110,12,15,1
3,111,13,17,1
3,112,13,18,1
3,113,13,19,1
3,114,11,15,1
3,115,11,17,1
3,116,11,18,1
3,117,11,19,1
3,118,11,15,1
3,119,11,17,1
3,120,11,18,1
3,121,11,19,1
3,122,11,15,1
3,123,11,17,1
3,124,11,18,1
3,125,11,19,1
3,126,11,15,1
3,127,11,17,1
3,128,11,18,1
3,129,11,19,1
3,130,11,15,1
3,131,11,17,1
3,132,11,18,1
3,133,11,19,1
3,134,11,15,1
3,135,11,17,1
3,136,11,18,1
3,137,11,19,1
0,114,8,15,1
0,114,9,15,1
0,114,10,15,1
0,110,8,15,1
0,110,9,15,1
0,110,10,15,1
0,98,8,15,1
0,98,9,15,1
0,98,10,15,1
0,97,8,19,1
0,97,9,19,1
0,97,10,19,1
0,97,11,19,1
0,97,12,19,1
0,95,12,13,1
0,96,12,14,1
0,96,10,14,1
0,96,8,14,1
0,95,8,13,1
0,95,10,13,1
0,95,11,17,1
0,95,9,17,1
0,96,9,18,1
0,96,11,18,1
0,99,10,13,1
0,99,8,13,1
0,100,10,14,1
0,100,8,14,1
0,100,9,18,1
0,99,9,17,1
0,101,8,19,1
0,101,9,19,1
0,101,10,19,1
0,102,8,15,1
0,102,9,15,1
0,102,10,15,1
0,103,12,13,1
0,103,10,13,1
0,103,8,13,1
0,104,8,14,1
0,104,10,14,1
0,104,12,14,1
0,103,11,17,1
0,103,9,17,1
0,104,9,18,1
0,104,11,18,1
0,105,8,19,1
0,105,9,19,1
0,105,10,19,1
0,105,11,19,1
0,105,12,19,1
0,106,8,15,1
0,106,9,15,1
0,106,10,15,1
0,109,8,19,1
0,109,9,19,1
0,109,10,19,1
0,107,10,13,1
0,107,8,13,1
0,108,8,14,1
0,108,10,14,1
0,108,9,18,1
0,107,9,17,1
0,112,12,14,1
0,112,10,14,1
0,112,8,14,1
0,111,8,13,1
0,111,10,13,1
0,111,12,13,1
0,111,11,17,1
0,111,9,17,1
0,112,9,18,1
0,112,11,18,1
0,113,8,19,1
0,113,9,19,1
0,113,10,19,1
0,113,11,19,1
0,113,12,19,1
0,118,8,15,1
0,118,9,15,1
0,118,10,15,1
0,122,8,15,1
0,122,9,15,1
0,122,10,15,1
0,126,8,15,1
0,126,9,15,1
0,126,10,15,1
0,130,8,15,1
0,130,9,15,1
0,130,10,15,1
0,134,8,15,1
0,134,10,15,1
0,133,8,19,1
0,133,9,19,1
0,133,10,19,1
0,137,8,19,1
0,137,9,19,1
0,137,10,19,1
0,129,8,19,1
0,129,9,19,1
0,129,10,19,1
0,125,8,19,1
0,125,9,19,1
0,125,10,19,1
0,121,8,19,1
0,121,9,19,1
0,121,10,19,1
0,117,8,19,1
0,117,9,19,1
0,117,10,19,1
0,115,10,13,1
0,115,8,13,1
0,119,10,13,1
0,119,8,13,1
0,123,10,13,1
0,123,8,13,1
0,127,10,13,1
0,127,8,13,1
0,131,10,13,1
0,131,8,13,1
0,135,10,13,1
0,135,8,13,1
0,136,10,14,1
0,132,10,14,1
0,136,8,14,1
0,132,8,14,1
0,128,8,14,1
0,128,10,14,1
0,124,10,14,1
0,124,8,14,1
0,120,8,14,1
0,120,10,14,1
0,116,10,14,1
0,116,8,14,1
0,116,9,18,1
0,120,9,18,1
0,124,9,18,1
0,128,9,18,1
0,132,9,18,1
0,136,9,18,1
0,134,9,15,1
0,135,9,17,1
0,131,9,17,1
0,127,9,17,1
0,123,9,17,1
0,119,9,17,1
0,115,9,17,1
0,138,8,15,1
0,138,9,15,1
0,138,10,15,1
0,138,11,15,1
3,141,16,19,1
3,142,16,15,1
3,139,16,17,1
3,140,16,18,1
3,143,16,17,1
3,144,16,18,1
3,145,16,19,1
3,146,16,15,1
3,147,16,17,1
3,148,16,18,1
0,145,8,19,1
0,145,9,19,1
0,145,10,19,1
0,145,11,19,1
0,145,12,19,1
0,145,13,19,1
0,145,14,19,1
0,145,15,19,1
0,141,8,19,1
0,141,9,19,1
0,141,10,19,1
0,141,11,19,1
0,141,12,19,1
0,141,13,19,1
0,141,14,19,1
0,141,15,19,1
0,142,8,15,1
0,142,9,15,1
0,142,10,15,1
0,142,11,15,1
0,142,12,15,1
0,142,13,15,1
0,142,14,15,1
0,142,15,15,1
0,146,8,15,1
0,146,9,15,1
0,146,10,15,1
0,146,11,15,1
0,146,12,15,1
0,146,13,15,1
0,146,14,15,1
0,146,15,15,1
0,139,15,13,1
0,139,13,13,1
0,139,11,13,1
0,139,9,13,1
0,143,15,13,1
0,143,13,13,1
0,143,11,13,1
0,143,9,13,1
0,147,15,13,1
0,147,13,13,1
0,147,11,13,1
0,147,9,13,1
0,147,14,17,1
0,143,14,17,1
0,139,14,17,1
0,139,12,17,1
0,139,10,17,1
0,143,10,17,1
0,143,12,17,1
0,147,10,17,1
0,147,12,17,1
0,148,9,14,1
0,144,9,14,1
0,140,9,14,1
0,140,11,14,1
0,140,13,14,1
0,140,15,14,1
0,144,15,14,1
0,144,13,14,1
0,144,11,14,1
0,148,11,14,1
0,148,13,14,1
0,148,15,14,1
0,148,14,18,1
0,144,14,18,1
0,140,14,18,1
0,140,12,18,1
0,140,10,18,1
0,140,8,18,1
0,144,10,18,1
0,144,12,18,1
0,148,12,18,1
0,148,10,18,1
0,148,8,18,1
0,144,8,18,1
0,147,8,17,1
0,143,8,17,1
0,139,8,17,1
4,138,12,15,1
4,138,13,15,1
4,138,14,15,1
4,138,15,15,1
5,138,16,15,1
2,149,8,19,1
2,149,9,19,1
2,149,10,19,1
2,149,11,19,1
2,149,12,19,1
2,149,13,19,1
2,149,14,19,1
2,149,15,19,1
5,149,16,19,1
0-2-2,32,16,0,1
0-3-2,33,16,0,1
0-1-2,33,15,0,1
0-0-2,32,15,0,1
0-4-2,34,16,0,1
0-5-2,31,16,0,1
0-7-2,55,21,0,1
0-8-2,55,22,0,1
0-9-2,55,23,0,1
0-9-2,56,23,0,1
0-8-2,56,22,0,1
0-7-2,56,21,0,1
0-7-2,57,21,0,1
0-8-2,57,22,0,1
0-9-2,57,23,0,1
0-6-2,23,16,0,1
0,24,16,33,1
0-6-2,25,16,0,1
0-6-2,47,13,0,1
0-6-2,49,13,0,1
0,48,13,33,1
0-0-2,44,12,0,1
0-1-2,45,12,0,1
0-2-2,44,13,0,1
0-3-2,45,13,0,1
0-4-2,46,13,0,1
0-5-2,54,23,0,1
0-4-2,52,23,0,1
0-4-2,53,23,0,1
0-4-2,54,13,0,1
0-5-2,53,13,0,1
0-1-2,150,9,0,1
0-3-2,150,10,0,1
0-4-2,151,9,0,1
0-5-2,151,10,0,1
0-0-2,151,11,0,1
0-1-2,152,11,0,1
0-2-2,151,12,0,1
0-3-2,152,12,0,1
0-5-2,150,12,0,1
0-4-2,150,13,0,1
0-5-2,151,13,0,1
0-4-2,151,14,0,1
0-4-2,153,11,0,1
0-5-2,153,12,0,1
0-5-2,153,10,0,1
0,154,22,33,1
0,155,22,33,1
0,156,22,33,1
0-9-2,157,22,0,1
0-9-2,158,22,0,1
0-9-2,159,22,0,1
0-9-2,160,22,0,1
0-9-2,161,22,0,1
0-9-2,162,22,0,1
0-9-2,163,22,0,1
0-9-2,164,22,0,1
0,165,22,33,1
0,166,22,33,1
0-8-2,157,21,0,1
0-8-2,158,21,0,1
0-8-2,159,21,0,1
0-8-2,160,21,0,1
0-8-2,161,21,0,1
0-8-2,162,21,0,1
0-8-2,163,21,0,1
0-8-2,164,21,0,1
0-7-2,157,20,0,1
0-7-2,158,20,0,1
0-7-2,159,20,0,1
0-7-2,160,20,0,1
0-7-2,161,20,0,1
0-7-2,162,20,0,1
0-7-2,163,20,0,1
0-7-2,164,20,0,1
0-2-2,171,19,0,1
0-3-2,172,19,0,1
0-4-2,171,17,0,1
0-5-2,172,17,0,1
0-0-2,173,17,0,1
0-1-2,174,17,0,1
0-4-2,174,16,0,1
0-2-2,175,17,0,1
0-0-2,175,16,0,1
0-1-2,176,16,0,1
0-3-2,176,17,0,1
0-2-2,172,25,0,1
0-0-2,172,24,0,1
0-6-2,159,17,0,2
0,160,17,33,2
0-6-2,161,17,0,2
0-2-2,155,13,0,2
0-3-2,156,13,0,2
0-0-2,155,12,0,2
0-1-2,156,12,0,2
0-4-2,154,14,0,2
0-5-2,153,15,0,2
0-6-2,25,17,0,2
0,24,17,33,2
0-6-2,23,17,0,2
0-4-2,38,14,0,2
0-4-2,39,14,0,2
0-4-2,40,14,0,2
0-4-2,41,14,0,2
0-0-2,23,13,0,2
0-1-2,24,13,0,2
0-2-2,23,14,0,2
0-3-2,24,14,0,2
0-2-2,55,13,0,2
0-3-2,56,13,0,2
0-1-2,56,12,0,2
0-0-2,55,12,0,2
0-0-2,36,17,0,2
0-1-2,37,17,0,2
0-2-2,36,18,0,2
0-3-2,37,18,0,2
0-4-2,43,16,0,2
0-5-2,44,16,0,2
0-4-2,28,11,0,2
0-5-2,29,11,0,2
0-2-2,30,11,0,2
0-1-2,31,10,0,2
0-0-2,30,10,0,2
0-3-2,31,11,0,2
0-6-2,30,15,0,2
0,31,15,33,2
0,32,15,33,2
0-6-2,33,15,0,2
0-6-2,34,15,0,2
0-6-2,35,15,0,2
0-6-2,36,15,0,2
0-2-2,154,9,0,2
0-3-2,155,9,0,2
0-0-2,154,8,0,2
0-1-2,155,8,0,2
0-4-2,156,8,0,2
0-5-2,156,9,0,2
0,157,9,33,2
0,158,9,33,2
0,159,9,33,2
0-6-2,160,9,0,2
0-6-2,161,9,0,2
0-6-2,162,9,0,2
0-6-2,163,9,0,2
0-6-2,164,9,0,2
0-6-2,165,9,0,2
0-6-2,166,9,0,2
0-6-2,160,12,0,2
0-6-2,161,12,0,2
0-6-2,162,12,0,2
0-6-2,163,12,0,2
0-6-2,164,12,0,2
0-6-2,165,12,0,2
0-6-2,166,12,0,2
0,167,12,33,2
0,168,12,33,2
0,167,9,33,2
0,168,9,33,2
0,157,12,33,2
0,158,12,33,2
0,159,12,33,2
0-2-2,169,9,0,2
0-0-2,169,8,0,2
0-1-2,170,8,0,2
0-3-2,170,9,0,2
0-4-2,171,9,0,2
0-1-2,171,10,0,2
0-0-2,170,10,0,2
0-2-2,170,11,0,2
0-3-2,171,11,0,2
0-4-2,172,10,0,2
0-4-2,173,10,0,2
0-5-2,172,11,0,2
0-2-2,174,9,0,2
0-3-2,175,9,0,2
0-0-2,174,8,0,2
0-1-2,175,8,0,2
0-4-2,30,14,0,3
0-5-2,29,14,0,3
0-5-2,49,12,0,3
0-4-2,46,13,0,3
0-4-2,26,14,0,4
0-6-2,34,14,0,4
0,35,14,33,4
0,36,14,33,4
0,37,14,33,4
0,38,14,33,4
0,39,14,33,4
0-6-2,40,14,0,4
