2,25,28,12,1
4,28,28,14,1
5,25,29,6,1
3,24,29,9,1
0,23,29,8,1
2,23,30,12,1
5,23,31,6,1
5,22,31,5,1
3,21,30,9,1
3,20,30,9,1
2,19,31,12,1
5,19,32,6,1
2,18,33,12,1
2,18,34,12,1
2,18,35,12,1
5,18,36,6,1
2,17,37,12,1
2,17,38,12,1
2,17,39,12,1
0,17,36,8,1
0,18,32,8,1
0,19,30,8,1
0,22,30,10,1
1,27,33,17,1
4,28,30,14,1
4,28,31,14,1
4,28,32,14,1
0,28,33,18,1
4,28,29,14,1
5,26,33,1,1
4,26,34,14,1
4,26,35,14,1
4,26,36,14,1
1,24,37,17,1
1,25,37,17,1
0,23,37,16,1
2,23,36,12,1
5,23,35,2,1
5,22,35,1,1
4,22,36,14,1
4,22,37,14,1
4,22,38,14,1
1,21,39,17,1
5,20,39,1,1
4,20,40,14,1
4,20,41,14,1
4,20,43,14,1
4,20,42,14,1
5,20,44,5,1
0,26,37,18,1
0,22,39,18,1
2,25,26,12,1
2,25,27,12,1
4,28,26,14,1
4,28,27,14,1
0,29,26,24,1
0,29,27,24,1
0,29,28,24,1
0,29,29,24,1
0,29,30,24,1
0,29,32,24,1
0,29,33,24,1
0,29,34,24,1
0,29,36,24,1
0,29,37,24,1
0,29,38,24,1
0,29,39,24,1
0,29,40,24,1
0,29,42,24,1
0,29,44,24,1
0,29,31,20,1
0,30,31,19,1
0,32,31,19,1
0,33,31,19,1
0,34,31,19,1
0,35,31,19,1
0,36,31,19,1
0,37,31,19,1
0,31,26,24,1
0,31,27,24,1
0,31,28,24,1
0,31,29,24,1
0,31,30,24,1
0,31,32,24,1
0,31,33,24,1
0,31,34,24,1
0,31,36,24,1
0,31,37,24,1
0,31,38,24,1
0,31,39,24,1
0,31,40,24,1
0,31,42,24,1
0,31,44,24,1
0,31,31,20,1
0,27,35,20,1
0,29,35,20,1
0,31,35,20,1
0,28,35,19,1
0,30,35,19,1
0,32,35,19,1
0,33,35,19,1
0,34,35,19,1
0,35,35,19,1
0,36,35,19,1
0,37,35,19,1
0,32,32,13,1
0,32,33,13,1
0,32,34,13,1
0,33,32,13,1
0,33,33,13,1
0,33,34,13,1
0,34,32,13,1
0,34,33,13,1
0,34,34,13,1
0,35,32,13,1
0,35,33,13,1
0,35,34,13,1
0,36,32,13,1
0,36,33,13,1
0,36,34,13,1
0,37,32,13,1
0,37,33,13,1
0,37,34,13,1
0,30,32,13,1
0,30,33,13,1
0,30,34,13,1
0,30,26,13,1
0,30,27,13,1
0,30,28,13,1
0,30,29,13,1
0,30,30,13,1
0,32,26,13,1
0,32,27,13,1
0,32,28,13,1
0,32,29,13,1
0,32,30,13,1
0,33,26,13,1
0,33,27,13,1
0,33,28,13,1
0,33,29,13,1
0,33,30,13,1
0,34,26,13,1
0,34,27,13,1
0,34,28,13,1
0,34,29,13,1
0,34,30,13,1
0,35,26,13,1
0,35,27,13,1
0,35,28,13,1
0,35,29,13,1
0,35,30,13,1
0,36,26,13,1
0,36,27,13,1
0,36,28,13,1
0,36,29,13,1
0,36,30,13,1
0,37,26,13,1
0,37,27,13,1
0,37,28,13,1
0,37,29,13,1
0,37,30,13,1
0,27,34,24,1
0,27,36,24,1
0,27,37,24,1
0,27,38,24,1
0,27,39,24,1
0,27,40,24,1
0,27,42,24,1
0,27,44,24,1
0,28,34,13,1
0,28,36,13,1
0,28,37,13,1
0,28,38,13,1
0,28,39,13,1
0,28,40,13,1
0,28,42,13,1
0,28,44,13,1
0,30,36,13,1
0,30,37,13,1
0,30,38,13,1
0,30,39,13,1
0,30,40,13,1
0,30,42,13,1
0,30,44,13,1
0,32,36,13,1
0,32,37,13,1
0,32,38,13,1
0,32,39,13,1
0,32,40,13,1
0,32,42,13,1
0,32,44,13,1
0,33,36,13,1
0,33,37,13,1
0,33,38,13,1
0,33,39,13,1
0,33,40,13,1
0,33,42,13,1
0,33,44,13,1
0,34,36,13,1
0,34,37,13,1
0,34,38,13,1
0,34,39,13,1
0,34,40,13,1
0,34,42,13,1
0,34,44,13,1
0,35,36,13,1
0,35,37,13,1
0,35,38,13,1
0,35,39,13,1
0,35,40,13,1
0,35,42,13,1
0,35,44,13,1
0,36,36,13,1
0,36,37,13,1
0,36,38,13,1
0,36,39,13,1
0,36,40,13,1
0,36,42,13,1
0,36,44,13,1
0,37,36,13,1
0,37,37,13,1
0,37,38,13,1
0,37,39,13,1
0,37,40,13,1
0,37,42,13,1
0,37,44,13,1
0,21,41,20,1
0,22,41,19,1
0,23,41,19,1
0,24,41,19,1
0,25,41,19,1
0,26,41,19,1
0,28,41,19,1
0,30,41,19,1
0,33,41,19,1
0,34,41,19,1
0,35,41,19,1
0,36,41,19,1
0,37,41,19,1
0,27,41,20,1
0,29,41,20,1
0,31,41,20,1
0,32,41,19,1
0,23,38,13,1
0,23,39,13,1
0,23,40,13,1
0,24,38,13,1
0,24,39,13,1
0,24,40,13,1
0,25,38,13,1
0,25,39,13,1
0,25,40,13,1
0,26,38,13,1
0,26,39,13,1
0,26,40,13,1
0,22,40,13,1
0,22,42,13,1
0,23,42,13,1
0,24,42,13,1
0,25,42,13,1
0,25,44,13,1
0,26,42,13,1
0,26,44,13,1
0,21,42,24,1
0,21,44,9,1
0,21,43,20,1
0,22,43,19,1
0,23,43,19,1
0,24,43,19,1
0,25,43,19,1
0,26,43,19,1
0,28,43,19,1
0,30,43,19,1
0,32,43,19,1
0,33,43,19,1
0,34,43,19,1
0,35,43,19,1
0,36,43,19,1
0,37,43,19,1
0,27,43,20,1
0,29,43,20,1
0,31,43,20,1
0,22,44,9,1
0,23,44,9,1
2,17,40,12,1
2,17,41,12,1
2,17,42,12,1
2,17,43,12,1
2,17,44,12,1
0,16,26,24,1
0,16,27,24,1
0,16,28,24,1
0,16,29,24,1
0,16,30,24,1
0,16,31,24,1
0,16,32,24,1
0,16,33,24,1
0,16,34,24,1
0,16,35,24,1
0,16,36,24,1
0,16,37,24,1
0,16,38,24,1
0,16,39,24,1
0,16,40,24,1
0,16,41,24,1
0,16,42,24,1
0,16,43,24,1
0,16,44,24,1
0,17,26,13,1
0,17,27,13,1
0,17,28,13,1
0,17,29,13,1
0,17,30,13,1
0,17,31,13,1
0,17,32,13,1
0,17,33,13,1
0,17,34,13,1
0,17,35,13,1
0,18,26,13,1
0,18,27,13,1
0,18,28,13,1
0,18,29,13,1
0,18,30,13,1
0,18,31,13,1
0,21,26,24,1
0,21,27,24,1
0,21,28,24,1
0,21,29,24,1
0,19,26,13,1
0,19,27,13,1
0,19,28,13,1
0,19,29,13,1
0,20,26,13,1
0,20,27,13,1
0,20,28,13,1
0,20,29,13,1
0,22,26,13,1
0,22,27,13,1
0,22,28,13,1
0,22,29,13,1
0,23,27,13,1
0,23,28,13,1
0,24,26,13,1
0,24,27,13,1
0,24,28,13,1
0,23,26,13,1
0,7,26,13,1
0,7,27,13,1
0,7,28,13,1
0,7,29,13,1
0,7,30,13,1
0,7,31,13,1
0,7,32,13,1
0,7,33,13,1
0,7,34,13,1
0,7,35,13,1
0,7,36,13,1
0,7,37,13,1
0,7,38,13,1
0,7,39,13,1
0,7,40,13,1
0,7,41,13,1
0,7,42,13,1
0,7,43,13,1
0,7,44,13,1
0,8,26,13,1
0,8,27,13,1
0,8,28,13,1
0,8,29,13,1
0,8,30,13,1
0,8,31,13,1
0,8,32,13,1
0,8,33,13,1
0,8,34,13,1
0,8,35,13,1
0,8,36,13,1
0,8,37,13,1
0,8,38,13,1
0,8,39,13,1
0,8,40,13,1
0,8,41,13,1
0,8,42,13,1
0,8,43,13,1
0,8,44,13,1
0,9,26,13,1
0,9,27,13,1
0,9,28,13,1
0,9,29,13,1
0,9,30,13,1
0,9,31,13,1
0,9,32,13,1
0,9,33,13,1
0,9,34,13,1
0,9,35,13,1
0,9,36,13,1
0,9,37,13,1
0,9,38,13,1
0,9,39,13,1
0,9,40,13,1
0,9,41,13,1
0,9,42,13,1
0,9,43,13,1
0,9,44,13,1
0,10,26,13,1
0,10,27,13,1
0,10,28,13,1
0,10,29,13,1
0,10,30,13,1
0,10,31,13,1
0,10,32,13,1
0,10,33,13,1
0,10,34,13,1
0,10,35,13,1
0,10,36,13,1
0,10,37,13,1
0,10,38,13,1
0,10,39,13,1
0,10,40,13,1
0,10,41,13,1
0,10,42,13,1
0,10,43,13,1
0,10,44,13,1
0,11,26,13,1
0,11,27,13,1
0,11,28,13,1
0,11,29,13,1
0,11,30,13,1
0,11,31,13,1
0,11,32,13,1
0,11,33,13,1
0,11,34,13,1
0,11,35,13,1
0,11,36,13,1
0,11,37,13,1
0,11,38,13,1
0,11,39,13,1
0,11,40,13,1
0,11,41,13,1
0,11,42,13,1
0,11,43,13,1
0,11,44,13,1
0,12,26,13,1
0,12,27,13,1
0,12,28,13,1
0,12,29,13,1
0,12,30,13,1
0,12,31,13,1
0,12,32,13,1
0,12,33,13,1
0,12,34,13,1
0,12,35,13,1
0,12,36,13,1
0,12,37,13,1
0,12,38,13,1
0,12,39,13,1
0,12,40,13,1
0,12,41,13,1
0,12,42,13,1
0,12,43,13,1
0,12,44,13,1
0,13,26,13,1
0,13,27,13,1
0,13,28,13,1
0,13,29,13,1
0,13,30,13,1
0,13,31,13,1
0,13,32,13,1
0,13,33,13,1
0,13,34,13,1
0,13,35,13,1
0,13,36,13,1
0,13,37,13,1
0,13,38,13,1
0,13,39,13,1
0,13,40,13,1
0,13,41,13,1
0,13,42,13,1
0,13,43,13,1
0,13,44,13,1
0,14,26,13,1
0,14,27,13,1
0,14,28,13,1
0,14,29,13,1
0,14,30,13,1
0,14,31,13,1
0,14,32,13,1
0,14,33,13,1
0,14,34,13,1
0,14,35,13,1
0,14,36,13,1
0,14,37,13,1
0,14,38,13,1
0,14,39,13,1
0,14,40,13,1
0,14,41,13,1
0,14,42,13,1
0,14,43,13,1
0,14,44,13,1
0,15,26,13,1
0,15,27,13,1
0,15,28,13,1
0,15,29,13,1
0,15,30,13,1
0,15,31,13,1
0,15,32,13,1
0,15,33,13,1
0,15,34,13,1
0,15,35,13,1
0,15,36,13,1
0,15,37,13,1
0,15,38,13,1
0,15,39,13,1
0,15,40,13,1
0,15,41,13,1
0,15,42,13,1
0,15,43,13,1
0,15,44,13,1
0,21,40,24,1
0,24,44,10,1
0,38,26,13,1
0,38,27,13,1
0,38,28,13,1
0,38,29,13,1
0,38,30,13,1
0,38,32,13,1
0,38,33,13,1
0,38,34,13,1
0,38,36,13,1
0,38,37,13,1
0,38,38,13,1
0,38,39,13,1
0,38,40,13,1
0,39,26,13,1
0,39,27,13,1
0,39,28,13,1
0,39,29,13,1
0,39,30,13,1
0,39,32,13,1
0,39,33,13,1
0,39,34,13,1
0,39,36,13,1
0,39,37,13,1
0,39,38,13,1
0,39,39,13,1
0,39,40,13,1
0,40,26,13,1
0,40,27,13,1
0,40,28,13,1
0,40,29,13,1
0,40,30,13,1
0,40,32,13,1
0,40,33,13,1
0,40,34,13,1
0,40,36,13,1
0,40,37,13,1
0,40,38,13,1
0,40,39,13,1
0,40,40,13,1
0,41,26,13,1
0,41,27,13,1
0,41,28,13,1
0,41,29,13,1
0,41,30,13,1
0,41,32,13,1
0,41,33,13,1
0,41,34,13,1
0,41,36,13,1
0,41,37,13,1
0,41,38,13,1
0,41,39,13,1
0,41,40,13,1
0,38,42,13,1
0,38,44,13,1
0,39,42,13,1
0,39,44,13,1
0,40,42,13,1
0,40,44,13,1
0,41,42,13,1
0,41,44,13,1
0,38,31,19,1
0,39,31,19,1
0,40,31,19,1
0,41,31,19,1
0,38,35,19,1
0,39,35,19,1
0,40,35,19,1
0,41,35,19,1
0,38,41,19,1
0,39,41,19,1
0,40,41,19,1
0,41,41,19,1
0,38,43,19,1
0,39,43,19,1
0,40,43,19,1
0,41,43,19,1
0,7,25,32,2
0,7,26,32,2
0,7,27,32,2
0,7,28,32,2
0,7,29,32,2
0,7,30,32,2
0,7,31,32,2
0,7,32,32,2
0,7,33,32,2
0,7,34,32,2
0,7,35,32,2
0,7,36,32,2
0,7,37,32,2
0,7,38,32,2
0,7,39,32,2
0,7,40,32,2
0,7,41,32,2
0,7,42,32,2
0,7,43,32,2
0,7,44,32,2
0,7,45,32,2
0,7,46,32,2
0,8,25,32,2
0,8,26,32,2
0,8,27,32,2
0,8,28,32,2
0,8,29,32,2
0,8,30,32,2
0,8,31,32,2
0,8,32,32,2
0,8,33,32,2
0,8,34,32,2
0,8,35,32,2
0,8,36,32,2
0,8,37,32,2
0,8,38,32,2
0,8,39,32,2
0,8,40,32,2
0,8,41,32,2
0,8,42,32,2
0,8,43,32,2
0,8,44,32,2
0,8,45,32,2
0,8,46,32,2
0,9,25,32,2
0,9,27,32,2
0,9,28,32,2
0,9,29,32,2
0,9,30,32,2
0,9,31,32,2
0,9,32,32,2
0,9,33,32,2
0,9,34,32,2
0,9,35,32,2
0,9,36,32,2
0,9,37,32,2
0,9,38,32,2
0,9,39,32,2
0,9,40,32,2
0,9,41,32,2
0,9,42,32,2
0,9,43,32,2
0,9,44,32,2
0,9,45,32,2
0,9,46,32,2
0,10,25,32,2
0,10,26,32,2
0,10,27,32,2
0,10,28,32,2
0,10,29,32,2
0,10,31,32,2
0,10,32,32,2
0,10,33,32,2
0,10,34,32,2
0,10,35,32,2
0,10,36,32,2
0,10,37,32,2
0,10,38,32,2
0,10,39,32,2
0,10,40,32,2
0,10,41,32,2
0,10,42,32,2
0,10,43,32,2
0,10,44,32,2
0,10,45,32,2
0,10,46,32,2
0,11,25,32,2
0,11,26,32,2
0,11,27,32,2
0,11,28,32,2
0,11,30,32,2
0,11,31,32,2
0,11,32,32,2
0,11,33,32,2
0,11,34,32,2
0,11,36,32,2
0,11,37,32,2
0,11,38,32,2
0,11,39,32,2
0,11,40,32,2
0,11,41,32,2
0,11,42,32,2
0,11,43,32,2
0,11,44,32,2
0,11,45,32,2
0,11,46,32,2
0,12,26,32,2
0,12,27,32,2
0,12,28,32,2
0,12,29,32,2
0,12,30,32,2
0,12,31,32,2
0,12,32,32,2
0,12,33,32,2
0,12,35,32,2
0,12,36,32,2
0,12,37,32,2
0,12,38,32,2
0,12,39,32,2
0,12,40,32,2
0,12,41,32,2
0,12,43,32,2
0,12,44,32,2
0,12,45,32,2
0,12,46,32,2
0,13,25,32,2
0,13,26,32,2
0,13,27,32,2
0,13,29,32,2
0,13,30,32,2
0,13,31,32,2
0,13,32,32,2
0,13,33,32,2
0,13,34,32,2
0,13,35,32,2
0,13,36,32,2
0,13,37,32,2
0,13,38,32,2
0,13,39,32,2
0,13,40,32,2
0,13,41,32,2
0,13,42,32,2
0,13,43,32,2
0,13,44,32,2
0,13,45,32,2
0,13,46,32,2
0,14,26,32,2
0,14,28,32,2
0,14,29,32,2
0,14,31,32,2
0,14,32,32,2
0,14,33,32,2
0,14,34,32,2
0,14,35,32,2
0,14,36,32,2
0,14,37,32,2
0,14,38,32,2
0,14,39,32,2
0,14,40,32,2
0,14,41,32,2
0,14,42,32,2
0,14,43,32,2
0,14,45,32,2
0,14,46,32,2
0,15,26,32,2
0,15,27,32,2
0,15,28,32,2
0,15,32,32,2
0,15,36,32,2
0,15,37,32,2
0,15,38,32,2
0,15,40,32,2
0,15,41,32,2
0,15,42,32,2
0,15,43,32,2
0,15,44,32,2
0,15,45,32,2
0,15,46,32,2
0,16,25,32,2
0,16,26,32,2
0,16,27,32,2
0,16,28,32,2
0,16,29,32,2
0,16,30,32,2
0,16,31,32,2
0,16,32,32,2
0,16,33,32,2
0,16,34,32,2
0,16,35,32,2
0,16,36,32,2
0,16,37,32,2
0,16,38,32,2
0,16,39,32,2
0,16,40,32,2
0,16,41,32,2
0,16,42,32,2
0,16,43,32,2
0,16,44,32,2
0,16,45,32,2
0,16,46,32,2
0,17,25,32,2
0,17,26,32,2
0,17,27,32,2
0,17,29,32,2
0,17,31,32,2
0,17,33,32,2
0,17,34,32,2
0,17,35,32,2
0,17,36,32,2
0,17,37,32,2
0,17,38,32,2
0,17,39,32,2
0,17,40,32,2
0,17,41,32,2
0,17,43,32,2
0,17,44,32,2
0,17,45,32,2
0,18,25,32,2
0,18,26,32,2
0,18,27,32,2
0,18,28,32,2
0,18,29,32,2
0,18,30,32,2
0,18,31,32,2
0,18,32,32,2
0,18,33,32,2
0,18,34,32,2
0,18,35,32,2
0,18,36,32,2
0,18,37,32,2
0,18,38,32,2
0,18,39,32,2
0,18,40,32,2
0,18,41,32,2
0,18,42,32,2
0,18,43,32,2
0,18,44,32,2
0,18,45,32,2
0,18,46,32,2
0,19,26,32,2
0,19,27,32,2
0,19,28,32,2
0,19,29,32,2
0,19,30,32,2
0,19,31,32,2
0,19,32,32,2
0,19,33,32,2
0,19,35,32,2
0,19,37,32,2
0,19,39,32,2
0,19,40,32,2
0,19,41,32,2
0,19,42,32,2
0,19,43,32,2
0,19,44,32,2
0,19,45,32,2
0,19,46,32,2
0,20,25,32,2
0,20,26,32,2
0,20,27,32,2
0,20,28,32,2
0,20,29,32,2
0,20,30,32,2
0,20,31,32,2
0,20,32,32,2
0,20,34,32,2
0,20,37,32,2
0,20,38,32,2
0,20,39,32,2
0,20,40,32,2
0,20,42,32,2
0,20,43,32,2
0,20,44,32,2
0,20,45,32,2
0,20,46,32,2
0,21,25,32,2
0,21,26,32,2
0,21,27,32,2
0,21,29,32,2
0,21,30,32,2
0,21,31,32,2
0,21,32,32,2
0,21,35,32,2
0,21,36,32,2
0,21,37,32,2
0,21,38,32,2
0,21,39,32,2
0,21,41,32,2
0,21,42,32,2
0,21,43,32,2
0,21,44,32,2
0,21,45,32,2
0,22,25,32,2
0,22,26,32,2
0,22,28,32,2
0,22,29,32,2
0,22,30,32,2
0,22,31,32,2
0,22,32,32,2
0,22,33,32,2
0,22,34,32,2
0,22,35,32,2
0,22,36,32,2
0,22,37,32,2
0,22,38,32,2
0,22,39,32,2
0,22,40,32,2
0,22,41,32,2
0,22,42,32,2
0,22,43,32,2
0,22,44,32,2
0,22,45,32,2
0,22,46,32,2
0,23,25,32,2
0,23,26,32,2
0,23,28,32,2
0,23,29,32,2
0,23,30,32,2
0,23,31,32,2
0,23,32,32,2
0,23,34,32,2
0,23,35,32,2
0,23,36,32,2
0,23,37,32,2
0,23,39,32,2
0,23,41,32,2
0,23,42,32,2
0,23,43,32,2
0,23,44,32,2
0,23,45,32,2
0,23,46,32,2
0,24,25,32,2
0,24,26,32,2
0,24,27,32,2
0,24,28,32,2
0,24,29,32,2
0,24,30,32,2
0,24,31,32,2
0,24,33,32,2
0,24,34,32,2
0,24,35,32,2
0,24,36,32,2
0,24,37,32,2
0,24,38,32,2
0,24,39,32,2
0,24,40,32,2
0,24,41,32,2
0,24,42,32,2
0,24,43,32,2
0,24,44,32,2
0,24,45,32,2
0,24,46,32,2
0,25,25,32,2
0,25,26,32,2
0,25,27,32,2
0,25,28,32,2
0,25,29,32,2
0,25,30,32,2
0,25,31,32,2
0,25,32,32,2
0,25,33,32,2
0,25,34,32,2
0,25,36,32,2
0,25,37,32,2
0,25,38,32,2
0,25,39,32,2
0,25,40,32,2
0,25,41,32,2
0,25,42,32,2
0,25,43,32,2
0,25,44,32,2
0,25,45,32,2
0,25,46,32,2
0,26,25,32,2
0,26,26,32,2
0,26,27,32,2
0,26,28,32,2
0,26,29,32,2
0,26,30,32,2
0,26,33,32,2
0,26,34,32,2
0,26,35,32,2
0,26,36,32,2
0,26,37,32,2
0,26,38,32,2
0,26,40,32,2
0,26,41,32,2
0,26,42,32,2
0,26,43,32,2
0,26,45,32,2
0,26,46,32,2
0,27,25,32,2
0,27,26,32,2
0,27,27,32,2
0,27,28,32,2
0,27,29,32,2
0,27,31,32,2
0,27,32,32,2
0,27,33,32,2
0,27,34,32,2
0,27,35,32,2
0,27,36,32,2
0,27,37,32,2
0,27,38,32,2
0,27,39,32,2
0,27,40,32,2
0,27,41,32,2
0,27,42,32,2
0,27,43,32,2
0,27,45,32,2
0,27,46,32,2
0,28,25,32,2
0,28,26,32,2
0,28,27,32,2
0,28,28,32,2
0,28,29,32,2
0,28,30,32,2
0,28,31,32,2
0,28,32,32,2
0,28,33,32,2
0,28,34,32,2
0,28,36,32,2
0,28,37,32,2
0,28,39,32,2
0,28,40,32,2
0,28,41,32,2
0,28,42,32,2
0,28,43,32,2
0,28,44,32,2
0,28,45,32,2
0,28,46,32,2
0,29,26,32,2
0,29,27,32,2
0,29,28,32,2
0,29,29,32,2
0,29,30,32,2
0,29,31,32,2
0,29,32,32,2
0,29,33,32,2
0,29,34,32,2
0,29,35,32,2
0,29,36,32,2
0,29,37,32,2
0,29,38,32,2
0,29,39,32,2
0,29,40,32,2
0,29,41,32,2
0,29,44,32,2
0,29,45,32,2
0,29,46,32,2
0,30,25,32,2
0,30,26,32,2
0,30,27,32,2
0,30,28,32,2
0,30,29,32,2
0,30,30,32,2
0,30,31,32,2
0,30,32,32,2
0,30,33,32,2
0,30,34,32,2
0,30,35,32,2
0,30,37,32,2
0,30,38,32,2
0,30,39,32,2
0,30,40,32,2
0,30,42,32,2
0,30,43,32,2
0,30,44,32,2
0,30,45,32,2
0,30,46,32,2
0,31,25,32,2
0,31,26,32,2
0,31,27,32,2
0,31,28,32,2
0,31,30,32,2
0,31,31,32,2
0,31,32,32,2
0,31,33,32,2
0,31,34,32,2
0,31,36,32,2
0,31,37,32,2
0,31,38,32,2
0,31,39,32,2
0,31,40,32,2
0,31,41,32,2
0,31,42,32,2
0,31,43,32,2
0,31,44,32,2
0,31,45,32,2
0,31,46,32,2
0,32,26,32,2
0,32,27,32,2
0,32,28,32,2
0,32,29,32,2
0,32,30,32,2
0,32,31,32,2
0,32,32,32,2
0,32,33,32,2
0,32,34,32,2
0,32,36,32,2
0,32,37,32,2
0,32,38,32,2
0,32,39,32,2
0,32,41,32,2
0,32,42,32,2
0,32,43,32,2
0,32,44,32,2
0,32,45,32,2
0,32,46,32,2
0,33,26,32,2
0,33,27,32,2
0,33,28,32,2
0,33,29,32,2
0,33,30,32,2
0,33,31,32,2
0,33,32,32,2
0,33,33,32,2
0,33,34,32,2
0,33,35,32,2
0,33,36,32,2
0,33,37,32,2
0,33,38,32,2
0,33,39,32,2
0,33,41,32,2
0,33,42,32,2
0,33,43,32,2
0,33,44,32,2
0,33,45,32,2
0,33,46,32,2
0,34,25,32,2
0,34,26,32,2
0,34,27,32,2
0,34,28,32,2
0,34,29,32,2
0,34,30,32,2
0,34,31,32,2
0,34,32,32,2
0,34,33,32,2
0,34,34,32,2
0,34,35,32,2
0,34,36,32,2
0,34,37,32,2
0,34,38,32,2
0,34,39,32,2
0,34,40,32,2
0,34,41,32,2
0,34,42,32,2
0,34,43,32,2
0,34,44,32,2
0,34,45,32,2
0,34,46,32,2
0,35,25,32,2
0,35,26,32,2
0,35,27,32,2
0,35,28,32,2
0,35,29,32,2
0,35,34,32,2
0,35,35,32,2
0,35,36,32,2
0,35,37,32,2
0,35,38,32,2
0,35,39,32,2
0,35,40,32,2
0,35,41,32,2
0,35,42,32,2
0,35,43,32,2
0,35,44,32,2
0,35,45,32,2
0,35,46,32,2
0,36,26,32,2
0,36,27,32,2
0,36,28,32,2
0,36,29,32,2
0,36,30,32,2
0,36,31,32,2
0,36,32,32,2
0,36,33,32,2
0,36,34,32,2
0,36,35,32,2
0,36,36,32,2
0,36,37,32,2
0,36,38,32,2
0,36,39,32,2
0,36,40,32,2
0,36,41,32,2
0,36,42,32,2
0,36,43,32,2
0,36,44,32,2
0,36,45,32,2
0,36,46,32,2
0,37,25,32,2
0,37,26,32,2
0,37,27,32,2
0,37,28,32,2
0,37,29,32,2
0,37,30,32,2
0,37,31,32,2
0,37,32,32,2
0,37,33,32,2
0,37,34,32,2
0,37,35,32,2
0,37,36,32,2
0,37,37,32,2
0,37,38,32,2
0,37,39,32,2
0,37,40,32,2
0,37,41,32,2
0,37,42,32,2
0,37,43,32,2
0,37,44,32,2
0,37,45,32,2
0,37,46,32,2
0,38,25,32,2
0,38,26,32,2
0,38,27,32,2
0,38,28,32,2
0,38,29,32,2
0,38,30,32,2
0,38,31,32,2
0,38,32,32,2
0,38,33,32,2
0,38,34,32,2
0,38,35,32,2
0,38,36,32,2
0,38,37,32,2
0,38,38,32,2
0,38,39,32,2
0,38,40,32,2
0,38,41,32,2
0,38,42,32,2
0,38,43,32,2
0,38,44,32,2
0,38,45,32,2
0,38,46,32,2
0,39,25,32,2
0,39,26,32,2
0,39,27,32,2
0,39,28,32,2
0,39,29,32,2
0,39,31,32,2
0,39,32,32,2
0,39,33,32,2
0,39,34,32,2
0,39,35,32,2
0,39,36,32,2
0,39,37,32,2
0,39,38,32,2
0,39,39,32,2
0,39,40,32,2
0,39,41,32,2
0,39,42,32,2
0,39,43,32,2
0,39,44,32,2
0,39,45,32,2
0,39,46,32,2
0,40,25,32,2
0,40,26,32,2
0,40,27,32,2
0,40,28,32,2
0,40,29,32,2
0,40,30,32,2
0,40,31,32,2
0,40,32,32,2
0,40,33,32,2
0,40,34,32,2
0,40,35,32,2
0,40,36,32,2
0,40,37,32,2
0,40,38,32,2
0,40,39,32,2
0,40,40,32,2
0,40,41,32,2
0,40,42,32,2
0,40,43,32,2
0,40,44,32,2
0,40,45,32,2
0,40,46,32,2
0,41,25,32,2
0,41,26,32,2
0,41,27,32,2
0,41,28,32,2
0,41,29,32,2
0,41,30,32,2
0,41,31,32,2
0,41,32,32,2
0,41,33,32,2
0,41,34,32,2
0,41,35,32,2
0,41,36,32,2
0,41,37,32,2
0,41,38,32,2
0,41,39,32,2
0,41,40,32,2
0,41,41,32,2
0,41,42,32,2
0,41,43,32,2
0,41,44,32,2
0,41,45,32,2
0,41,46,32,2
0,42,25,32,2
0,42,26,32,2
0,42,27,32,2
0,42,28,32,2
0,42,29,32,2
0,42,30,32,2
0,42,31,32,2
0,42,32,32,2
0,42,33,32,2
0,42,34,32,2
0,42,35,32,2
0,42,36,32,2
0,42,37,32,2
0,42,38,32,2
0,42,39,32,2
0,42,40,32,2
0,42,41,32,2
0,42,42,32,2
0,42,43,32,2
0,42,44,32,2
0,42,45,32,2
0,42,46,32,2
0,43,25,32,2
0,43,26,32,2
0,43,27,32,2
0,43,28,32,2
0,43,29,32,2
0,43,30,32,2
0,43,31,32,2
0,43,32,32,2
0,43,33,32,2
0,43,34,32,2
0,43,35,32,2
0,43,36,32,2
0,43,37,32,2
0,43,38,32,2
0,43,39,32,2
0,43,40,32,2
0,43,41,32,2
0,43,42,32,2
0,43,43,32,2
0,43,44,32,2
0,43,45,32,2
0,43,46,32,2
0,44,25,32,2
0,44,26,32,2
0,44,27,32,2
0,44,28,32,2
0,44,29,32,2
0,44,30,32,2
0,44,31,32,2
0,44,32,32,2
0,44,33,32,2
0,44,34,32,2
0,44,35,32,2
0,44,36,32,2
0,44,37,32,2
0,44,38,32,2
0,44,39,32,2
0,44,40,32,2
0,44,41,32,2
0,44,42,32,2
0,44,43,32,2
0,44,44,32,2
0,44,45,32,2
0,44,46,32,2
0,7,47,32,2
0,7,48,32,2
0,7,49,32,2
0,7,50,32,2
0,7,51,32,2
0,8,47,32,2
0,8,48,32,2
0,8,49,32,2
0,8,50,32,2
0,8,51,32,2
0,9,47,32,2
0,9,48,32,2
0,9,49,32,2
0,9,50,32,2
0,9,51,32,2
0,10,47,32,2
0,10,48,32,2
0,10,49,32,2
0,10,50,32,2
0,10,51,32,2
0,11,47,32,2
0,11,48,32,2
0,11,49,32,2
0,11,50,32,2
0,11,51,32,2
0,12,47,32,2
0,12,48,32,2
0,12,49,32,2
0,12,50,32,2
0,12,51,32,2
0,13,47,32,2
0,13,48,32,2
0,13,49,32,2
0,13,50,32,2
0,13,51,32,2
0,14,47,32,2
0,14,48,32,2
0,14,49,32,2
0,14,50,32,2
0,14,51,32,2
0,15,47,32,2
0,15,48,32,2
0,15,49,32,2
0,15,50,32,2
0,15,51,32,2
0,16,47,32,2
0,16,48,32,2
0,16,49,32,2
0,16,50,32,2
0,16,51,32,2
0,17,47,32,2
0,17,48,32,2
0,17,49,32,2
0,17,50,32,2
0,17,51,32,2
0,18,47,32,2
0,18,48,32,2
0,18,49,32,2
0,18,50,32,2
0,18,51,32,2
0,19,47,32,2
0,19,48,32,2
0,19,49,32,2
0,19,50,32,2
0,19,51,32,2
0,20,47,32,2
0,20,48,32,2
0,20,49,32,2
0,20,50,32,2
0,20,51,32,2
0,21,47,32,2
0,21,48,32,2
0,21,49,32,2
0,21,50,32,2
0,21,51,32,2
0,22,47,32,2
0,22,48,32,2
0,22,49,32,2
0,22,50,32,2
0,22,51,32,2
0,23,47,32,2
0,23,48,32,2
0,23,49,32,2
0,23,50,32,2
0,23,51,32,2
0,24,47,32,2
0,24,48,32,2
0,24,49,32,2
0,24,50,32,2
0,24,51,32,2
0,25,47,32,2
0,25,48,32,2
0,25,49,32,2
0,25,50,32,2
0,25,51,32,2
0,26,47,32,2
0,26,48,32,2
0,26,49,32,2
0,26,50,32,2
0,26,51,32,2
0,27,47,32,2
0,27,48,32,2
0,27,49,32,2
0,27,50,32,2
0,27,51,32,2
0,28,47,32,2
0,28,48,32,2
0,28,49,32,2
0,28,50,32,2
0,28,51,32,2
0,29,47,32,2
0,29,48,32,2
0,29,49,32,2
0,29,50,32,2
0,29,51,32,2
0,30,47,32,2
0,30,48,32,2
0,30,49,32,2
0,30,50,32,2
0,30,51,32,2
0,31,47,32,2
0,31,48,32,2
0,31,49,32,2
0,31,50,32,2
0,31,51,32,2
0,32,47,32,2
0,32,48,32,2
0,32,49,32,2
0,32,50,32,2
0,32,51,32,2
0,33,47,32,2
0,33,48,32,2
0,33,49,32,2
0,33,50,32,2
0,33,51,32,2
0,34,47,32,2
0,34,48,32,2
0,34,49,32,2
0,34,50,32,2
0,34,51,32,2
0,35,47,32,2
0,35,48,32,2
0,35,49,32,2
0,35,50,32,2
0,35,51,32,2
0,36,47,32,2
0,36,48,32,2
0,36,49,32,2
0,36,50,32,2
0,36,51,32,2
0,37,47,32,2
0,37,48,32,2
0,37,49,32,2
0,37,50,32,2
0,37,51,32,2
0,38,47,32,2
0,38,48,32,2
0,38,49,32,2
0,38,50,32,2
0,38,51,32,2
0,39,47,32,2
0,39,48,32,2
0,39,49,32,2
0,39,50,32,2
0,39,51,32,2
0,40,47,32,2
0,40,48,32,2
0,40,49,32,2
0,40,50,32,2
0,40,51,32,2
0,41,47,32,2
0,41,48,32,2
0,41,49,32,2
0,41,50,32,2
0,41,51,32,2
0,42,47,32,2
0,42,48,32,2
0,42,49,32,2
0,42,50,32,2
0,42,51,32,2
0,43,47,32,2
0,43,48,32,2
0,43,49,32,2
0,43,50,32,2
0,43,51,32,2
0,44,47,32,2
0,44,48,32,2
0,44,49,32,2
0,44,50,32,2
0,44,51,32,2
0,7,22,32,2
0,7,23,32,2
0,7,24,32,2
0,8,22,32,2
0,8,23,32,2
0,8,24,32,2
0,9,22,32,2
0,9,23,32,2
0,9,24,32,2
0,10,22,32,2
0,10,23,32,2
0,10,24,32,2
0,11,22,32,2
0,11,23,32,2
0,11,24,32,2
0,12,22,32,2
0,12,23,32,2
0,12,24,32,2
0,13,22,32,2
0,13,23,32,2
0,13,24,32,2
0,14,22,32,2
0,14,23,32,2
0,14,24,32,2
0,15,22,32,2
0,15,23,32,2
0,16,22,32,2
0,16,23,32,2
0,17,22,32,2
0,17,23,32,2
0,17,24,32,2
0,18,22,32,2
0,18,23,32,2
0,18,24,32,2
0,19,22,32,2
0,19,23,32,2
0,19,24,32,2
0,20,22,32,2
0,20,23,32,2
0,21,22,32,2
0,21,23,32,2
0,21,24,32,2
0,22,22,32,2
0,22,23,32,2
0,22,24,32,2
0,23,22,32,2
0,23,23,32,2
0,23,24,32,2
0,24,22,32,2
0,24,23,32,2
0,24,24,32,2
0,25,22,32,2
0,25,23,32,2
0,26,22,32,2
0,26,23,32,2
0,26,24,32,2
0,27,22,32,2
0,27,23,32,2
0,27,24,32,2
0,28,22,32,2
0,28,23,32,2
0,28,24,32,2
0,29,22,32,2
0,29,23,32,2
0,29,24,32,2
0,30,22,32,2
0,30,23,32,2
0,30,24,32,2
0,31,22,32,2
0,31,23,32,2
0,31,24,32,2
0,32,22,32,2
0,32,23,32,2
0,32,24,32,2
0,33,22,32,2
0,33,23,32,2
0,33,24,32,2
0,34,22,32,2
0,34,23,32,2
0,34,24,32,2
0,35,22,32,2
0,35,23,32,2
0,35,24,32,2
0,36,22,32,2
0,36,23,32,2
0,36,24,32,2
0,37,22,32,2
0,37,23,32,2
0,37,24,32,2
0,38,22,32,2
0,38,23,32,2
0,38,24,32,2
0,39,22,32,2
0,39,23,32,2
0,39,24,32,2
0,40,22,32,2
0,40,23,32,2
0,40,24,32,2
0,41,22,32,2
0,41,23,32,2
0,41,24,32,2
0,42,22,32,2
0,42,23,32,2
0,42,24,32,2
0,43,22,32,2
0,43,23,32,2
0,43,24,32,2
0,44,22,32,2
0,44,23,32,2
0,44,24,32,2
0,-5,19,27,2
0,27,30,27,2
0,26,31,27,2
0,26,32,27,2
0,24,32,27,2
0,23,33,27,2
0,21,33,27,2
0,21,34,27,2
0,20,35,27,2
0,20,36,27,2
0,19,38,27,2
0,19,36,27,2
0,19,34,27,2
0,20,33,27,2
0,25,35,27,2
0,26,39,27,2
0,23,38,27,2
0,23,40,27,2
0,21,40,27,2
0,20,41,27,2
0,31,35,27,2
0,32,35,27,2
0,31,29,27,2
0,29,25,27,2
0,11,29,27,2
0,12,25,27,2
0,13,28,27,2
0,14,30,27,2
0,12,34,27,2
0,11,35,27,2
0,12,42,27,2
0,14,44,27,2
0,15,39,27,2
0,17,42,27,2
0,17,46,27,2
0,21,46,27,2
0,26,44,27,2
0,27,44,27,2
0,29,43,27,2
0,29,42,27,2
0,30,41,27,2
0,32,40,27,2
0,33,40,27,2
0,35,30,27,2
0,35,31,27,2
0,35,32,27,2
0,35,33,27,2
0,39,30,27,2
0,36,25,27,2
0,33,25,27,2
0,32,25,27,2
0,25,24,27,2
0,19,25,27,2
0,17,28,27,2
0,21,28,27,2
0,22,27,27,2
0,23,27,27,2
0,20,24,27,2
0,16,24,27,2
0,15,24,27,2
0,15,25,27,2
0,14,25,27,2
0,14,27,27,2
0,15,29,27,2
0,15,30,27,2
0,15,31,27,2
0,15,33,27,2
0,15,34,27,2
0,15,35,27,2
0,17,32,27,2
0,17,30,27,2
0,10,30,27,2
0,9,26,27,2
0,30,36,27,2
0,28,35,27,2
0,28,38,27,2
