5,87,150,17,1
5,86,150,17,1
5,85,150,15,1
5,88,150,21,1
5,84,158,21,1
1,79,158,17,1
1,80,158,17,1
1,81,158,17,1
1,82,158,17,1
1,83,158,17,1
1,90,158,17,1
1,91,158,17,1
1,92,158,17,1
1,93,158,17,1
1,94,158,17,1
5,89,158,15,1
2,78,151,12,1
2,78,152,12,1
2,78,153,12,1
2,78,154,12,1
2,78,155,12,1
4,95,151,14,1
4,95,152,14,1
4,95,153,14,1
4,95,154,14,1
4,95,155,14,1
5,78,150,2,1
5,95,150,1,1
4,95,156,5,1
2,78,156,6,1
5,85,161,15,1
5,86,161,17,1
5,87,161,17,1
5,88,161,21,1
0,75,158,17,1
0,76,158,17,1
0,77,158,17,1
0,78,158,17,1
0,95,158,17,1
0,96,158,17,1
0,97,158,17,1
0,98,158,17,1
0,99,158,17,1
0,100,158,17,1
4,95,160,15,1
2,78,160,21,1
4,95,162,15,1
2,78,162,21,1
2,78,164,21,1
2,78,166,2,1
2,78,167,12,1
2,78,168,12,1
2,78,169,12,1
2,78,170,12,1
5,78,174,2,1
5,78,171,6,1
4,95,166,1,1
4,95,167,14,1
4,95,168,14,1
4,95,169,14,1
4,95,170,14,1
5,95,171,5,1
5,95,174,1,1
1,79,175,17,1
1,80,175,17,1
1,81,175,17,1
1,82,175,17,1
1,83,175,17,1
1,94,175,17,1
1,93,175,17,1
1,92,175,17,1
1,91,175,17,1
1,90,175,17,1
5,89,175,15,1
5,84,175,21,1
0,72,167,13,1
0,72,168,13,1
0,72,169,13,1
0,72,170,13,1
0,73,167,13,1
0,73,168,13,1
0,73,169,13,1
0,73,170,13,1
0,74,167,13,1
0,74,168,13,1
0,74,169,13,1
0,74,170,13,1
0,75,167,13,1
0,75,168,13,1
0,75,169,13,1
0,75,170,13,1
0,76,167,13,1
0,76,168,13,1
0,76,169,13,1
0,76,170,13,1
0,77,167,13,1
0,77,168,13,1
0,77,169,13,1
0,77,170,13,1
0,96,167,13,1
0,96,168,13,1
0,96,169,13,1
0,96,170,13,1
0,97,167,13,1
0,97,168,13,1
0,97,169,13,1
0,97,170,13,1
0,98,167,13,1
0,98,168,13,1
0,98,169,13,1
0,98,170,13,1
0,99,167,13,1
0,99,168,13,1
0,99,169,13,1
0,99,170,13,1
0,100,167,13,1
0,100,168,13,1
0,100,169,13,1
0,100,170,13,1
0,101,167,13,1
0,101,168,13,1
0,101,169,13,1
0,101,170,13,1
0,102,167,13,1
0,102,168,13,1
0,102,169,13,1
0,102,170,13,1
0,103,167,13,1
0,103,168,13,1
0,103,169,13,1
0,103,170,13,1
0,96,162,17,1
0,97,162,17,1
0,98,162,17,1
0,99,162,17,1
0,100,162,17,1
0,101,162,17,1
0,102,162,17,1
0,103,162,17,1
0,96,160,17,1
0,97,160,17,1
0,98,160,17,1
0,99,160,17,1
0,100,160,17,1
0,101,160,17,1
0,102,160,17,1
0,103,160,17,1
0,101,158,17,1
0,102,158,17,1
0,103,158,17,1
0,72,158,17,1
0,73,158,17,1
0,74,158,17,1
0,72,160,17,1
0,73,160,17,1
0,74,160,17,1
0,75,160,17,1
0,76,160,17,1
0,77,160,17,1
0,71,162,17,1
0,72,162,17,1
0,73,162,17,1
0,74,162,17,1
0,75,162,17,1
0,76,162,17,1
0,77,162,17,1
0,72,164,17,1
0,73,164,17,1
0,74,164,17,1
0,75,164,17,1
0,76,164,17,1
0,77,164,17,1
0,72,166,17,1
0,73,166,17,1
0,74,166,17,1
0,75,166,17,1
0,76,166,17,1
0,77,166,17,1
0,96,166,17,1
0,97,166,17,1
0,98,166,17,1
0,99,166,17,1
0,100,166,17,1
0,101,166,17,1
0,102,166,17,1
0,103,166,17,1
0,72,171,9,1
0,73,171,9,1
0,74,171,9,1
0,75,171,9,1
0,76,171,9,1
0,77,171,9,1
0,96,171,9,1
0,97,171,9,1
0,98,171,9,1
0,99,171,9,1
0,100,171,9,1
0,101,171,9,1
0,102,171,9,1
0,103,171,9,1
0,72,174,17,1
0,73,174,17,1
0,74,174,17,1
0,75,174,17,1
0,76,174,17,1
0,77,174,17,1
0,96,174,17,1
0,97,174,17,1
0,98,174,17,1
0,99,174,17,1
0,100,174,17,1
0,101,174,17,1
0,102,174,17,1
0,103,174,17,1
0,95,175,14,1
0,78,175,12,1
0,72,175,13,1
0,72,176,13,1
0,72,177,13,1
0,72,178,13,1
0,72,179,13,1
0,72,180,13,1
0,72,182,13,1
0,73,175,13,1
0,73,176,13,1
0,73,177,13,1
0,73,178,13,1
0,73,179,13,1
0,73,180,13,1
0,73,182,13,1
0,74,175,13,1
0,74,176,13,1
0,74,177,13,1
0,74,178,13,1
0,74,179,13,1
0,74,180,13,1
0,74,182,13,1
0,75,175,13,1
0,75,176,13,1
0,75,177,13,1
0,75,178,13,1
0,75,179,13,1
0,75,180,13,1
0,75,182,13,1
0,76,175,13,1
0,76,176,13,1
0,76,177,13,1
0,76,178,13,1
0,76,179,13,1
0,76,180,13,1
0,76,182,13,1
0,77,175,13,1
0,77,176,13,1
0,77,177,13,1
0,77,178,13,1
0,77,179,13,1
0,77,180,13,1
0,77,182,13,1
0,96,175,13,1
0,96,176,13,1
0,96,177,13,1
0,96,178,13,1
0,96,179,13,1
0,96,180,13,1
0,97,175,13,1
0,97,176,13,1
0,97,177,13,1
0,97,178,13,1
0,97,179,13,1
0,97,180,13,1
0,98,175,13,1
0,98,176,13,1
0,98,177,13,1
0,98,178,13,1
0,98,179,13,1
0,98,180,13,1
0,99,175,13,1
0,99,176,13,1
0,99,177,13,1
0,99,178,13,1
0,99,179,13,1
0,99,180,13,1
0,100,175,13,1
0,100,176,13,1
0,100,177,13,1
0,100,178,13,1
0,100,179,13,1
0,100,180,13,1
0,101,175,13,1
0,101,176,13,1
0,101,177,13,1
0,101,178,13,1
0,101,179,13,1
0,101,180,13,1
0,102,175,13,1
0,102,176,13,1
0,102,177,13,1
0,102,178,13,1
0,102,179,13,1
0,102,180,13,1
0,103,175,13,1
0,103,176,13,1
0,103,177,13,1
0,103,178,13,1
0,103,179,13,1
0,103,180,13,1
0,96,182,13,1
0,97,182,13,1
0,98,182,13,1
0,99,182,13,1
0,100,182,13,1
0,101,182,13,1
0,102,182,13,1
0,103,182,13,1
5,83,164,15,1
5,84,164,17,1
5,85,164,17,1
5,86,164,17,1
5,87,164,17,1
5,88,164,17,1
5,89,164,17,1
5,90,164,21,1
5,83,183,1,1
1,84,183,17,1
1,85,183,17,1
1,86,183,17,1
1,87,183,17,1
1,88,183,17,1
1,89,183,17,1
1,90,183,17,1
1,91,183,17,1
1,92,183,17,1
1,93,183,17,1
1,94,183,17,1
4,83,184,14,1
4,83,185,5,1
0,84,184,13,1
0,85,184,13,1
0,86,184,13,1
0,87,184,13,1
0,88,184,13,1
0,89,184,13,1
0,90,184,13,1
0,91,184,13,1
0,92,184,13,1
0,93,184,13,1
0,94,184,13,1
0,84,185,9,1
0,85,185,9,1
0,86,185,9,1
0,87,185,9,1
0,88,185,9,1
0,89,185,9,1
0,90,185,9,1
0,91,185,9,1
0,92,185,9,1
0,93,185,9,1
0,94,185,9,1
0,95,183,18,1
0,95,185,10,1
0,95,184,13,1
0,96,183,13,1
0,96,184,13,1
0,96,185,13,1
0,97,183,13,1
0,97,184,13,1
0,97,185,13,1
0,98,183,13,1
0,98,184,13,1
0,98,185,13,1
0,99,183,13,1
0,99,184,13,1
0,99,185,13,1
0,100,183,13,1
0,100,184,13,1
0,100,185,13,1
0,101,183,13,1
0,101,184,13,1
0,101,185,13,1
0,102,183,13,1
0,102,184,13,1
0,102,185,13,1
0,103,183,13,1
0,103,184,13,1
0,103,185,13,1
2,78,176,12,1
2,78,177,12,1
2,78,178,12,1
2,78,179,12,1
2,78,180,12,1
2,78,182,12,1
2,78,183,12,1
2,78,184,12,1
2,78,185,12,1
0,72,183,13,1
0,72,184,13,1
0,72,185,13,1
0,73,183,13,1
0,73,184,13,1
0,73,185,13,1
0,74,183,13,1
0,74,184,13,1
0,74,185,13,1
0,75,183,13,1
0,75,184,13,1
0,75,185,13,1
0,76,183,13,1
0,76,184,13,1
0,76,185,13,1
0,77,183,13,1
0,77,184,13,1
0,77,185,13,1
4,95,176,14,1
4,95,177,14,1
4,95,178,14,1
4,95,179,14,1
4,95,180,14,1
4,95,182,14,1
0,72,186,13,1
0,72,187,13,1
0,72,188,13,1
0,72,189,13,1
0,73,186,13,1
0,73,187,13,1
0,73,188,13,1
0,73,189,13,1
0,74,186,13,1
0,74,187,13,1
0,74,188,13,1
0,74,189,13,1
0,75,186,13,1
0,75,187,13,1
0,75,188,13,1
0,75,189,13,1
0,76,186,13,1
0,76,187,13,1
0,76,188,13,1
0,76,189,13,1
0,77,186,13,1
0,77,187,13,1
0,77,188,13,1
0,77,189,13,1
2,78,186,12,1
2,78,187,12,1
2,78,188,12,1
2,78,189,12,1
4,95,186,14,1
4,95,187,14,1
4,95,188,14,1
4,95,189,14,1
0,96,186,13,1
0,96,187,13,1
0,96,188,13,1
0,96,189,13,1
0,97,186,13,1
0,97,187,13,1
0,97,188,13,1
0,97,189,13,1
0,98,186,13,1
0,98,187,13,1
0,98,188,13,1
0,98,189,13,1
0,99,186,13,1
0,99,187,13,1
0,99,188,13,1
0,99,189,13,1
0,100,186,13,1
0,100,187,13,1
0,100,188,13,1
0,100,189,13,1
0,101,186,13,1
0,101,187,13,1
0,101,188,13,1
0,101,189,13,1
0,102,186,13,1
0,102,187,13,1
0,102,188,13,1
0,102,189,13,1
0,103,186,13,1
0,103,187,13,1
0,103,188,13,1
0,103,189,13,1
0,63,165,32,2
0,63,166,32,2
0,63,167,32,2
0,63,168,32,2
0,63,169,32,2
0,63,170,32,2
0,63,171,32,2
0,63,172,32,2
0,63,173,32,2
0,63,174,32,2
0,63,175,32,2
0,64,165,32,2
0,64,166,32,2
0,64,167,32,2
0,64,168,32,2
0,64,169,32,2
0,64,170,32,2
0,64,171,32,2
0,64,172,32,2
0,64,173,32,2
0,64,174,32,2
0,64,175,32,2
0,65,165,32,2
0,65,166,32,2
0,65,167,32,2
0,65,168,32,2
0,65,169,32,2
0,65,170,32,2
0,65,171,32,2
0,65,172,32,2
0,65,173,32,2
0,65,174,32,2
0,65,175,32,2
0,66,165,32,2
0,66,166,32,2
0,66,167,32,2
0,66,168,32,2
0,66,169,32,2
0,66,170,32,2
0,66,171,32,2
0,66,172,32,2
0,66,173,32,2
0,66,174,32,2
0,66,175,32,2
0,67,165,32,2
0,67,166,32,2
0,67,167,32,2
0,67,168,32,2
0,67,169,32,2
0,67,170,32,2
0,67,171,32,2
0,67,172,32,2
0,67,173,32,2
0,67,174,32,2
0,67,175,32,2
0,68,165,32,2
0,68,166,32,2
0,68,167,32,2
0,68,168,32,2
0,68,169,32,2
0,68,170,32,2
0,68,171,32,2
0,68,172,32,2
0,68,173,32,2
0,68,174,32,2
0,68,175,32,2
0,69,165,32,2
0,69,166,32,2
0,69,167,32,2
0,69,168,32,2
0,69,169,32,2
0,69,170,32,2
0,69,171,32,2
0,69,172,32,2
0,69,173,32,2
0,69,174,32,2
0,69,175,32,2
0,70,165,32,2
0,70,166,32,2
0,70,167,32,2
0,70,168,32,2
0,70,169,32,2
0,70,170,32,2
0,70,171,32,2
0,70,172,32,2
0,70,173,32,2
0,70,174,32,2
0,70,175,32,2
0,71,165,32,2
0,71,166,32,2
0,71,167,32,2
0,71,168,32,2
0,71,169,32,2
0,71,170,32,2
0,71,171,32,2
0,71,172,32,2
0,71,173,32,2
0,71,174,32,2
0,71,175,32,2
0,72,165,32,2
0,72,166,32,2
0,72,167,32,2
0,72,168,32,2
0,72,169,32,2
0,72,170,32,2
0,72,171,32,2
0,72,172,32,2
0,72,173,32,2
0,72,174,32,2
0,72,175,32,2
0,73,165,32,2
0,73,166,32,2
0,73,167,32,2
0,73,168,32,2
0,73,169,32,2
0,73,170,32,2
0,73,171,32,2
0,73,172,32,2
0,73,173,32,2
0,73,174,32,2
0,73,175,32,2
0,74,165,32,2
0,74,166,32,2
0,74,167,32,2
0,74,168,32,2
0,74,169,32,2
0,74,170,32,2
0,74,171,32,2
0,74,172,32,2
0,74,173,32,2
0,74,174,32,2
0,74,175,32,2
0,75,165,32,2
0,75,166,32,2
0,75,167,32,2
0,75,168,32,2
0,75,169,32,2
0,75,170,32,2
0,75,171,32,2
0,75,172,32,2
0,75,173,32,2
0,75,174,32,2
0,75,175,32,2
0,76,165,32,2
0,76,166,32,2
0,76,167,32,2
0,76,168,32,2
0,76,169,32,2
0,76,170,32,2
0,76,171,32,2
0,76,172,32,2
0,76,173,32,2
0,76,174,32,2
0,76,175,32,2
0,77,165,32,2
0,77,166,32,2
0,77,167,32,2
0,77,168,32,2
0,77,169,32,2
0,77,170,32,2
0,77,171,32,2
0,77,172,32,2
0,77,173,32,2
0,77,174,32,2
0,77,175,32,2
0,78,165,32,2
0,78,166,32,2
0,78,167,32,2
0,78,168,32,2
0,78,169,32,2
0,78,170,32,2
0,78,171,32,2
0,78,172,32,2
0,78,173,32,2
0,78,174,32,2
0,78,175,32,2
0,79,165,32,2
0,79,166,32,2
0,79,167,32,2
0,79,168,32,2
0,79,169,32,2
0,79,170,32,2
0,79,171,32,2
0,79,172,32,2
0,79,173,32,2
0,79,174,32,2
0,79,175,32,2
0,80,165,32,2
0,80,166,32,2
0,80,167,32,2
0,80,168,32,2
0,80,169,32,2
0,80,170,32,2
0,80,171,32,2
0,80,172,32,2
0,80,173,32,2
0,80,174,32,2
0,80,175,32,2
0,81,165,32,2
0,81,166,32,2
0,81,167,32,2
0,81,168,32,2
0,81,169,32,2
0,81,170,32,2
0,81,171,32,2
0,81,172,32,2
0,81,173,32,2
0,81,174,32,2
0,81,175,32,2
0,82,165,32,2
0,82,166,32,2
0,82,167,32,2
0,82,168,32,2
0,82,169,32,2
0,82,170,32,2
0,82,171,32,2
0,82,172,32,2
0,82,173,32,2
0,82,174,32,2
0,82,175,32,2
0,83,165,32,2
0,83,166,32,2
0,83,167,32,2
0,83,168,32,2
0,83,169,32,2
0,83,170,32,2
0,83,171,32,2
0,83,172,32,2
0,83,173,32,2
0,83,174,32,2
0,83,175,32,2
0,84,165,32,2
0,84,166,32,2
0,84,167,32,2
0,84,168,32,2
0,84,169,32,2
0,84,170,32,2
0,84,171,32,2
0,84,172,32,2
0,84,173,32,2
0,84,174,32,2
0,84,175,32,2
0,85,165,32,2
0,85,166,32,2
0,85,167,32,2
0,85,168,32,2
0,85,169,32,2
0,85,170,32,2
0,85,171,32,2
0,85,172,32,2
0,85,173,32,2
0,85,174,32,2
0,85,175,32,2
0,86,165,32,2
0,86,166,32,2
0,86,167,32,2
0,86,168,32,2
0,86,169,32,2
0,86,170,32,2
0,86,171,32,2
0,86,172,32,2
0,86,173,32,2
0,86,174,32,2
0,86,175,32,2
0,87,165,32,2
0,87,166,32,2
0,87,167,32,2
0,87,168,32,2
0,87,169,32,2
0,87,170,32,2
0,87,171,32,2
0,87,172,32,2
0,87,173,32,2
0,87,174,32,2
0,87,175,32,2
0,88,165,32,2
0,88,166,32,2
0,88,167,32,2
0,88,168,32,2
0,88,169,32,2
0,88,170,32,2
0,88,171,32,2
0,88,172,32,2
0,88,173,32,2
0,88,174,32,2
0,88,175,32,2
0,89,165,32,2
0,89,166,32,2
0,89,167,32,2
0,89,168,32,2
0,89,169,32,2
0,89,170,32,2
0,89,171,32,2
0,89,172,32,2
0,89,173,32,2
0,89,174,32,2
0,89,175,32,2
0,90,165,32,2
0,90,166,32,2
0,90,167,32,2
0,90,168,32,2
0,90,169,32,2
0,90,170,32,2
0,90,171,32,2
0,90,172,32,2
0,90,173,32,2
0,90,174,32,2
0,90,175,32,2
0,91,165,32,2
0,91,166,32,2
0,91,167,32,2
0,91,168,32,2
0,91,169,32,2
0,91,170,32,2
0,91,171,32,2
0,91,172,32,2
0,91,173,32,2
0,91,174,32,2
0,91,175,32,2
0,92,165,32,2
0,92,166,32,2
0,92,167,32,2
0,92,168,32,2
0,92,169,32,2
0,92,170,32,2
0,92,171,32,2
0,92,172,32,2
0,92,173,32,2
0,92,174,32,2
0,92,175,32,2
0,93,165,32,2
0,93,166,32,2
0,93,167,32,2
0,93,168,32,2
0,93,169,32,2
0,93,170,32,2
0,93,171,32,2
0,93,172,32,2
0,93,173,32,2
0,93,174,32,2
0,93,175,32,2
0,94,165,32,2
0,94,166,32,2
0,94,167,32,2
0,94,168,32,2
0,94,169,32,2
0,94,170,32,2
0,94,171,32,2
0,94,172,32,2
0,94,173,32,2
0,94,174,32,2
0,94,175,32,2
0,95,165,32,2
0,95,166,32,2
0,95,167,32,2
0,95,168,32,2
0,95,169,32,2
0,95,170,32,2
0,95,171,32,2
0,95,172,32,2
0,95,173,32,2
0,95,174,32,2
0,95,175,32,2
0,96,164,32,2
0,96,165,32,2
0,96,166,32,2
0,96,167,32,2
0,96,168,32,2
0,96,169,32,2
0,96,170,32,2
0,96,171,32,2
0,96,172,32,2
0,96,173,32,2
0,96,174,32,2
0,96,175,32,2
0,97,164,32,2
0,97,165,32,2
0,97,166,32,2
0,97,167,32,2
0,97,168,32,2
0,97,169,32,2
0,97,170,32,2
0,97,171,32,2
0,97,172,32,2
0,97,173,32,2
0,97,174,32,2
0,97,175,32,2
0,98,164,32,2
0,98,165,32,2
0,98,166,32,2
0,98,167,32,2
0,98,168,32,2
0,98,169,32,2
0,98,170,32,2
0,98,171,32,2
0,98,172,32,2
0,98,173,32,2
0,98,174,32,2
0,98,175,32,2
0,99,164,32,2
0,99,165,32,2
0,99,166,32,2
0,99,167,32,2
0,99,168,32,2
0,99,169,32,2
0,99,170,32,2
0,99,171,32,2
0,99,172,32,2
0,99,173,32,2
0,99,174,32,2
0,99,175,32,2
0,100,164,32,2
0,100,165,32,2
0,100,166,32,2
0,100,167,32,2
0,100,168,32,2
0,100,169,32,2
0,100,170,32,2
0,100,171,32,2
0,100,172,32,2
0,100,173,32,2
0,100,174,32,2
0,100,175,32,2
0,101,164,32,2
0,101,165,32,2
0,101,166,32,2
0,101,167,32,2
0,101,168,32,2
0,101,169,32,2
0,101,170,32,2
0,101,171,32,2
0,101,172,32,2
0,101,173,32,2
0,101,174,32,2
0,101,175,32,2
0,102,164,32,2
0,102,165,32,2
0,102,166,32,2
0,102,167,32,2
0,102,168,32,2
0,102,169,32,2
0,102,170,32,2
0,102,171,32,2
0,102,172,32,2
0,102,173,32,2
0,102,174,32,2
0,102,175,32,2
0,103,164,32,2
0,103,165,32,2
0,103,166,32,2
0,103,167,32,2
0,103,168,32,2
0,103,169,32,2
0,103,170,32,2
0,103,171,32,2
0,103,172,32,2
0,103,173,32,2
0,103,174,32,2
0,103,175,32,2
0,104,164,32,2
0,104,165,32,2
0,104,166,32,2
0,104,167,32,2
0,104,168,32,2
0,104,169,32,2
0,104,170,32,2
0,104,171,32,2
0,104,172,32,2
0,104,173,32,2
0,104,174,32,2
0,104,175,32,2
0,105,164,32,2
0,105,165,32,2
0,105,166,32,2
0,105,167,32,2
0,105,168,32,2
0,105,169,32,2
0,105,170,32,2
0,105,171,32,2
0,105,172,32,2
0,105,173,32,2
0,105,174,32,2
0,105,175,32,2
0,106,164,32,2
0,106,165,32,2
0,106,166,32,2
0,106,167,32,2
0,106,168,32,2
0,106,169,32,2
0,106,170,32,2
0,106,171,32,2
0,106,172,32,2
0,106,173,32,2
0,106,174,32,2
0,106,175,32,2
0,107,164,32,2
0,107,165,32,2
0,107,166,32,2
0,107,167,32,2
0,107,168,32,2
0,107,169,32,2
0,107,170,32,2
0,107,171,32,2
0,107,172,32,2
0,107,173,32,2
0,107,174,32,2
0,107,175,32,2
0,108,164,32,2
0,108,165,32,2
0,108,166,32,2
0,108,167,32,2
0,108,168,32,2
0,108,169,32,2
0,108,170,32,2
0,108,171,32,2
0,108,172,32,2
0,108,173,32,2
0,108,174,32,2
0,108,175,32,2
0,109,164,32,2
0,109,165,32,2
0,109,166,32,2
0,109,167,32,2
0,109,168,32,2
0,109,169,32,2
0,109,170,32,2
0,109,171,32,2
0,109,172,32,2
0,109,173,32,2
0,109,174,32,2
0,109,175,32,2
0,63,176,32,2
0,63,177,32,2
0,63,178,32,2
0,63,179,32,2
0,63,180,32,2
0,63,181,32,2
0,63,182,32,2
0,63,183,32,2
0,63,184,32,2
0,63,185,32,2
0,64,176,32,2
0,64,177,32,2
0,64,178,32,2
0,64,179,32,2
0,64,180,32,2
0,64,181,32,2
0,64,182,32,2
0,64,183,32,2
0,64,184,32,2
0,64,185,32,2
0,65,176,32,2
0,65,177,32,2
0,65,178,32,2
0,65,179,32,2
0,65,180,32,2
0,65,181,32,2
0,65,182,32,2
0,65,183,32,2
0,65,184,32,2
0,65,185,32,2
0,66,176,32,2
0,66,177,32,2
0,66,178,32,2
0,66,179,32,2
0,66,180,32,2
0,66,181,32,2
0,66,182,32,2
0,66,183,32,2
0,66,184,32,2
0,66,185,32,2
0,67,176,32,2
0,67,177,32,2
0,67,178,32,2
0,67,179,32,2
0,67,180,32,2
0,67,181,32,2
0,67,182,32,2
0,67,183,32,2
0,67,184,32,2
0,67,185,32,2
0,68,176,32,2
0,68,177,32,2
0,68,178,32,2
0,68,179,32,2
0,68,180,32,2
0,68,181,32,2
0,68,182,32,2
0,68,183,32,2
0,68,184,32,2
0,68,185,32,2
0,69,176,32,2
0,69,177,32,2
0,69,178,32,2
0,69,179,32,2
0,69,180,32,2
0,69,181,32,2
0,69,182,32,2
0,69,183,32,2
0,69,184,32,2
0,69,185,32,2
0,70,176,32,2
0,70,177,32,2
0,70,178,32,2
0,70,179,32,2
0,70,180,32,2
0,70,181,32,2
0,70,182,32,2
0,70,183,32,2
0,70,184,32,2
0,70,185,32,2
0,71,176,32,2
0,71,177,32,2
0,71,178,32,2
0,71,179,32,2
0,71,180,32,2
0,71,181,32,2
0,71,182,32,2
0,71,183,32,2
0,71,184,32,2
0,71,185,32,2
0,72,176,32,2
0,72,177,32,2
0,72,178,32,2
0,72,179,32,2
0,72,180,32,2
0,72,181,32,2
0,72,182,32,2
0,72,183,32,2
0,72,184,32,2
0,72,185,32,2
0,73,176,32,2
0,73,177,32,2
0,73,178,32,2
0,73,179,32,2
0,73,180,32,2
0,73,181,32,2
0,73,182,32,2
0,73,183,32,2
0,73,184,32,2
0,73,185,32,2
0,74,176,32,2
0,74,177,32,2
0,74,178,32,2
0,74,179,32,2
0,74,180,32,2
0,74,181,32,2
0,74,182,32,2
0,74,183,32,2
0,74,184,32,2
0,74,185,32,2
0,75,176,32,2
0,75,177,32,2
0,75,178,32,2
0,75,179,32,2
0,75,180,32,2
0,75,181,32,2
0,75,182,32,2
0,75,183,32,2
0,75,184,32,2
0,75,185,32,2
0,76,176,32,2
0,76,177,32,2
0,76,178,32,2
0,76,179,32,2
0,76,180,32,2
0,76,181,32,2
0,76,182,32,2
0,76,183,32,2
0,76,184,32,2
0,76,185,32,2
0,77,176,32,2
0,77,177,32,2
0,77,178,32,2
0,77,179,32,2
0,77,180,32,2
0,77,181,32,2
0,77,182,32,2
0,77,183,32,2
0,77,184,32,2
0,77,185,32,2
0,78,176,32,2
0,78,177,32,2
0,78,178,32,2
0,78,179,32,2
0,78,180,32,2
0,78,181,32,2
0,78,182,32,2
0,78,183,32,2
0,78,184,32,2
0,78,185,32,2
0,79,176,32,2
0,79,177,32,2
0,79,178,32,2
0,79,179,32,2
0,79,180,32,2
0,79,181,32,2
0,79,182,32,2
0,79,183,32,2
0,79,184,32,2
0,79,185,32,2
0,80,176,32,2
0,80,177,32,2
0,80,178,32,2
0,80,179,32,2
0,80,180,32,2
0,80,181,32,2
0,80,182,32,2
0,80,183,32,2
0,80,184,32,2
0,80,185,32,2
0,81,176,32,2
0,81,177,32,2
0,81,178,32,2
0,81,179,32,2
0,81,180,32,2
0,81,181,32,2
0,81,182,32,2
0,81,183,32,2
0,81,184,32,2
0,81,185,32,2
0,82,176,32,2
0,82,177,32,2
0,82,178,32,2
0,82,179,32,2
0,82,180,32,2
0,82,181,32,2
0,82,182,32,2
0,82,183,32,2
0,82,184,32,2
0,82,185,32,2
0,83,176,32,2
0,83,177,32,2
0,83,178,32,2
0,83,179,32,2
0,83,180,32,2
0,83,181,32,2
0,83,182,32,2
0,83,183,32,2
0,83,184,32,2
0,83,185,32,2
0,84,176,32,2
0,84,177,32,2
0,84,178,32,2
0,84,179,32,2
0,84,180,32,2
0,84,181,32,2
0,84,182,32,2
0,84,183,32,2
0,84,184,32,2
0,84,185,32,2
0,85,176,32,2
0,85,177,32,2
0,85,178,32,2
0,85,179,32,2
0,85,180,32,2
0,85,181,32,2
0,85,182,32,2
0,85,183,32,2
0,85,184,32,2
0,85,185,32,2
0,86,176,32,2
0,86,177,32,2
0,86,178,32,2
0,86,179,32,2
0,86,180,32,2
0,86,181,32,2
0,86,182,32,2
0,86,183,32,2
0,86,184,32,2
0,86,185,32,2
0,87,176,32,2
0,87,177,32,2
0,87,178,32,2
0,87,179,32,2
0,87,180,32,2
0,87,181,32,2
0,87,182,32,2
0,87,183,32,2
0,87,184,32,2
0,87,185,32,2
0,88,176,32,2
0,88,177,32,2
0,88,178,32,2
0,88,179,32,2
0,88,180,32,2
0,88,181,32,2
0,88,182,32,2
0,88,183,32,2
0,88,184,32,2
0,88,185,32,2
0,89,176,32,2
0,89,177,32,2
0,89,178,32,2
0,89,179,32,2
0,89,180,32,2
0,89,181,32,2
0,89,182,32,2
0,89,183,32,2
0,89,184,32,2
0,89,185,32,2
0,90,176,32,2
0,90,177,32,2
0,90,178,32,2
0,90,179,32,2
0,90,180,32,2
0,90,181,32,2
0,90,182,32,2
0,90,183,32,2
0,90,184,32,2
0,90,185,32,2
0,91,176,32,2
0,91,177,32,2
0,91,178,32,2
0,91,179,32,2
0,91,180,32,2
0,91,181,32,2
0,91,182,32,2
0,91,183,32,2
0,91,184,32,2
0,91,185,32,2
0,92,176,32,2
0,92,177,32,2
0,92,178,32,2
0,92,179,32,2
0,92,180,32,2
0,92,181,32,2
0,92,182,32,2
0,92,183,32,2
0,92,184,32,2
0,92,185,32,2
0,93,176,32,2
0,93,177,32,2
0,93,178,32,2
0,93,179,32,2
0,93,180,32,2
0,93,181,32,2
0,93,182,32,2
0,93,183,32,2
0,93,184,32,2
0,93,185,32,2
0,94,176,32,2
0,94,177,32,2
0,94,178,32,2
0,94,179,32,2
0,94,180,32,2
0,94,181,32,2
0,94,182,32,2
0,94,183,32,2
0,94,184,32,2
0,94,185,32,2
0,95,176,32,2
0,95,177,32,2
0,95,178,32,2
0,95,179,32,2
0,95,180,32,2
0,95,181,32,2
0,95,182,32,2
0,95,183,32,2
0,95,184,32,2
0,95,185,32,2
0,96,176,32,2
0,96,177,32,2
0,96,178,32,2
0,96,179,32,2
0,96,180,32,2
0,96,181,32,2
0,96,182,32,2
0,96,183,32,2
0,96,184,32,2
0,96,185,32,2
0,97,176,32,2
0,97,177,32,2
0,97,178,32,2
0,97,179,32,2
0,97,180,32,2
0,97,181,32,2
0,97,182,32,2
0,97,183,32,2
0,97,184,32,2
0,97,185,32,2
0,98,176,32,2
0,98,177,32,2
0,98,178,32,2
0,98,179,32,2
0,98,180,32,2
0,98,181,32,2
0,98,182,32,2
0,98,183,32,2
0,98,184,32,2
0,98,185,32,2
0,99,176,32,2
0,99,177,32,2
0,99,178,32,2
0,99,179,32,2
0,99,180,32,2
0,99,181,32,2
0,99,182,32,2
0,99,183,32,2
0,99,184,32,2
0,99,185,32,2
0,100,176,32,2
0,100,177,32,2
0,100,178,32,2
0,100,179,32,2
0,100,180,32,2
0,100,181,32,2
0,100,182,32,2
0,100,183,32,2
0,100,184,32,2
0,100,185,32,2
0,101,176,32,2
0,101,177,32,2
0,101,178,32,2
0,101,179,32,2
0,101,180,32,2
0,101,181,32,2
0,101,182,32,2
0,101,183,32,2
0,101,184,32,2
0,101,185,32,2
0,102,176,32,2
0,102,177,32,2
0,102,178,32,2
0,102,179,32,2
0,102,180,32,2
0,102,181,32,2
0,102,182,32,2
0,102,183,32,2
0,102,184,32,2
0,102,185,32,2
0,103,176,32,2
0,103,177,32,2
0,103,178,32,2
0,103,179,32,2
0,103,180,32,2
0,103,181,32,2
0,103,182,32,2
0,103,183,32,2
0,103,184,32,2
0,103,185,32,2
0,104,176,32,2
0,104,177,32,2
0,104,178,32,2
0,104,179,32,2
0,104,180,32,2
0,104,181,32,2
0,104,182,32,2
0,104,183,32,2
0,104,184,32,2
0,104,185,32,2
0,105,176,32,2
0,105,177,32,2
0,105,178,32,2
0,105,179,32,2
0,105,180,32,2
0,105,181,32,2
0,105,182,32,2
0,105,183,32,2
0,105,184,32,2
0,105,185,32,2
0,106,176,32,2
0,106,177,32,2
0,106,178,32,2
0,106,179,32,2
0,106,180,32,2
0,106,181,32,2
0,106,182,32,2
0,106,183,32,2
0,106,184,32,2
0,106,185,32,2
0,107,176,32,2
0,107,177,32,2
0,107,178,32,2
0,107,179,32,2
0,107,180,32,2
0,107,181,32,2
0,107,182,32,2
0,107,183,32,2
0,107,184,32,2
0,107,185,32,2
0,108,176,32,2
0,108,177,32,2
0,108,178,32,2
0,108,179,32,2
0,108,180,32,2
0,108,181,32,2
0,108,182,32,2
0,108,183,32,2
0,108,184,32,2
0,108,185,32,2
0,109,176,32,2
0,109,177,32,2
0,109,178,32,2
0,109,179,32,2
0,109,180,32,2
0,109,181,32,2
0,109,182,32,2
0,109,183,32,2
0,109,184,32,2
0,109,185,32,2
0,63,156,32,2
0,63,157,32,2
0,63,158,32,2
0,63,159,32,2
0,63,160,32,2
0,63,161,32,2
0,63,162,32,2
0,63,163,32,2
0,63,164,32,2
0,64,156,32,2
0,64,157,32,2
0,64,158,32,2
0,64,159,32,2
0,64,160,32,2
0,64,161,32,2
0,64,162,32,2
0,64,163,32,2
0,64,164,32,2
0,65,156,32,2
0,65,157,32,2
0,65,158,32,2
0,65,159,32,2
0,65,160,32,2
0,65,161,32,2
0,65,162,32,2
0,65,163,32,2
0,65,164,32,2
0,66,156,32,2
0,66,157,32,2
0,66,158,32,2
0,66,159,32,2
0,66,160,32,2
0,66,161,32,2
0,66,162,32,2
0,66,163,32,2
0,66,164,32,2
0,67,156,32,2
0,67,157,32,2
0,67,158,32,2
0,67,159,32,2
0,67,160,32,2
0,67,161,32,2
0,67,162,32,2
0,67,163,32,2
0,67,164,32,2
0,68,156,32,2
0,68,157,32,2
0,68,158,32,2
0,68,159,32,2
0,68,160,32,2
0,68,161,32,2
0,68,162,32,2
0,68,163,32,2
0,68,164,32,2
0,69,156,32,2
0,69,157,32,2
0,69,158,32,2
0,69,159,32,2
0,69,160,32,2
0,69,161,32,2
0,69,162,32,2
0,69,163,32,2
0,69,164,32,2
0,70,156,32,2
0,70,157,32,2
0,70,158,32,2
0,70,159,32,2
0,70,160,32,2
0,70,161,32,2
0,70,162,32,2
0,70,163,32,2
0,70,164,32,2
0,71,156,32,2
0,71,157,32,2
0,71,158,32,2
0,71,159,32,2
0,71,160,32,2
0,71,161,32,2
0,71,162,32,2
0,71,163,32,2
0,71,164,32,2
0,72,156,32,2
0,72,157,32,2
0,72,158,32,2
0,72,159,32,2
0,72,160,32,2
0,72,161,32,2
0,72,162,32,2
0,72,163,32,2
0,72,164,32,2
0,73,156,32,2
0,73,157,32,2
0,73,158,32,2
0,73,159,32,2
0,73,160,32,2
0,73,161,32,2
0,73,162,32,2
0,73,163,32,2
0,73,164,32,2
0,74,156,32,2
0,74,157,32,2
0,74,158,32,2
0,74,159,32,2
0,74,160,32,2
0,74,161,32,2
0,74,162,32,2
0,74,163,32,2
0,74,164,32,2
0,75,156,32,2
0,75,157,32,2
0,75,158,32,2
0,75,159,32,2
0,75,160,32,2
0,75,161,32,2
0,75,162,32,2
0,75,163,32,2
0,75,164,32,2
0,76,156,32,2
0,76,157,32,2
0,76,158,32,2
0,76,159,32,2
0,76,160,32,2
0,76,161,32,2
0,76,162,32,2
0,76,163,32,2
0,76,164,32,2
0,77,156,32,2
0,77,157,32,2
0,77,158,32,2
0,77,159,32,2
0,77,160,32,2
0,77,161,32,2
0,77,162,32,2
0,77,163,32,2
0,77,164,32,2
0,78,156,32,2
0,78,157,32,2
0,78,158,32,2
0,78,159,32,2
0,78,160,32,2
0,78,161,32,2
0,78,162,32,2
0,78,163,32,2
0,78,164,32,2
0,79,156,32,2
0,79,157,32,2
0,79,158,32,2
0,79,159,32,2
0,79,160,32,2
0,79,161,32,2
0,79,162,32,2
0,79,163,32,2
0,79,164,32,2
0,80,156,32,2
0,80,157,32,2
0,80,158,32,2
0,80,159,32,2
0,80,160,32,2
0,80,161,32,2
0,80,162,32,2
0,80,163,32,2
0,80,164,32,2
0,81,156,32,2
0,81,157,32,2
0,81,158,32,2
0,81,159,32,2
0,81,160,32,2
0,81,161,32,2
0,81,162,32,2
0,81,163,32,2
0,81,164,32,2
0,82,156,32,2
0,82,157,32,2
0,82,158,32,2
0,82,159,32,2
0,82,160,32,2
0,82,161,32,2
0,82,162,32,2
0,82,163,32,2
0,82,164,32,2
0,83,156,32,2
0,83,157,32,2
0,83,158,32,2
0,83,159,32,2
0,83,160,32,2
0,83,161,32,2
0,83,162,32,2
0,83,163,32,2
0,83,164,32,2
0,84,156,32,2
0,84,157,32,2
0,84,158,32,2
0,84,159,32,2
0,84,160,32,2
0,84,161,32,2
0,84,162,32,2
0,84,163,32,2
0,84,164,32,2
0,85,156,32,2
0,85,157,32,2
0,85,158,32,2
0,85,159,32,2
0,85,160,32,2
0,85,161,32,2
0,85,162,32,2
0,85,163,32,2
0,85,164,32,2
0,86,156,32,2
0,86,157,32,2
0,86,158,32,2
0,86,159,32,2
0,86,160,32,2
0,86,161,32,2
0,86,162,32,2
0,86,163,32,2
0,86,164,32,2
0,87,156,32,2
0,87,157,32,2
0,87,158,32,2
0,87,159,32,2
0,87,160,32,2
0,87,161,32,2
0,87,162,32,2
0,87,163,32,2
0,87,164,32,2
0,88,156,32,2
0,88,157,32,2
0,88,158,32,2
0,88,159,32,2
0,88,160,32,2
0,88,161,32,2
0,88,162,32,2
0,88,163,32,2
0,88,164,32,2
0,89,156,32,2
0,89,157,32,2
0,89,158,32,2
0,89,159,32,2
0,89,160,32,2
0,89,161,32,2
0,89,162,32,2
0,89,163,32,2
0,89,164,32,2
0,90,156,32,2
0,90,157,32,2
0,90,158,32,2
0,90,159,32,2
0,90,160,32,2
0,90,161,32,2
0,90,162,32,2
0,90,163,32,2
0,90,164,32,2
0,91,156,32,2
0,91,157,32,2
0,91,158,32,2
0,91,159,32,2
0,91,160,32,2
0,91,161,32,2
0,91,162,32,2
0,91,163,32,2
0,91,164,32,2
0,92,156,32,2
0,92,157,32,2
0,92,158,32,2
0,92,159,32,2
0,92,160,32,2
0,92,161,32,2
0,92,162,32,2
0,92,163,32,2
0,92,164,32,2
0,93,156,32,2
0,93,157,32,2
0,93,158,32,2
0,93,159,32,2
0,93,160,32,2
0,93,161,32,2
0,93,162,32,2
0,93,163,32,2
0,93,164,32,2
0,94,156,32,2
0,94,157,32,2
0,94,158,32,2
0,94,159,32,2
0,94,160,32,2
0,94,161,32,2
0,94,162,32,2
0,94,163,32,2
0,94,164,32,2
0,95,156,32,2
0,95,157,32,2
0,95,158,32,2
0,95,159,32,2
0,95,160,32,2
0,95,161,32,2
0,95,162,32,2
0,95,163,32,2
0,95,164,32,2
0,96,156,32,2
0,96,157,32,2
0,96,158,32,2
0,96,159,32,2
0,96,160,32,2
0,96,161,32,2
0,96,162,32,2
0,96,163,32,2
0,97,156,32,2
0,97,157,32,2
0,97,158,32,2
0,97,159,32,2
0,97,160,32,2
0,97,161,32,2
0,97,162,32,2
0,97,163,32,2
0,98,156,32,2
0,98,157,32,2
0,98,158,32,2
0,98,159,32,2
0,98,160,32,2
0,98,161,32,2
0,98,162,32,2
0,98,163,32,2
0,99,156,32,2
0,99,157,32,2
0,99,158,32,2
0,99,159,32,2
0,99,160,32,2
0,99,161,32,2
0,99,162,32,2
0,99,163,32,2
0,100,156,32,2
0,100,157,32,2
0,100,158,32,2
0,100,159,32,2
0,100,160,32,2
0,100,161,32,2
0,100,162,32,2
0,100,163,32,2
0,101,156,32,2
0,101,157,32,2
0,101,158,32,2
0,101,159,32,2
0,101,160,32,2
0,101,161,32,2
0,101,162,32,2
0,101,163,32,2
0,102,156,32,2
0,102,157,32,2
0,102,158,32,2
0,102,159,32,2
0,102,160,32,2
0,102,161,32,2
0,102,162,32,2
0,102,163,32,2
0,103,156,32,2
0,103,157,32,2
0,103,158,32,2
0,103,159,32,2
0,103,160,32,2
0,103,161,32,2
0,103,162,32,2
0,103,163,32,2
0,104,156,32,2
0,104,157,32,2
0,104,158,32,2
0,104,159,32,2
0,104,160,32,2
0,104,161,32,2
0,104,162,32,2
0,104,163,32,2
0,105,156,32,2
0,105,157,32,2
0,105,158,32,2
0,105,159,32,2
0,105,160,32,2
0,105,161,32,2
0,105,162,32,2
0,105,163,32,2
0,106,156,32,2
0,106,157,32,2
0,106,158,32,2
0,106,159,32,2
0,106,160,32,2
0,106,161,32,2
0,106,162,32,2
0,106,163,32,2
0,107,156,32,2
0,107,157,32,2
0,107,158,32,2
0,107,159,32,2
0,107,160,32,2
0,107,161,32,2
0,107,162,32,2
0,107,163,32,2
0,108,156,32,2
0,108,157,32,2
0,108,158,32,2
0,108,159,32,2
0,108,160,32,2
0,108,161,32,2
0,108,162,32,2
0,108,163,32,2
0,109,156,32,2
0,109,157,32,2
0,109,158,32,2
0,109,159,32,2
0,109,160,32,2
0,109,161,32,2
0,109,162,32,2
0,109,163,32,2
0,63,186,32,2
0,63,187,32,2
0,63,188,32,2
0,63,189,32,2
0,63,190,32,2
0,63,191,32,2
0,63,192,32,2
0,63,193,32,2
0,64,186,32,2
0,64,187,32,2
0,64,188,32,2
0,64,189,32,2
0,64,190,32,2
0,64,191,32,2
0,64,192,32,2
0,64,193,32,2
0,65,186,32,2
0,65,187,32,2
0,65,188,32,2
0,65,189,32,2
0,65,190,32,2
0,65,191,32,2
0,65,192,32,2
0,65,193,32,2
0,66,186,32,2
0,66,187,32,2
0,66,188,32,2
0,66,189,32,2
0,66,190,32,2
0,66,191,32,2
0,66,192,32,2
0,66,193,32,2
0,67,186,32,2
0,67,187,32,2
0,67,188,32,2
0,67,189,32,2
0,67,190,32,2
0,67,191,32,2
0,67,192,32,2
0,67,193,32,2
0,68,186,32,2
0,68,187,32,2
0,68,188,32,2
0,68,189,32,2
0,68,190,32,2
0,68,191,32,2
0,68,192,32,2
0,68,193,32,2
0,69,186,32,2
0,69,187,32,2
0,69,188,32,2
0,69,189,32,2
0,69,190,32,2
0,69,191,32,2
0,69,192,32,2
0,69,193,32,2
0,70,186,32,2
0,70,187,32,2
0,70,188,32,2
0,70,189,32,2
0,70,190,32,2
0,70,191,32,2
0,70,192,32,2
0,70,193,32,2
0,71,186,32,2
0,71,187,32,2
0,71,188,32,2
0,71,189,32,2
0,71,190,32,2
0,71,191,32,2
0,71,192,32,2
0,71,193,32,2
0,72,186,32,2
0,72,187,32,2
0,72,188,32,2
0,72,189,32,2
0,72,190,32,2
0,72,191,32,2
0,72,192,32,2
0,72,193,32,2
0,73,186,32,2
0,73,187,32,2
0,73,188,32,2
0,73,189,32,2
0,73,190,32,2
0,73,191,32,2
0,73,192,32,2
0,73,193,32,2
0,74,186,32,2
0,74,187,32,2
0,74,188,32,2
0,74,189,32,2
0,74,190,32,2
0,74,191,32,2
0,74,192,32,2
0,74,193,32,2
0,75,186,32,2
0,75,187,32,2
0,75,188,32,2
0,75,189,32,2
0,75,190,32,2
0,75,191,32,2
0,75,192,32,2
0,75,193,32,2
0,76,186,32,2
0,76,187,32,2
0,76,188,32,2
0,76,189,32,2
0,76,190,32,2
0,76,191,32,2
0,76,192,32,2
0,76,193,32,2
0,77,186,32,2
0,77,187,32,2
0,77,188,32,2
0,77,189,32,2
0,77,190,32,2
0,77,191,32,2
0,77,192,32,2
0,77,193,32,2
0,78,186,32,2
0,78,187,32,2
0,78,188,32,2
0,78,189,32,2
0,78,190,32,2
0,78,191,32,2
0,78,192,32,2
0,78,193,32,2
0,79,186,32,2
0,79,187,32,2
0,79,188,32,2
0,79,189,32,2
0,79,190,32,2
0,79,191,32,2
0,79,192,32,2
0,79,193,32,2
0,80,186,32,2
0,80,187,32,2
0,80,188,32,2
0,80,189,32,2
0,80,190,32,2
0,80,191,32,2
0,80,192,32,2
0,80,193,32,2
0,81,186,32,2
0,81,187,32,2
0,81,188,32,2
0,81,189,32,2
0,81,190,32,2
0,81,191,32,2
0,81,192,32,2
0,81,193,32,2
0,82,186,32,2
0,82,187,32,2
0,82,188,32,2
0,82,189,32,2
0,82,190,32,2
0,82,191,32,2
0,82,192,32,2
0,82,193,32,2
0,83,186,32,2
0,83,187,32,2
0,83,188,32,2
0,83,189,32,2
0,83,190,32,2
0,83,191,32,2
0,83,192,32,2
0,83,193,32,2
0,84,186,32,2
0,84,187,32,2
0,84,188,32,2
0,84,189,32,2
0,84,190,32,2
0,84,191,32,2
0,84,192,32,2
0,84,193,32,2
0,85,186,32,2
0,85,187,32,2
0,85,188,32,2
0,85,189,32,2
0,85,190,32,2
0,85,191,32,2
0,85,192,32,2
0,85,193,32,2
0,86,186,32,2
0,86,187,32,2
0,86,188,32,2
0,86,189,32,2
0,86,190,32,2
0,86,191,32,2
0,86,192,32,2
0,86,193,32,2
0,87,186,32,2
0,87,187,32,2
0,87,188,32,2
0,87,189,32,2
0,87,190,32,2
0,87,191,32,2
0,87,192,32,2
0,87,193,32,2
0,88,186,32,2
0,88,187,32,2
0,88,188,32,2
0,88,189,32,2
0,88,190,32,2
0,88,191,32,2
0,88,192,32,2
0,88,193,32,2
0,89,186,32,2
0,89,187,32,2
0,89,188,32,2
0,89,189,32,2
0,89,190,32,2
0,89,191,32,2
0,89,192,32,2
0,89,193,32,2
0,90,186,32,2
0,90,187,32,2
0,90,188,32,2
0,90,189,32,2
0,90,190,32,2
0,90,191,32,2
0,90,192,32,2
0,90,193,32,2
0,91,186,32,2
0,91,187,32,2
0,91,188,32,2
0,91,189,32,2
0,91,190,32,2
0,91,191,32,2
0,91,192,32,2
0,91,193,32,2
0,92,186,32,2
0,92,187,32,2
0,92,188,32,2
0,92,189,32,2
0,92,190,32,2
0,92,191,32,2
0,92,192,32,2
0,92,193,32,2
0,93,186,32,2
0,93,187,32,2
0,93,188,32,2
0,93,189,32,2
0,93,190,32,2
0,93,191,32,2
0,93,192,32,2
0,93,193,32,2
0,94,186,32,2
0,94,187,32,2
0,94,188,32,2
0,94,189,32,2
0,94,190,32,2
0,94,191,32,2
0,94,192,32,2
0,94,193,32,2
0,95,186,32,2
0,95,187,32,2
0,95,188,32,2
0,95,189,32,2
0,95,190,32,2
0,95,191,32,2
0,95,192,32,2
0,95,193,32,2
0,96,186,32,2
0,96,187,32,2
0,96,188,32,2
0,96,189,32,2
0,96,190,32,2
0,96,191,32,2
0,96,192,32,2
0,96,193,32,2
0,97,186,32,2
0,97,187,32,2
0,97,188,32,2
0,97,189,32,2
0,97,190,32,2
0,97,191,32,2
0,97,192,32,2
0,97,193,32,2
0,98,186,32,2
0,98,187,32,2
0,98,188,32,2
0,98,189,32,2
0,98,190,32,2
0,98,191,32,2
0,98,192,32,2
0,98,193,32,2
0,99,186,32,2
0,99,187,32,2
0,99,188,32,2
0,99,189,32,2
0,99,190,32,2
0,99,191,32,2
0,99,192,32,2
0,99,193,32,2
0,100,186,32,2
0,100,187,32,2
0,100,188,32,2
0,100,189,32,2
0,100,190,32,2
0,100,191,32,2
0,100,192,32,2
0,100,193,32,2
0,101,186,32,2
0,101,187,32,2
0,101,188,32,2
0,101,189,32,2
0,101,190,32,2
0,101,191,32,2
0,101,192,32,2
0,101,193,32,2
0,102,186,32,2
0,102,187,32,2
0,102,188,32,2
0,102,189,32,2
0,102,190,32,2
0,102,191,32,2
0,102,192,32,2
0,102,193,32,2
0,103,186,32,2
0,103,187,32,2
0,103,188,32,2
0,103,189,32,2
0,103,190,32,2
0,103,191,32,2
0,103,192,32,2
0,103,193,32,2
0,104,186,32,2
0,104,187,32,2
0,104,188,32,2
0,104,189,32,2
0,104,190,32,2
0,104,191,32,2
0,104,192,32,2
0,104,193,32,2
0,105,186,32,2
0,105,187,32,2
0,105,188,32,2
0,105,189,32,2
0,105,190,32,2
0,105,191,32,2
0,105,192,32,2
0,105,193,32,2
0,106,186,32,2
0,106,187,32,2
0,106,188,32,2
0,106,189,32,2
0,106,190,32,2
0,106,191,32,2
0,106,192,32,2
0,106,193,32,2
0,107,186,32,2
0,107,187,32,2
0,107,188,32,2
0,107,189,32,2
0,107,190,32,2
0,107,191,32,2
0,107,192,32,2
0,107,193,32,2
0,108,186,32,2
0,108,187,32,2
0,108,188,32,2
0,108,189,32,2
0,108,190,32,2
0,108,191,32,2
0,108,192,32,2
0,108,193,32,2
0,109,186,32,2
0,109,187,32,2
0,109,188,32,2
0,109,189,32,2
0,109,190,32,2
0,109,191,32,2
0,109,192,32,2
0,109,193,32,2
0,110,186,32,2
0,110,187,32,2
0,110,188,32,2
0,110,189,32,2
0,110,190,32,2
0,110,191,32,2
0,110,192,32,2
0,110,193,32,2
0,111,186,32,2
0,111,187,32,2
0,111,188,32,2
0,111,189,32,2
0,111,190,32,2
0,111,191,32,2
0,111,192,32,2
0,111,193,32,2
