4,87,200,14,1
4,87,201,14,1
4,87,202,14,1
4,87,203,14,1
4,87,204,14,1
4,87,205,14,1
4,87,206,14,1
4,87,207,14,1
0,89,207,19,1
0,92,207,19,1
0,93,207,19,1
0,94,207,19,1
0,95,207,19,1
0,96,207,19,1
0,97,207,19,1
0,98,207,19,1
0,99,207,19,1
0,100,207,19,1
0,101,207,19,1
0,88,207,20,1
0,88,200,24,1
0,88,201,24,1
0,88,202,24,1
0,88,204,24,1
0,88,205,24,1
0,88,206,24,1
0,88,203,20,1
0,89,203,19,1
0,90,203,20,1
0,91,203,20,1
0,92,203,19,1
0,93,203,19,1
0,94,203,19,1
0,95,203,19,1
0,96,203,19,1
0,97,203,19,1
0,98,203,19,1
0,99,203,19,1
0,100,203,19,1
0,101,203,19,1
0,102,203,19,1
0,103,203,19,1
0,104,203,19,1
0,105,203,19,1
0,102,207,19,1
0,103,207,19,1
0,104,207,19,1
0,105,207,19,1
0,90,204,24,1
0,90,205,24,1
0,90,206,24,1
0,91,204,24,1
0,91,205,24,1
0,91,206,24,1
0,90,200,24,1
0,90,201,24,1
0,90,202,24,1
0,91,200,24,1
0,91,201,24,1
0,91,202,24,1
0,89,200,13,1
0,89,201,13,1
0,89,202,13,1
0,89,204,13,1
0,89,205,13,1
0,89,206,13,1
0,92,200,13,1
0,92,201,13,1
0,92,202,13,1
0,93,200,13,1
0,93,201,13,1
0,93,202,13,1
0,94,200,13,1
0,94,201,13,1
0,94,202,13,1
0,95,200,13,1
0,95,201,13,1
0,95,202,13,1
0,96,200,13,1
0,96,201,13,1
0,96,202,13,1
0,97,200,13,1
0,97,201,13,1
0,97,202,13,1
0,98,200,13,1
0,98,201,13,1
0,98,202,13,1
0,99,200,13,1
0,99,201,13,1
0,99,202,13,1
0,100,200,13,1
0,100,201,13,1
0,100,202,13,1
0,101,200,13,1
0,101,201,13,1
0,101,202,13,1
0,102,200,13,1
0,102,201,13,1
0,102,202,13,1
0,103,200,13,1
0,103,201,13,1
0,103,202,13,1
0,104,200,13,1
0,104,201,13,1
0,104,202,13,1
0,105,200,13,1
0,105,201,13,1
0,105,202,13,1
0,92,204,13,1
0,92,205,13,1
0,92,206,13,1
0,93,204,13,1
0,93,205,13,1
0,93,206,13,1
0,94,204,13,1
0,94,205,13,1
0,94,206,13,1
0,95,204,13,1
0,95,205,13,1
0,95,206,13,1
0,96,204,13,1
0,96,205,13,1
0,96,206,13,1
0,97,204,13,1
0,97,205,13,1
0,97,206,13,1
0,98,204,13,1
0,98,205,13,1
0,98,206,13,1
0,99,204,13,1
0,99,205,13,1
0,99,206,13,1
0,100,204,13,1
0,100,205,13,1
0,100,206,13,1
0,101,204,13,1
0,101,205,13,1
0,101,206,13,1
0,102,204,13,1
0,102,205,13,1
0,102,206,13,1
0,103,204,13,1
0,103,205,13,1
0,103,206,13,1
0,104,204,13,1
0,104,205,13,1
0,104,206,13,1
0,105,204,13,1
0,105,205,13,1
0,105,206,13,1
0,90,207,20,1
0,91,207,20,1
4,87,208,5,1
0,88,208,9,1
0,89,208,9,1
0,90,208,9,1
0,91,208,9,1
0,92,208,9,1
0,93,208,9,1
0,94,208,9,1
0,95,208,9,1
0,96,208,9,1
0,97,208,9,1
0,98,208,9,1
0,99,208,9,1
0,100,208,9,1
0,101,208,9,1
0,102,208,9,1
0,103,208,9,1
0,104,208,9,1
0,105,208,9,1
0,87,210,17,1
0,88,210,17,1
0,89,210,17,1
0,90,210,17,1
0,91,210,17,1
0,92,210,17,1
0,93,210,17,1
0,94,210,17,1
0,95,210,17,1
0,96,210,17,1
0,97,210,17,1
0,98,210,17,1
0,99,210,17,1
0,100,210,17,1
0,101,210,17,1
0,102,210,17,1
0,103,210,17,1
0,104,210,17,1
0,105,210,17,1
5,85,210,15,1
1,86,210,17,1
4,87,211,14,1
4,87,212,14,1
4,87,213,5,1
0,88,213,9,1
0,89,213,9,1
0,90,213,9,1
0,91,213,9,1
0,92,213,9,1
0,93,213,9,1
0,94,213,9,1
0,95,213,9,1
0,96,213,9,1
0,97,213,9,1
0,98,213,9,1
0,99,213,9,1
0,100,213,9,1
0,101,213,9,1
0,102,213,9,1
0,103,213,9,1
0,104,213,9,1
0,105,213,9,1
0,88,211,19,1
0,90,211,19,1
0,91,211,19,1
0,93,211,19,1
0,94,211,19,1
0,95,211,19,1
0,96,211,19,1
0,97,211,19,1
0,98,211,19,1
0,99,211,19,1
0,100,211,19,1
0,101,211,19,1
0,102,211,19,1
0,103,211,19,1
0,104,211,19,1
0,105,211,19,1
0,89,211,20,1
0,92,211,20,1
0,92,212,24,1
0,89,212,24,1
0,88,212,13,1
0,90,212,13,1
0,91,212,13,1
0,93,212,13,1
0,94,212,13,1
0,95,212,13,1
0,96,212,13,1
0,97,212,13,1
0,98,212,13,1
0,99,212,13,1
0,100,212,13,1
0,101,212,13,1
0,102,212,13,1
0,103,212,13,1
0,104,212,13,1
0,105,212,13,1
0,87,215,17,1
0,88,215,17,1
0,89,215,17,1
0,90,215,17,1
0,91,215,17,1
0,92,215,17,1
0,93,215,17,1
0,94,215,17,1
0,95,215,17,1
0,96,215,17,1
0,97,215,17,1
0,98,215,17,1
0,99,215,17,1
0,100,215,17,1
0,101,215,17,1
0,102,215,17,1
0,103,215,17,1
0,104,215,17,1
0,105,215,17,1
5,85,215,15,1
1,86,215,17,1
4,87,216,14,1
5,87,217,5,1
0,88,217,9,1
0,89,217,9,1
0,90,217,9,1
0,91,217,9,1
0,92,217,9,1
0,93,217,9,1
0,94,217,9,1
0,88,216,13,1
0,89,216,13,1
0,90,216,13,1
0,91,216,13,1
0,92,216,13,1
0,93,216,13,1
0,94,216,13,1
0,95,216,13,1
0,96,216,13,1
0,97,216,13,1
0,98,216,13,1
0,99,216,13,1
0,100,216,13,1
0,101,216,13,1
0,102,216,13,1
0,103,216,13,1
0,104,216,13,1
0,105,216,13,1
2,78,200,12,1
2,78,201,12,1
2,78,202,12,1
2,78,203,12,1
2,78,204,12,1
2,78,205,12,1
2,78,206,12,1
2,78,207,12,1
2,78,208,12,1
2,78,209,12,1
2,78,210,12,1
2,78,211,12,1
2,78,212,12,1
2,78,213,12,1
2,78,214,12,1
2,78,215,12,1
2,78,216,12,1
2,78,217,12,1
2,78,218,12,1
0,67,200,13,1
0,67,201,13,1
0,67,202,13,1
0,67,203,13,1
0,67,204,13,1
0,67,205,13,1
0,67,206,13,1
0,67,207,13,1
0,67,208,13,1
0,67,209,13,1
0,67,210,13,1
0,67,211,13,1
0,67,212,13,1
0,67,213,13,1
0,67,214,13,1
0,67,215,13,1
0,67,216,13,1
0,67,217,13,1
0,67,218,13,1
0,68,200,13,1
0,68,201,13,1
0,68,202,13,1
0,68,203,13,1
0,68,204,13,1
0,68,205,13,1
0,68,206,13,1
0,68,207,13,1
0,68,208,13,1
0,68,209,13,1
0,68,210,13,1
0,68,211,13,1
0,68,212,13,1
0,68,213,13,1
0,68,214,13,1
0,68,215,13,1
0,68,216,13,1
0,68,217,13,1
0,68,218,13,1
0,69,200,13,1
0,69,201,13,1
0,69,202,13,1
0,69,203,13,1
0,69,204,13,1
0,69,205,13,1
0,69,206,13,1
0,69,207,13,1
0,69,208,13,1
0,69,209,13,1
0,69,210,13,1
0,69,211,13,1
0,69,212,13,1
0,69,213,13,1
0,69,214,13,1
0,69,215,13,1
0,69,216,13,1
0,69,217,13,1
0,69,218,13,1
0,70,200,13,1
0,70,201,13,1
0,70,202,13,1
0,70,203,13,1
0,70,204,13,1
0,70,205,13,1
0,70,206,13,1
0,70,207,13,1
0,70,208,13,1
0,70,209,13,1
0,70,210,13,1
0,70,211,13,1
0,70,212,13,1
0,70,213,13,1
0,70,214,13,1
0,70,215,13,1
0,70,216,13,1
0,70,217,13,1
0,70,218,13,1
0,71,200,13,1
0,71,201,13,1
0,71,202,13,1
0,71,203,13,1
0,71,204,13,1
0,71,205,13,1
0,71,206,13,1
0,71,207,13,1
0,71,208,13,1
0,71,209,13,1
0,71,210,13,1
0,71,211,13,1
0,71,212,13,1
0,71,213,13,1
0,71,214,13,1
0,71,215,13,1
0,71,216,13,1
0,71,217,13,1
0,71,218,13,1
0,72,200,13,1
0,72,201,13,1
0,72,202,13,1
0,72,203,13,1
0,72,204,13,1
0,72,205,13,1
0,72,206,13,1
0,72,207,13,1
0,72,208,13,1
0,72,209,13,1
0,72,210,13,1
0,72,211,13,1
0,72,212,13,1
0,72,213,13,1
0,72,214,13,1
0,72,215,13,1
0,72,216,13,1
0,72,217,13,1
0,72,218,13,1
0,73,200,13,1
0,73,201,13,1
0,73,202,13,1
0,73,203,13,1
0,73,204,13,1
0,73,205,13,1
0,73,206,13,1
0,73,207,13,1
0,73,208,13,1
0,73,209,13,1
0,73,210,13,1
0,73,211,13,1
0,73,212,13,1
0,73,213,13,1
0,73,214,13,1
0,73,215,13,1
0,73,216,13,1
0,73,217,13,1
0,73,218,13,1
0,74,200,13,1
0,74,201,13,1
0,74,202,13,1
0,74,203,13,1
0,74,204,13,1
0,74,205,13,1
0,74,206,13,1
0,74,207,13,1
0,74,208,13,1
0,74,209,13,1
0,74,210,13,1
0,74,211,13,1
0,74,212,13,1
0,74,213,13,1
0,74,214,13,1
0,74,215,13,1
0,74,216,13,1
0,74,217,13,1
0,74,218,13,1
0,75,200,13,1
0,75,201,13,1
0,75,202,13,1
0,75,203,13,1
0,75,204,13,1
0,75,205,13,1
0,75,206,13,1
0,75,207,13,1
0,75,208,13,1
0,75,209,13,1
0,75,210,13,1
0,75,211,13,1
0,75,212,13,1
0,75,213,13,1
0,75,214,13,1
0,75,215,13,1
0,75,216,13,1
0,75,217,13,1
0,75,218,13,1
0,76,200,13,1
0,76,201,13,1
0,76,202,13,1
0,76,203,13,1
0,76,204,13,1
0,76,205,13,1
0,76,206,13,1
0,76,207,13,1
0,76,208,13,1
0,76,209,13,1
0,76,210,13,1
0,76,211,13,1
0,76,212,13,1
0,76,213,13,1
0,76,214,13,1
0,76,215,13,1
0,76,216,13,1
0,76,217,13,1
0,76,218,13,1
0,77,200,13,1
0,77,201,13,1
0,77,202,13,1
0,77,203,13,1
0,77,204,13,1
0,77,205,13,1
0,77,206,13,1
0,77,207,13,1
0,77,208,13,1
0,77,209,13,1
0,77,210,13,1
0,77,211,13,1
0,77,212,13,1
0,77,213,13,1
0,77,214,13,1
0,77,215,13,1
0,77,216,13,1
0,77,217,13,1
0,95,217,10,1
0,95,218,14,1
0,95,219,14,1
0,95,223,14,1
0,96,217,13,1
0,96,218,13,1
0,96,219,13,1
0,96,223,13,1
0,97,217,13,1
0,97,218,13,1
0,97,219,13,1
0,97,223,13,1
0,98,217,13,1
0,98,218,13,1
0,98,219,13,1
0,98,223,13,1
0,99,217,13,1
0,99,218,13,1
0,99,219,13,1
0,99,223,13,1
0,100,217,13,1
0,100,218,13,1
0,100,219,13,1
0,100,223,13,1
0,101,217,13,1
0,101,218,13,1
0,101,219,13,1
0,101,223,13,1
0,102,217,13,1
0,102,218,13,1
0,102,219,13,1
0,102,223,13,1
0,103,217,13,1
0,103,218,13,1
0,103,219,13,1
0,103,223,13,1
0,104,217,13,1
0,104,218,13,1
0,104,219,13,1
0,104,223,13,1
0,105,217,13,1
0,105,218,13,1
0,105,219,13,1
0,105,223,13,1
2,78,219,12,1
2,78,220,12,1
2,78,221,12,1
2,78,222,12,1
2,78,223,12,1
0,67,219,13,1
0,67,220,13,1
0,67,221,13,1
0,67,222,13,1
0,67,223,13,1
0,68,219,13,1
0,68,220,13,1
0,68,221,13,1
0,68,222,13,1
0,68,223,13,1
0,69,219,13,1
0,69,220,13,1
0,69,221,13,1
0,69,222,13,1
0,69,223,13,1
0,70,219,13,1
0,70,220,13,1
0,70,221,13,1
0,70,222,13,1
0,70,223,13,1
0,71,219,13,1
0,71,220,13,1
0,71,221,13,1
0,71,222,13,1
0,71,223,13,1
0,72,219,13,1
0,72,220,13,1
0,72,221,13,1
0,72,222,13,1
0,72,223,13,1
0,73,219,13,1
0,73,220,13,1
0,73,221,13,1
0,73,222,13,1
0,73,223,13,1
0,74,219,13,1
0,74,220,13,1
0,74,221,13,1
0,74,222,13,1
0,74,223,13,1
0,75,219,13,1
0,75,220,13,1
0,75,221,13,1
0,75,222,13,1
0,75,223,13,1
0,76,219,13,1
0,76,220,13,1
0,76,221,13,1
0,76,222,13,1
0,76,223,13,1
0,77,218,13,1
0,77,219,13,1
0,77,220,13,1
0,77,221,13,1
0,77,222,13,1
0,77,223,13,1
0,79,224,17,1
0,80,224,17,1
0,81,224,17,1
0,82,224,17,1
0,83,224,17,1
0,84,224,17,1
0,85,224,17,1
0,86,224,2,1
0,86,225,6,1
0,79,225,9,1
0,80,225,9,1
0,81,225,9,1
0,82,225,9,1
0,83,225,9,1
0,84,225,9,1
0,85,225,9,1
0,78,224,16,1
0,78,225,8,1
0,67,224,13,1
0,67,225,13,1
0,68,224,13,1
0,68,225,13,1
0,69,224,13,1
0,69,225,13,1
0,70,224,13,1
0,70,225,13,1
0,71,224,13,1
0,71,225,13,1
0,72,224,13,1
0,72,225,13,1
0,73,224,13,1
0,73,225,13,1
0,74,224,13,1
0,74,225,13,1
0,75,224,13,1
0,75,225,13,1
0,76,224,13,1
0,76,225,13,1
0,77,224,13,1
0,77,225,13,1
0,95,222,1,1
0,95,224,5,1
0,95,220,5,1
0,96,220,9,1
0,97,220,9,1
0,98,220,9,1
0,99,220,9,1
0,100,220,9,1
0,101,220,9,1
0,102,220,9,1
0,103,220,9,1
0,104,220,9,1
0,105,220,9,1
0,96,222,17,1
0,97,222,17,1
0,98,222,17,1
0,99,222,17,1
0,100,222,17,1
0,101,222,17,1
0,102,222,17,1
0,103,222,17,1
0,104,222,17,1
0,105,222,17,1
0,96,224,9,1
0,97,224,9,1
0,98,224,9,1
0,99,224,9,1
0,100,224,9,1
0,101,224,9,1
0,102,224,9,1
0,103,224,9,1
0,104,224,9,1
0,105,224,9,1
0,62,200,32,2
0,62,201,32,2
0,62,202,32,2
0,62,203,32,2
0,62,204,32,2
0,62,205,32,2
0,62,206,32,2
0,62,207,32,2
0,62,208,32,2
0,62,209,32,2
0,62,210,32,2
0,62,211,32,2
0,62,212,32,2
0,62,213,32,2
0,62,214,32,2
0,62,215,32,2
0,62,216,32,2
0,62,217,32,2
0,62,218,32,2
0,63,200,32,2
0,63,201,32,2
0,63,202,32,2
0,63,203,32,2
0,63,204,32,2
0,63,205,32,2
0,63,206,32,2
0,63,207,32,2
0,63,208,32,2
0,63,209,32,2
0,63,210,32,2
0,63,211,32,2
0,63,212,32,2
0,63,213,32,2
0,63,214,32,2
0,63,215,32,2
0,63,216,32,2
0,63,217,32,2
0,63,218,32,2
0,64,200,32,2
0,64,201,32,2
0,64,202,32,2
0,64,203,32,2
0,64,204,32,2
0,64,205,32,2
0,64,206,32,2
0,64,207,32,2
0,64,208,32,2
0,64,209,32,2
0,64,210,32,2
0,64,211,32,2
0,64,212,32,2
0,64,213,32,2
0,64,214,32,2
0,64,215,32,2
0,64,216,32,2
0,64,217,32,2
0,64,218,32,2
0,65,200,32,2
0,65,201,32,2
0,65,202,32,2
0,65,203,32,2
0,65,204,32,2
0,65,205,32,2
0,65,206,32,2
0,65,207,32,2
0,65,208,32,2
0,65,209,32,2
0,65,210,32,2
0,65,211,32,2
0,65,212,32,2
0,65,213,32,2
0,65,214,32,2
0,65,215,32,2
0,65,216,32,2
0,65,217,32,2
0,65,218,32,2
0,66,200,32,2
0,66,201,32,2
0,66,202,32,2
0,66,203,32,2
0,66,204,32,2
0,66,205,32,2
0,66,206,32,2
0,66,207,32,2
0,66,208,32,2
0,66,209,32,2
0,66,210,32,2
0,66,211,32,2
0,66,212,32,2
0,66,213,32,2
0,66,214,32,2
0,66,215,32,2
0,66,216,32,2
0,66,217,32,2
0,66,218,32,2
0,67,200,32,2
0,67,201,32,2
0,67,202,32,2
0,67,203,32,2
0,67,204,32,2
0,67,205,32,2
0,67,206,32,2
0,67,207,32,2
0,67,208,32,2
0,67,209,32,2
0,67,210,32,2
0,67,211,32,2
0,67,212,32,2
0,67,213,32,2
0,67,214,32,2
0,67,215,32,2
0,67,216,32,2
0,67,217,32,2
0,67,218,32,2
0,68,200,32,2
0,68,201,32,2
0,68,202,32,2
0,68,203,32,2
0,68,204,32,2
0,68,205,32,2
0,68,206,32,2
0,68,207,32,2
0,68,208,32,2
0,68,209,32,2
0,68,210,32,2
0,68,211,32,2
0,68,212,32,2
0,68,213,32,2
0,68,214,32,2
0,68,215,32,2
0,68,216,32,2
0,68,217,32,2
0,68,218,32,2
0,69,200,32,2
0,69,201,32,2
0,69,202,32,2
0,69,203,32,2
0,69,204,32,2
0,69,205,32,2
0,69,206,32,2
0,69,207,32,2
0,69,208,32,2
0,69,209,32,2
0,69,210,32,2
0,69,211,32,2
0,69,212,32,2
0,69,213,32,2
0,69,214,32,2
0,69,215,32,2
0,69,216,32,2
0,69,217,32,2
0,69,218,32,2
0,70,200,32,2
0,70,201,32,2
0,70,202,32,2
0,70,203,32,2
0,70,204,32,2
0,70,205,32,2
0,70,206,32,2
0,70,207,32,2
0,70,208,32,2
0,70,209,32,2
0,70,210,32,2
0,70,211,32,2
0,70,212,32,2
0,70,213,32,2
0,70,214,32,2
0,70,215,32,2
0,70,216,32,2
0,70,217,32,2
0,70,218,32,2
0,71,200,32,2
0,71,201,32,2
0,71,202,32,2
0,71,203,32,2
0,71,204,32,2
0,71,205,32,2
0,71,206,32,2
0,71,207,32,2
0,71,208,32,2
0,71,209,32,2
0,71,210,32,2
0,71,211,32,2
0,71,212,32,2
0,71,213,32,2
0,71,214,32,2
0,71,215,32,2
0,71,216,32,2
0,71,217,32,2
0,71,218,32,2
0,72,200,32,2
0,72,201,32,2
0,72,202,32,2
0,72,203,32,2
0,72,204,32,2
0,72,205,32,2
0,72,206,32,2
0,72,207,32,2
0,72,208,32,2
0,72,209,32,2
0,72,210,32,2
0,72,211,32,2
0,72,212,32,2
0,72,213,32,2
0,72,214,32,2
0,72,215,32,2
0,72,216,32,2
0,72,217,32,2
0,72,218,32,2
0,73,200,32,2
0,73,201,32,2
0,73,202,32,2
0,73,203,32,2
0,73,204,32,2
0,73,205,32,2
0,73,206,32,2
0,73,207,32,2
0,73,208,32,2
0,73,209,32,2
0,73,210,32,2
0,73,211,32,2
0,73,212,32,2
0,73,213,32,2
0,73,214,32,2
0,73,215,32,2
0,73,216,32,2
0,73,217,32,2
0,73,218,32,2
0,74,200,32,2
0,74,201,32,2
0,74,202,32,2
0,74,203,32,2
0,74,204,32,2
0,74,205,32,2
0,74,206,32,2
0,74,207,32,2
0,74,208,32,2
0,74,209,32,2
0,74,210,32,2
0,74,211,32,2
0,74,212,32,2
0,74,213,32,2
0,74,214,32,2
0,74,215,32,2
0,74,216,32,2
0,74,217,32,2
0,74,218,32,2
0,75,200,32,2
0,75,201,32,2
0,75,202,32,2
0,75,203,32,2
0,75,204,32,2
0,75,205,32,2
0,75,206,32,2
0,75,207,32,2
0,75,208,32,2
0,75,209,32,2
0,75,210,32,2
0,75,211,32,2
0,75,212,32,2
0,75,213,32,2
0,75,214,32,2
0,75,215,32,2
0,75,216,32,2
0,75,217,32,2
0,75,218,32,2
0,76,200,32,2
0,76,201,32,2
0,76,202,32,2
0,76,203,32,2
0,76,204,32,2
0,76,205,32,2
0,76,206,32,2
0,76,207,32,2
0,76,208,32,2
0,76,209,32,2
0,76,210,32,2
0,76,211,32,2
0,76,212,32,2
0,76,213,32,2
0,76,214,32,2
0,76,215,32,2
0,76,216,32,2
0,76,217,32,2
0,76,218,32,2
0,77,200,32,2
0,77,201,32,2
0,77,202,32,2
0,77,203,32,2
0,77,204,32,2
0,77,205,32,2
0,77,206,32,2
0,77,207,32,2
0,77,208,32,2
0,77,209,32,2
0,77,210,32,2
0,77,211,32,2
0,77,212,32,2
0,77,213,32,2
0,77,214,32,2
0,77,215,32,2
0,77,216,32,2
0,77,217,32,2
0,77,218,32,2
0,78,200,32,2
0,78,201,32,2
0,78,202,32,2
0,78,203,32,2
0,78,204,32,2
0,78,205,32,2
0,78,206,32,2
0,78,207,32,2
0,78,208,32,2
0,78,209,32,2
0,78,210,32,2
0,78,211,32,2
0,78,212,32,2
0,78,213,32,2
0,78,214,32,2
0,78,215,32,2
0,78,216,32,2
0,78,217,32,2
0,78,218,32,2
0,79,200,32,2
0,79,201,32,2
0,79,202,32,2
0,79,203,32,2
0,79,204,32,2
0,79,205,32,2
0,79,206,32,2
0,79,207,32,2
0,79,208,32,2
0,79,209,32,2
0,79,210,32,2
0,79,211,32,2
0,79,212,32,2
0,79,213,32,2
0,79,214,32,2
0,79,215,32,2
0,79,216,32,2
0,79,217,32,2
0,79,218,32,2
0,80,200,32,2
0,80,201,32,2
0,80,202,32,2
0,80,203,32,2
0,80,204,32,2
0,80,205,32,2
0,80,206,32,2
0,80,207,32,2
0,80,208,32,2
0,80,209,32,2
0,80,210,32,2
0,80,211,32,2
0,80,212,32,2
0,80,213,32,2
0,80,214,32,2
0,80,215,32,2
0,80,216,32,2
0,80,217,32,2
0,80,218,32,2
0,81,200,32,2
0,81,201,32,2
0,81,202,32,2
0,81,203,32,2
0,81,204,32,2
0,81,205,32,2
0,81,206,32,2
0,81,207,32,2
0,81,208,32,2
0,81,209,32,2
0,81,210,32,2
0,81,211,32,2
0,81,212,32,2
0,81,213,32,2
0,81,214,32,2
0,81,215,32,2
0,81,216,32,2
0,81,217,32,2
0,81,218,32,2
0,82,200,32,2
0,82,201,32,2
0,82,202,32,2
0,82,203,32,2
0,82,204,32,2
0,82,205,32,2
0,82,206,32,2
0,82,207,32,2
0,82,208,32,2
0,82,209,32,2
0,82,210,32,2
0,82,211,32,2
0,82,212,32,2
0,82,213,32,2
0,82,214,32,2
0,82,215,32,2
0,82,216,32,2
0,82,217,32,2
0,82,218,32,2
0,83,200,32,2
0,83,201,32,2
0,83,202,32,2
0,83,203,32,2
0,83,204,32,2
0,83,205,32,2
0,83,206,32,2
0,83,207,32,2
0,83,208,32,2
0,83,209,32,2
0,83,210,32,2
0,83,211,32,2
0,83,212,32,2
0,83,213,32,2
0,83,214,32,2
0,83,215,32,2
0,83,216,32,2
0,83,217,32,2
0,83,218,32,2
0,84,200,32,2
0,84,201,32,2
0,84,202,32,2
0,84,203,32,2
0,84,204,32,2
0,84,205,32,2
0,84,206,32,2
0,84,207,32,2
0,84,208,32,2
0,84,209,32,2
0,84,210,32,2
0,84,211,32,2
0,84,212,32,2
0,84,213,32,2
0,84,214,32,2
0,84,215,32,2
0,84,216,32,2
0,84,217,32,2
0,84,218,32,2
0,85,200,32,2
0,85,201,32,2
0,85,202,32,2
0,85,203,32,2
0,85,204,32,2
0,85,205,32,2
0,85,206,32,2
0,85,207,32,2
0,85,208,32,2
0,85,209,32,2
0,85,210,32,2
0,85,211,32,2
0,85,212,32,2
0,85,213,32,2
0,85,214,32,2
0,85,215,32,2
0,85,216,32,2
0,85,217,32,2
0,85,218,32,2
0,86,200,32,2
0,86,201,32,2
0,86,202,32,2
0,86,203,32,2
0,86,204,32,2
0,86,205,32,2
0,86,206,32,2
0,86,207,32,2
0,86,208,32,2
0,86,209,32,2
0,86,210,32,2
0,86,211,32,2
0,86,212,32,2
0,86,213,32,2
0,86,214,32,2
0,86,215,32,2
0,86,216,32,2
0,86,217,32,2
0,86,218,32,2
0,87,200,32,2
0,87,201,32,2
0,87,202,32,2
0,87,203,32,2
0,87,204,32,2
0,87,205,32,2
0,87,206,32,2
0,87,207,32,2
0,87,208,32,2
0,87,209,32,2
0,87,210,32,2
0,87,211,32,2
0,87,212,32,2
0,87,213,32,2
0,87,214,32,2
0,87,215,32,2
0,87,216,32,2
0,87,217,32,2
0,87,218,32,2
0,88,200,32,2
0,88,201,32,2
0,88,202,32,2
0,88,203,32,2
0,88,204,32,2
0,88,205,32,2
0,88,206,32,2
0,88,207,32,2
0,88,208,32,2
0,88,209,32,2
0,88,210,32,2
0,88,211,32,2
0,88,212,32,2
0,88,213,32,2
0,88,214,32,2
0,88,215,32,2
0,88,216,32,2
0,88,217,32,2
0,88,218,32,2
0,89,200,32,2
0,89,201,32,2
0,89,202,32,2
0,89,203,32,2
0,89,204,32,2
0,89,205,32,2
0,89,206,32,2
0,89,207,32,2
0,89,208,32,2
0,89,209,32,2
0,89,210,32,2
0,89,211,32,2
0,89,212,32,2
0,89,213,32,2
0,89,214,32,2
0,89,215,32,2
0,89,216,32,2
0,89,217,32,2
0,89,218,32,2
0,90,200,32,2
0,90,201,32,2
0,90,202,32,2
0,90,203,32,2
0,90,204,32,2
0,90,205,32,2
0,90,206,32,2
0,90,207,32,2
0,90,208,32,2
0,90,209,32,2
0,90,210,32,2
0,90,211,32,2
0,90,212,32,2
0,90,213,32,2
0,90,214,32,2
0,90,215,32,2
0,90,216,32,2
0,90,217,32,2
0,90,218,32,2
0,91,200,32,2
0,91,201,32,2
0,91,202,32,2
0,91,203,32,2
0,91,204,32,2
0,91,205,32,2
0,91,206,32,2
0,91,207,32,2
0,91,208,32,2
0,91,209,32,2
0,91,210,32,2
0,91,211,32,2
0,91,212,32,2
0,91,213,32,2
0,91,214,32,2
0,91,215,32,2
0,91,216,32,2
0,91,217,32,2
0,91,218,32,2
0,92,200,32,2
0,92,201,32,2
0,92,202,32,2
0,92,203,32,2
0,92,204,32,2
0,92,205,32,2
0,92,206,32,2
0,92,207,32,2
0,92,208,32,2
0,92,209,32,2
0,92,210,32,2
0,92,211,32,2
0,92,212,32,2
0,92,213,32,2
0,92,214,32,2
0,92,215,32,2
0,92,216,32,2
0,92,217,32,2
0,92,218,32,2
0,93,200,32,2
0,93,201,32,2
0,93,202,32,2
0,93,203,32,2
0,93,204,32,2
0,93,205,32,2
0,93,206,32,2
0,93,207,32,2
0,93,208,32,2
0,93,209,32,2
0,93,210,32,2
0,93,211,32,2
0,93,212,32,2
0,93,213,32,2
0,93,214,32,2
0,93,215,32,2
0,93,216,32,2
0,93,217,32,2
0,93,218,32,2
0,94,200,32,2
0,94,201,32,2
0,94,202,32,2
0,94,203,32,2
0,94,204,32,2
0,94,205,32,2
0,94,206,32,2
0,94,207,32,2
0,94,208,32,2
0,94,209,32,2
0,94,210,32,2
0,94,211,32,2
0,94,212,32,2
0,94,213,32,2
0,94,214,32,2
0,94,215,32,2
0,94,216,32,2
0,94,217,32,2
0,94,218,32,2
0,95,200,32,2
0,95,201,32,2
0,95,202,32,2
0,95,203,32,2
0,95,204,32,2
0,95,205,32,2
0,95,206,32,2
0,95,207,32,2
0,95,208,32,2
0,95,209,32,2
0,95,210,32,2
0,95,211,32,2
0,95,212,32,2
0,95,213,32,2
0,95,214,32,2
0,95,215,32,2
0,95,216,32,2
0,95,217,32,2
0,95,218,32,2
0,96,200,32,2
0,96,201,32,2
0,96,202,32,2
0,96,203,32,2
0,96,204,32,2
0,96,205,32,2
0,96,206,32,2
0,96,207,32,2
0,96,208,32,2
0,96,209,32,2
0,96,210,32,2
0,96,211,32,2
0,96,212,32,2
0,96,213,32,2
0,96,214,32,2
0,96,215,32,2
0,96,216,32,2
0,96,217,32,2
0,96,218,32,2
0,97,200,32,2
0,97,201,32,2
0,97,202,32,2
0,97,203,32,2
0,97,204,32,2
0,97,205,32,2
0,97,206,32,2
0,97,207,32,2
0,97,208,32,2
0,97,209,32,2
0,97,210,32,2
0,97,211,32,2
0,97,212,32,2
0,97,213,32,2
0,97,214,32,2
0,97,215,32,2
0,97,216,32,2
0,97,217,32,2
0,97,218,32,2
0,98,200,32,2
0,98,201,32,2
0,98,202,32,2
0,98,203,32,2
0,98,204,32,2
0,98,205,32,2
0,98,206,32,2
0,98,207,32,2
0,98,208,32,2
0,98,209,32,2
0,98,210,32,2
0,98,211,32,2
0,98,212,32,2
0,98,213,32,2
0,98,214,32,2
0,98,215,32,2
0,98,216,32,2
0,98,217,32,2
0,98,218,32,2
0,99,200,32,2
0,99,201,32,2
0,99,202,32,2
0,99,203,32,2
0,99,204,32,2
0,99,205,32,2
0,99,206,32,2
0,99,207,32,2
0,99,208,32,2
0,99,209,32,2
0,99,210,32,2
0,99,211,32,2
0,99,212,32,2
0,99,213,32,2
0,99,214,32,2
0,99,215,32,2
0,99,216,32,2
0,99,217,32,2
0,99,218,32,2
0,100,200,32,2
0,100,201,32,2
0,100,202,32,2
0,100,203,32,2
0,100,204,32,2
0,100,205,32,2
0,100,206,32,2
0,100,207,32,2
0,100,208,32,2
0,100,209,32,2
0,100,210,32,2
0,100,211,32,2
0,100,212,32,2
0,100,213,32,2
0,100,214,32,2
0,100,215,32,2
0,100,216,32,2
0,100,217,32,2
0,100,218,32,2
0,101,200,32,2
0,101,201,32,2
0,101,202,32,2
0,101,203,32,2
0,101,204,32,2
0,101,205,32,2
0,101,206,32,2
0,101,207,32,2
0,101,208,32,2
0,101,209,32,2
0,101,210,32,2
0,101,211,32,2
0,101,212,32,2
0,101,213,32,2
0,101,214,32,2
0,101,215,32,2
0,101,216,32,2
0,101,217,32,2
0,101,218,32,2
0,102,200,32,2
0,102,201,32,2
0,102,202,32,2
0,102,203,32,2
0,102,204,32,2
0,102,205,32,2
0,102,206,32,2
0,102,207,32,2
0,102,208,32,2
0,102,209,32,2
0,102,210,32,2
0,102,211,32,2
0,102,212,32,2
0,102,213,32,2
0,102,214,32,2
0,102,215,32,2
0,102,216,32,2
0,102,217,32,2
0,102,218,32,2
0,103,200,32,2
0,103,201,32,2
0,103,202,32,2
0,103,203,32,2
0,103,204,32,2
0,103,205,32,2
0,103,206,32,2
0,103,207,32,2
0,103,208,32,2
0,103,209,32,2
0,103,210,32,2
0,103,211,32,2
0,103,212,32,2
0,103,213,32,2
0,103,214,32,2
0,103,215,32,2
0,103,216,32,2
0,103,217,32,2
0,103,218,32,2
0,104,200,32,2
0,104,201,32,2
0,104,202,32,2
0,104,203,32,2
0,104,204,32,2
0,104,205,32,2
0,104,206,32,2
0,104,207,32,2
0,104,208,32,2
0,104,209,32,2
0,104,210,32,2
0,104,211,32,2
0,104,212,32,2
0,104,213,32,2
0,104,214,32,2
0,104,215,32,2
0,104,216,32,2
0,104,217,32,2
0,104,218,32,2
0,105,200,32,2
0,105,201,32,2
0,105,202,32,2
0,105,203,32,2
0,105,204,32,2
0,105,205,32,2
0,105,206,32,2
0,105,207,32,2
0,105,208,32,2
0,105,209,32,2
0,105,210,32,2
0,105,211,32,2
0,105,212,32,2
0,105,213,32,2
0,105,214,32,2
0,105,215,32,2
0,105,216,32,2
0,105,217,32,2
0,105,218,32,2
0,106,200,32,2
0,106,201,32,2
0,106,202,32,2
0,106,203,32,2
0,106,204,32,2
0,106,205,32,2
0,106,206,32,2
0,106,207,32,2
0,106,208,32,2
0,106,209,32,2
0,106,210,32,2
0,106,211,32,2
0,106,212,32,2
0,106,213,32,2
0,106,214,32,2
0,106,215,32,2
0,106,216,32,2
0,106,217,32,2
0,106,218,32,2
0,107,200,32,2
0,107,201,32,2
0,107,202,32,2
0,107,203,32,2
0,107,204,32,2
0,107,205,32,2
0,107,206,32,2
0,107,207,32,2
0,107,208,32,2
0,107,209,32,2
0,107,210,32,2
0,107,211,32,2
0,107,212,32,2
0,107,213,32,2
0,107,214,32,2
0,107,215,32,2
0,107,216,32,2
0,107,217,32,2
0,107,218,32,2
0,108,200,32,2
0,108,201,32,2
0,108,202,32,2
0,108,203,32,2
0,108,204,32,2
0,108,205,32,2
0,108,206,32,2
0,108,207,32,2
0,108,208,32,2
0,108,209,32,2
0,108,210,32,2
0,108,211,32,2
0,108,212,32,2
0,108,213,32,2
0,108,214,32,2
0,108,215,32,2
0,108,216,32,2
0,108,217,32,2
0,108,218,32,2
0,66,219,32,2
0,66,220,32,2
0,66,221,32,2
0,66,222,32,2
0,66,223,32,2
0,66,224,32,2
0,67,219,32,2
0,67,220,32,2
0,67,221,32,2
0,67,222,32,2
0,67,223,32,2
0,67,224,32,2
0,68,219,32,2
0,68,220,32,2
0,68,221,32,2
0,68,222,32,2
0,68,223,32,2
0,68,224,32,2
0,69,219,32,2
0,69,220,32,2
0,69,221,32,2
0,69,222,32,2
0,69,223,32,2
0,69,224,32,2
0,70,219,32,2
0,70,220,32,2
0,70,221,32,2
0,70,222,32,2
0,70,223,32,2
0,70,224,32,2
0,71,219,32,2
0,71,220,32,2
0,71,221,32,2
0,71,222,32,2
0,71,223,32,2
0,71,224,32,2
0,72,219,32,2
0,72,220,32,2
0,72,221,32,2
0,72,222,32,2
0,72,223,32,2
0,72,224,32,2
0,73,219,32,2
0,73,220,32,2
0,73,221,32,2
0,73,222,32,2
0,73,223,32,2
0,73,224,32,2
0,74,219,32,2
0,74,220,32,2
0,74,221,32,2
0,74,222,32,2
0,74,223,32,2
0,74,224,32,2
0,75,219,32,2
0,75,220,32,2
0,75,221,32,2
0,75,222,32,2
0,75,223,32,2
0,75,224,32,2
0,76,219,32,2
0,76,220,32,2
0,76,221,32,2
0,76,222,32,2
0,76,223,32,2
0,76,224,32,2
0,77,219,32,2
0,77,220,32,2
0,77,221,32,2
0,77,222,32,2
0,77,223,32,2
0,77,224,32,2
0,78,219,32,2
0,78,220,32,2
0,78,221,32,2
0,78,222,32,2
0,78,223,32,2
0,78,224,32,2
0,79,219,32,2
0,79,220,32,2
0,79,221,32,2
0,79,222,32,2
0,79,223,32,2
0,79,224,32,2
0,80,219,32,2
0,80,220,32,2
0,80,221,32,2
0,80,222,32,2
0,80,223,32,2
0,80,224,32,2
0,81,219,32,2
0,81,220,32,2
0,81,221,32,2
0,81,222,32,2
0,81,223,32,2
0,81,224,32,2
0,82,219,32,2
0,82,220,32,2
0,82,221,32,2
0,82,222,32,2
0,82,223,32,2
0,82,224,32,2
0,83,219,32,2
0,83,220,32,2
0,83,221,32,2
0,83,222,32,2
0,83,223,32,2
0,83,224,32,2
0,84,219,32,2
0,84,220,32,2
0,84,221,32,2
0,84,222,32,2
0,84,223,32,2
0,84,224,32,2
0,85,219,32,2
0,85,220,32,2
0,85,221,32,2
0,85,222,32,2
0,85,223,32,2
0,85,224,32,2
0,86,219,32,2
0,86,220,32,2
0,86,221,32,2
0,86,222,32,2
0,86,223,32,2
0,86,224,32,2
0,87,219,32,2
0,87,220,32,2
0,87,221,32,2
0,87,222,32,2
0,87,223,32,2
0,87,224,32,2
0,88,219,32,2
0,88,220,32,2
0,88,221,32,2
0,88,222,32,2
0,88,223,32,2
0,88,224,32,2
0,89,219,32,2
0,89,220,32,2
0,89,221,32,2
0,89,222,32,2
0,89,223,32,2
0,89,224,32,2
0,90,219,32,2
0,90,220,32,2
0,90,221,32,2
0,90,222,32,2
0,90,223,32,2
0,90,224,32,2
0,91,219,32,2
0,91,220,32,2
0,91,221,32,2
0,91,222,32,2
0,91,223,32,2
0,91,224,32,2
0,92,219,32,2
0,92,220,32,2
0,92,221,32,2
0,92,222,32,2
0,92,223,32,2
0,92,224,32,2
0,93,219,32,2
0,93,220,32,2
0,93,221,32,2
0,93,222,32,2
0,93,223,32,2
0,93,224,32,2
0,94,219,32,2
0,94,220,32,2
0,94,221,32,2
0,94,222,32,2
0,94,223,32,2
0,94,224,32,2
0,95,219,32,2
0,95,220,32,2
0,95,221,32,2
0,95,222,32,2
0,95,223,32,2
0,95,224,32,2
0,96,219,32,2
0,96,220,32,2
0,96,221,32,2
0,96,222,32,2
0,96,223,32,2
0,96,224,32,2
0,97,219,32,2
0,97,220,32,2
0,97,221,32,2
0,97,222,32,2
0,97,223,32,2
0,97,224,32,2
0,98,219,32,2
0,98,220,32,2
0,98,221,32,2
0,98,222,32,2
0,98,223,32,2
0,98,224,32,2
0,99,219,32,2
0,99,220,32,2
0,99,221,32,2
0,99,222,32,2
0,99,223,32,2
0,99,224,32,2
0,100,219,32,2
0,100,220,32,2
0,100,221,32,2
0,100,222,32,2
0,100,223,32,2
0,100,224,32,2
0,101,219,32,2
0,101,220,32,2
0,101,221,32,2
0,101,222,32,2
0,101,223,32,2
0,101,224,32,2
0,102,219,32,2
0,102,220,32,2
0,102,221,32,2
0,102,222,32,2
0,102,223,32,2
0,102,224,32,2
0,103,219,32,2
0,103,220,32,2
0,103,221,32,2
0,103,222,32,2
0,103,223,32,2
0,103,224,32,2
0,104,219,32,2
0,104,220,32,2
0,104,221,32,2
0,104,222,32,2
0,104,223,32,2
0,104,224,32,2
0,105,219,32,2
0,105,220,32,2
0,105,221,32,2
0,105,222,32,2
0,105,223,32,2
0,105,224,32,2
0,106,219,32,2
0,106,220,32,2
0,106,221,32,2
0,106,222,32,2
0,106,223,32,2
0,106,224,32,2
0,107,219,32,2
0,107,220,32,2
0,107,221,32,2
0,107,222,32,2
0,107,223,32,2
0,107,224,32,2
0,108,219,32,2
0,108,220,32,2
0,108,221,32,2
0,108,222,32,2
0,108,223,32,2
0,108,224,32,2
0,66,225,32,2
0,66,226,32,2
0,66,227,32,2
0,66,228,32,2
0,67,225,32,2
0,67,226,32,2
0,67,227,32,2
0,67,228,32,2
0,68,225,32,2
0,68,226,32,2
0,68,227,32,2
0,68,228,32,2
0,69,225,32,2
0,69,226,32,2
0,69,227,32,2
0,69,228,32,2
0,70,225,32,2
0,70,226,32,2
0,70,227,32,2
0,70,228,32,2
0,71,225,32,2
0,71,226,32,2
0,71,227,32,2
0,71,228,32,2
0,72,225,32,2
0,72,226,32,2
0,72,227,32,2
0,72,228,32,2
0,73,225,32,2
0,73,226,32,2
0,73,227,32,2
0,73,228,32,2
0,74,225,32,2
0,74,226,32,2
0,74,227,32,2
0,74,228,32,2
0,75,225,32,2
0,75,226,32,2
0,75,227,32,2
0,75,228,32,2
0,76,225,32,2
0,76,226,32,2
0,76,227,32,2
0,76,228,32,2
0,77,225,32,2
0,77,226,32,2
0,77,227,32,2
0,77,228,32,2
0,78,225,32,2
0,78,226,32,2
0,78,227,32,2
0,78,228,32,2
0,79,225,32,2
0,79,226,32,2
0,79,227,32,2
0,79,228,32,2
0,80,225,32,2
0,80,226,32,2
0,80,227,32,2
0,80,228,32,2
0,81,225,32,2
0,81,226,32,2
0,81,227,32,2
0,81,228,32,2
0,82,225,32,2
0,82,226,32,2
0,82,227,32,2
0,82,228,32,2
0,83,225,32,2
0,83,226,32,2
0,83,227,32,2
0,83,228,32,2
0,84,225,32,2
0,84,226,32,2
0,84,227,32,2
0,84,228,32,2
0,85,225,32,2
0,85,226,32,2
0,85,227,32,2
0,85,228,32,2
0,86,225,32,2
0,86,226,32,2
0,86,227,32,2
0,86,228,32,2
0,87,225,32,2
0,87,226,32,2
0,87,227,32,2
0,87,228,32,2
0,88,225,32,2
0,88,226,32,2
0,88,227,32,2
0,88,228,32,2
0,89,225,32,2
0,89,226,32,2
0,89,227,32,2
0,89,228,32,2
0,90,225,32,2
0,90,226,32,2
0,90,227,32,2
0,90,228,32,2
0,91,225,32,2
0,91,226,32,2
0,91,227,32,2
0,91,228,32,2
0,92,225,32,2
0,92,226,32,2
0,92,227,32,2
0,92,228,32,2
0,93,225,32,2
0,93,226,32,2
0,93,227,32,2
0,93,228,32,2
0,94,225,32,2
0,94,226,32,2
0,94,227,32,2
0,94,228,32,2
0,95,225,32,2
0,95,226,32,2
0,95,227,32,2
0,95,228,32,2
0,96,225,32,2
0,96,226,32,2
0,96,227,32,2
0,96,228,32,2
0,97,225,32,2
0,97,226,32,2
0,97,227,32,2
0,97,228,32,2
0,98,225,32,2
0,98,226,32,2
0,98,227,32,2
0,98,228,32,2
0,99,225,32,2
0,99,226,32,2
0,99,227,32,2
0,99,228,32,2
0,100,225,32,2
0,100,226,32,2
0,100,227,32,2
0,100,228,32,2
0,101,225,32,2
0,101,226,32,2
0,101,227,32,2
0,101,228,32,2
0,102,225,32,2
0,102,226,32,2
0,102,227,32,2
0,102,228,32,2
0,103,225,32,2
0,103,226,32,2
0,103,227,32,2
0,103,228,32,2
0,104,225,32,2
0,104,226,32,2
0,104,227,32,2
0,104,228,32,2
0,105,225,32,2
0,105,226,32,2
0,105,227,32,2
0,105,228,32,2
0,106,225,32,2
0,106,226,32,2
0,106,227,32,2
0,106,228,32,2
0,107,225,32,2
0,107,226,32,2
0,107,227,32,2
0,107,228,32,2
0,108,225,32,2
0,108,226,32,2
0,108,227,32,2
0,108,228,32,2
0,66,229,32,2
0,66,230,32,2
0,66,231,32,2
0,66,232,32,2
0,66,233,32,2
0,67,229,32,2
0,67,230,32,2
0,67,231,32,2
0,67,232,32,2
0,67,233,32,2
0,68,229,32,2
0,68,230,32,2
0,68,231,32,2
0,68,232,32,2
0,68,233,32,2
0,69,229,32,2
0,69,230,32,2
0,69,231,32,2
0,69,232,32,2
0,69,233,32,2
0,70,229,32,2
0,70,230,32,2
0,70,231,32,2
0,70,232,32,2
0,70,233,32,2
0,71,229,32,2
0,71,230,32,2
0,71,231,32,2
0,71,232,32,2
0,71,233,32,2
0,72,229,32,2
0,72,230,32,2
0,72,231,32,2
0,72,232,32,2
0,72,233,32,2
0,73,229,32,2
0,73,230,32,2
0,73,231,32,2
0,73,232,32,2
0,73,233,32,2
0,74,229,32,2
0,74,230,32,2
0,74,231,32,2
0,74,232,32,2
0,74,233,32,2
0,75,229,32,2
0,75,230,32,2
0,75,231,32,2
0,75,232,32,2
0,75,233,32,2
0,76,229,32,2
0,76,230,32,2
0,76,231,32,2
0,76,232,32,2
0,76,233,32,2
0,77,229,32,2
0,77,230,32,2
0,77,231,32,2
0,77,232,32,2
0,77,233,32,2
0,78,229,32,2
0,78,230,32,2
0,78,231,32,2
0,78,232,32,2
0,78,233,32,2
0,79,229,32,2
0,79,230,32,2
0,79,231,32,2
0,79,232,32,2
0,79,233,32,2
0,80,229,32,2
0,80,230,32,2
0,80,231,32,2
0,80,232,32,2
0,80,233,32,2
0,81,229,32,2
0,81,230,32,2
0,81,231,32,2
0,81,232,32,2
0,81,233,32,2
0,82,229,32,2
0,82,230,32,2
0,82,231,32,2
0,82,232,32,2
0,82,233,32,2
0,83,229,32,2
0,83,230,32,2
0,83,231,32,2
0,83,232,32,2
0,83,233,32,2
0,84,229,32,2
0,84,230,32,2
0,84,231,32,2
0,84,232,32,2
0,84,233,32,2
0,85,229,32,2
0,85,230,32,2
0,85,231,32,2
0,85,232,32,2
0,85,233,32,2
0,86,229,32,2
0,86,230,32,2
0,86,231,32,2
0,86,232,32,2
0,86,233,32,2
0,86,234,32,2
0,86,235,32,2
0,86,236,32,2
0,87,229,32,2
0,87,230,32,2
0,87,231,32,2
0,87,232,32,2
0,87,233,32,2
0,87,234,32,2
0,87,235,32,2
0,87,236,32,2
0,88,229,32,2
0,88,230,32,2
0,88,231,32,2
0,88,232,32,2
0,88,233,32,2
0,88,234,32,2
0,88,235,32,2
0,88,236,32,2
0,89,229,32,2
0,89,230,32,2
0,89,231,32,2
0,89,232,32,2
0,89,233,32,2
0,89,234,32,2
0,89,235,32,2
0,89,236,32,2
0,90,229,32,2
0,90,230,32,2
0,90,231,32,2
0,90,232,32,2
0,90,233,32,2
0,90,234,32,2
0,90,235,32,2
0,90,236,32,2
0,91,229,32,2
0,91,230,32,2
0,91,231,32,2
0,91,232,32,2
0,91,233,32,2
0,91,234,32,2
0,91,235,32,2
0,91,236,32,2
0,92,229,32,2
0,92,230,32,2
0,92,231,32,2
0,92,232,32,2
0,92,233,32,2
0,92,234,32,2
0,92,235,32,2
0,92,236,32,2
0,93,229,32,2
0,93,230,32,2
0,93,231,32,2
0,93,232,32,2
0,93,233,32,2
0,93,234,32,2
0,93,235,32,2
0,93,236,32,2
0,94,229,32,2
0,94,230,32,2
0,94,231,32,2
0,94,232,32,2
0,94,233,32,2
0,94,234,32,2
0,94,235,32,2
0,94,236,32,2
0,95,229,32,2
0,95,230,32,2
0,95,231,32,2
0,95,232,32,2
0,95,233,32,2
0,95,234,32,2
0,95,235,32,2
0,95,236,32,2
0,96,229,32,2
0,96,230,32,2
0,96,231,32,2
0,96,232,32,2
0,96,233,32,2
0,96,234,32,2
0,96,235,32,2
0,96,236,32,2
0,97,229,32,2
0,97,230,32,2
0,97,231,32,2
0,97,232,32,2
0,97,233,32,2
0,97,234,32,2
0,97,235,32,2
0,97,236,32,2
0,98,229,32,2
0,98,230,32,2
0,98,231,32,2
0,98,232,32,2
0,98,233,32,2
0,98,234,32,2
0,98,235,32,2
0,98,236,32,2
0,99,229,32,2
0,99,230,32,2
0,99,231,32,2
0,99,232,32,2
0,99,233,32,2
0,99,234,32,2
0,99,235,32,2
0,99,236,32,2
0,100,229,32,2
0,100,230,32,2
0,100,231,32,2
0,100,232,32,2
0,100,233,32,2
0,100,234,32,2
0,100,235,32,2
0,100,236,32,2
0,101,229,32,2
0,101,230,32,2
0,101,231,32,2
0,101,232,32,2
0,101,233,32,2
0,101,234,32,2
0,101,235,32,2
0,101,236,32,2
0,102,229,32,2
0,102,230,32,2
0,102,231,32,2
0,102,232,32,2
0,102,233,32,2
0,103,229,32,2
0,103,230,32,2
0,103,231,32,2
0,103,232,32,2
0,103,233,32,2
0,104,229,32,2
0,104,230,32,2
0,104,231,32,2
0,104,232,32,2
0,104,233,32,2
0,105,229,32,2
0,105,230,32,2
0,105,231,32,2
0,105,232,32,2
0,105,233,32,2
0,106,229,32,2
0,106,230,32,2
0,106,231,32,2
0,106,232,32,2
0,106,233,32,2
0,107,229,32,2
0,107,230,32,2
0,107,231,32,2
0,107,232,32,2
0,107,233,32,2
0,108,229,32,2
0,108,230,32,2
0,108,231,32,2
0,108,232,32,2
0,108,233,32,2
