1,79,224,17,1
1,80,224,17,1
1,81,224,17,1
1,82,224,17,1
1,83,224,17,1
1,84,224,17,1
1,85,224,17,1
3,79,225,9,1
3,80,225,9,1
3,81,225,9,1
3,82,225,9,1
3,83,225,9,1
3,84,225,9,1
3,85,225,9,1
5,86,225,6,1
5,86,224,2,1
2,78,216,12,1
2,78,217,12,1
2,78,218,12,1
2,78,219,12,1
2,78,220,12,1
2,78,221,12,1
0,65,216,13,1
0,65,217,13,1
0,65,218,13,1
0,65,219,13,1
0,65,220,13,1
0,65,221,13,1
0,66,216,13,1
0,66,217,13,1
0,66,218,13,1
0,66,219,13,1
0,66,220,13,1
0,66,221,13,1
0,67,216,13,1
0,67,217,13,1
0,67,218,13,1
0,67,219,13,1
0,67,220,13,1
0,67,221,13,1
0,68,216,13,1
0,68,217,13,1
0,68,218,13,1
0,68,219,13,1
0,68,220,13,1
0,68,221,13,1
0,69,216,13,1
0,69,217,13,1
0,69,218,13,1
0,69,219,13,1
0,69,220,13,1
0,69,221,13,1
0,70,216,13,1
0,70,217,13,1
0,70,218,13,1
0,70,219,13,1
0,70,220,13,1
0,70,221,13,1
0,71,216,13,1
0,71,217,13,1
0,71,218,13,1
0,71,219,13,1
0,71,220,13,1
0,71,221,13,1
0,72,216,13,1
0,72,217,13,1
0,72,218,13,1
0,72,219,13,1
0,72,220,13,1
0,72,221,13,1
0,73,216,13,1
0,73,217,13,1
0,73,218,13,1
0,73,219,13,1
0,73,220,13,1
0,73,221,13,1
0,74,216,13,1
0,74,217,13,1
0,74,218,13,1
0,74,219,13,1
0,74,220,13,1
0,74,221,13,1
0,75,216,13,1
0,75,217,13,1
0,75,218,13,1
0,75,219,13,1
0,75,220,13,1
0,75,221,13,1
0,76,216,13,1
0,76,217,13,1
0,76,218,13,1
0,76,219,13,1
0,76,220,13,1
0,76,221,13,1
0,77,216,13,1
0,77,217,13,1
0,77,218,13,1
0,77,219,13,1
0,77,220,13,1
0,77,221,13,1
2,78,231,12,1
2,78,232,12,1
2,78,233,12,1
2,78,234,12,1
2,78,235,12,1
0,65,231,13,1
0,65,232,13,1
0,65,233,13,1
0,65,234,13,1
0,65,235,13,1
0,66,231,13,1
0,66,232,13,1
0,66,233,13,1
0,66,234,13,1
0,66,235,13,1
0,67,231,13,1
0,67,232,13,1
0,67,233,13,1
0,67,234,13,1
0,67,235,13,1
0,68,231,13,1
0,68,232,13,1
0,68,233,13,1
0,68,234,13,1
0,68,235,13,1
0,69,231,13,1
0,69,232,13,1
0,69,233,13,1
0,69,234,13,1
0,69,235,13,1
0,70,231,13,1
0,70,232,13,1
0,70,233,13,1
0,70,234,13,1
0,70,235,13,1
0,71,231,13,1
0,71,232,13,1
0,71,233,13,1
0,71,234,13,1
0,71,235,13,1
0,72,231,13,1
0,72,232,13,1
0,72,233,13,1
0,72,234,13,1
0,72,235,13,1
0,73,231,13,1
0,73,232,13,1
0,73,233,13,1
0,73,234,13,1
0,73,235,13,1
0,74,231,13,1
0,74,232,13,1
0,74,233,13,1
0,74,234,13,1
0,74,235,13,1
0,75,231,13,1
0,75,232,13,1
0,75,233,13,1
0,75,234,13,1
0,75,235,13,1
0,76,231,13,1
0,76,232,13,1
0,76,233,13,1
0,76,234,13,1
0,76,235,13,1
0,77,231,13,1
0,77,232,13,1
0,77,233,13,1
0,77,234,13,1
0,77,235,13,1
4,95,218,14,1
4,95,219,14,1
4,95,227,14,1
4,95,230,14,1
4,95,231,14,1
4,95,232,14,1
4,95,233,14,1
4,95,234,14,1
4,95,235,14,1
0,96,218,13,1
0,96,219,13,1
0,96,227,13,1
0,96,228,13,1
0,96,229,13,1
0,96,230,13,1
0,96,231,13,1
0,96,232,13,1
0,96,233,13,1
0,96,234,13,1
0,96,235,13,1
0,97,218,13,1
0,97,219,13,1
0,97,227,13,1
0,97,228,13,1
0,97,229,13,1
0,97,230,13,1
0,97,231,13,1
0,97,232,13,1
0,97,233,13,1
0,97,234,13,1
0,97,235,13,1
0,98,218,13,1
0,98,219,13,1
0,98,227,13,1
0,98,228,13,1
0,98,229,13,1
0,98,230,13,1
0,98,231,13,1
0,98,232,13,1
0,98,233,13,1
0,98,234,13,1
0,98,235,13,1
0,99,218,13,1
0,99,219,13,1
0,99,227,13,1
0,99,228,13,1
0,99,229,13,1
0,99,230,13,1
0,99,231,13,1
0,99,232,13,1
0,99,233,13,1
0,99,234,13,1
0,99,235,13,1
0,100,218,13,1
0,100,219,13,1
0,100,227,13,1
0,100,228,13,1
0,100,229,13,1
0,100,230,13,1
0,100,231,13,1
0,100,232,13,1
0,100,233,13,1
0,100,234,13,1
0,100,235,13,1
0,101,218,13,1
0,101,219,13,1
0,101,227,13,1
0,101,228,13,1
0,101,229,13,1
0,101,230,13,1
0,101,231,13,1
0,101,232,13,1
0,101,233,13,1
0,101,234,13,1
0,101,235,13,1
0,102,218,13,1
0,102,219,13,1
0,102,227,13,1
0,102,228,13,1
0,102,229,13,1
0,102,230,13,1
0,102,231,13,1
0,102,232,13,1
0,102,233,13,1
0,102,234,13,1
0,102,235,13,1
0,103,218,13,1
0,103,219,13,1
0,103,227,13,1
0,103,228,13,1
0,103,229,13,1
0,103,230,13,1
0,103,231,13,1
0,103,232,13,1
0,103,233,13,1
0,103,234,13,1
0,103,235,13,1
0,104,218,13,1
0,104,219,13,1
0,104,227,13,1
0,104,228,13,1
0,104,229,13,1
0,104,230,13,1
0,104,231,13,1
0,104,232,13,1
0,104,233,13,1
0,104,234,13,1
0,104,235,13,1
0,105,218,13,1
0,105,219,13,1
0,105,227,13,1
0,105,228,13,1
0,105,229,13,1
0,105,230,13,1
0,105,231,13,1
0,105,232,13,1
0,105,233,13,1
0,105,234,13,1
0,105,235,13,1
0,106,218,13,1
0,106,219,13,1
0,106,227,13,1
0,106,228,13,1
0,106,229,13,1
0,106,230,13,1
0,106,231,13,1
0,106,232,13,1
0,106,233,13,1
0,106,234,13,1
0,106,235,13,1
0,107,218,13,1
0,107,219,13,1
0,107,227,13,1
0,107,228,13,1
0,107,229,13,1
0,107,230,13,1
0,107,231,13,1
0,107,232,13,1
0,107,233,13,1
0,107,234,13,1
0,107,235,13,1
0,108,218,13,1
0,108,219,13,1
0,108,227,13,1
0,108,228,13,1
0,108,229,13,1
0,108,230,13,1
0,108,231,13,1
0,108,232,13,1
0,108,233,13,1
0,108,234,13,1
0,108,235,13,1
5,86,228,1,1
5,86,229,5,1
1,87,228,17,1
1,88,228,17,1
1,89,228,17,1
1,90,228,17,1
1,91,228,17,1
1,92,228,17,1
1,93,228,17,1
1,94,228,17,1
3,87,229,9,1
3,88,229,9,1
3,89,229,9,1
3,90,229,9,1
3,91,229,9,1
3,92,229,9,1
3,93,229,9,1
3,94,229,9,1
0,95,228,18,1
0,95,229,10,1
4,95,223,14,1
0,96,223,13,1
0,97,223,13,1
0,98,223,13,1
0,99,223,13,1
0,100,223,13,1
0,101,223,13,1
0,102,223,13,1
0,103,223,13,1
0,104,223,13,1
0,105,223,13,1
0,106,223,13,1
0,107,223,13,1
0,108,223,13,1
2,78,222,6,1
0,65,224,17,1
0,66,224,17,1
0,67,224,17,1
0,68,224,17,1
0,69,224,17,1
0,70,224,17,1
0,71,224,17,1
0,72,224,17,1
0,73,224,17,1
0,74,224,17,1
0,75,224,17,1
0,76,224,17,1
0,77,224,17,1
0,65,222,9,1
0,66,222,9,1
0,67,222,9,1
0,68,222,9,1
0,69,222,9,1
0,70,222,9,1
0,71,222,9,1
0,72,222,9,1
0,73,222,9,1
0,74,222,9,1
0,75,222,9,1
0,76,222,9,1
0,77,222,9,1
0,78,224,17,1
2,78,228,6,1
2,78,230,2,1
0,65,230,17,1
0,66,230,17,1
0,67,230,17,1
0,68,230,17,1
0,69,230,17,1
0,70,230,17,1
0,71,230,17,1
0,72,230,17,1
0,73,230,17,1
0,74,230,17,1
0,75,230,17,1
0,76,230,17,1
0,77,230,17,1
0,65,228,9,1
0,66,228,9,1
0,67,228,9,1
0,68,228,9,1
0,69,228,9,1
0,70,228,9,1
0,71,228,9,1
0,72,228,9,1
0,73,228,9,1
0,74,228,9,1
0,75,228,9,1
0,76,228,9,1
0,77,228,9,1
2,78,227,2,1
0,65,227,17,1
0,66,227,17,1
0,67,227,17,1
0,68,227,17,1
0,69,227,17,1
0,70,227,17,1
0,71,227,17,1
0,72,227,17,1
0,73,227,17,1
0,74,227,17,1
0,75,227,17,1
0,76,227,17,1
0,77,227,17,1
4,95,226,1,1
4,95,224,5,1
0,96,226,17,1
0,97,226,17,1
0,98,226,17,1
0,99,226,17,1
0,100,226,17,1
0,101,226,17,1
0,102,226,17,1
0,103,226,17,1
0,104,226,17,1
0,105,226,17,1
0,106,226,17,1
0,107,226,17,1
0,108,226,17,1
0,96,224,9,1
0,97,224,9,1
0,98,224,9,1
0,99,224,9,1
0,100,224,9,1
0,101,224,9,1
0,102,224,9,1
0,103,224,9,1
0,104,224,9,1
0,105,224,9,1
0,106,224,9,1
0,107,224,9,1
0,108,224,9,1
0,65,225,9,1
0,66,225,9,1
0,67,225,9,1
0,68,225,9,1
0,69,225,9,1
0,70,225,9,1
0,71,225,9,1
0,72,225,9,1
0,73,225,9,1
0,74,225,9,1
0,75,225,9,1
0,76,225,9,1
0,77,225,9,1
0,78,225,9,1
4,95,222,1,1
4,95,220,5,1
0,96,222,17,1
0,97,222,17,1
0,98,222,17,1
0,99,222,17,1
0,100,222,17,1
0,101,222,17,1
0,102,222,17,1
0,103,222,17,1
0,104,222,17,1
0,105,222,17,1
0,106,222,17,1
0,107,222,17,1
0,108,222,17,1
0,96,220,9,1
0,97,220,9,1
0,98,220,9,1
0,99,220,9,1
0,100,220,9,1
0,101,220,9,1
0,102,220,9,1
0,103,220,9,1
0,104,220,9,1
0,105,220,9,1
0,106,220,9,1
0,107,220,9,1
0,108,220,9,1
4,95,217,14,1
0,96,217,13,1
0,97,217,13,1
0,98,217,13,1
0,99,217,13,1
0,100,217,13,1
0,101,217,13,1
0,102,217,13,1
0,103,217,13,1
0,104,217,13,1
0,105,217,13,1
0,106,217,13,1
0,107,217,13,1
0,108,217,13,1
0,96,216,13,1
0,97,216,13,1
0,98,216,13,1
0,99,216,13,1
0,100,216,13,1
0,101,216,13,1
0,102,216,13,1
0,103,216,13,1
0,104,216,13,1
0,105,216,13,1
0,106,216,13,1
0,107,216,13,1
0,108,216,13,1
4,95,216,14,1
0,65,236,13,1
0,66,236,13,1
0,67,236,13,1
0,68,236,13,1
0,69,236,13,1
0,70,236,13,1
0,71,236,13,1
0,72,236,13,1
0,73,236,13,1
0,74,236,13,1
0,75,236,13,1
0,76,236,13,1
0,77,236,13,1
0,78,236,12,1
0,95,236,14,1
0,96,236,13,1
0,97,236,13,1
0,98,236,13,1
0,99,236,13,1
0,100,236,13,1
0,101,236,13,1
0,102,236,13,1
0,103,236,13,1
0,104,236,13,1
0,105,236,13,1
0,106,236,13,1
0,107,236,13,1
0,108,236,13,1
0,69,217,32,2
0,69,218,32,2
0,69,219,32,2
0,69,220,32,2
0,69,221,32,2
0,69,222,32,2
0,69,223,32,2
0,69,224,32,2
0,69,225,32,2
0,69,226,32,2
0,69,227,32,2
0,69,228,32,2
0,69,229,32,2
0,69,230,32,2
0,69,231,32,2
0,69,232,32,2
0,69,233,32,2
0,69,234,32,2
0,69,235,32,2
0,69,236,32,2
0,70,217,32,2
0,70,218,32,2
0,70,219,32,2
0,70,220,32,2
0,70,221,32,2
0,70,222,32,2
0,70,223,32,2
0,70,224,32,2
0,70,225,32,2
0,70,226,32,2
0,70,227,32,2
0,70,228,32,2
0,70,229,32,2
0,70,230,32,2
0,70,231,32,2
0,70,232,32,2
0,70,233,32,2
0,70,234,32,2
0,70,235,32,2
0,70,236,32,2
0,71,217,32,2
0,71,218,32,2
0,71,219,32,2
0,71,220,32,2
0,71,221,32,2
0,71,222,32,2
0,71,223,32,2
0,71,224,32,2
0,71,225,32,2
0,71,226,32,2
0,71,227,32,2
0,71,228,32,2
0,71,229,32,2
0,71,230,32,2
0,71,231,32,2
0,71,232,32,2
0,71,233,32,2
0,71,234,32,2
0,71,235,32,2
0,71,236,32,2
0,72,217,32,2
0,72,218,32,2
0,72,219,32,2
0,72,220,32,2
0,72,221,32,2
0,72,222,32,2
0,72,223,32,2
0,72,224,32,2
0,72,225,32,2
0,72,226,32,2
0,72,227,32,2
0,72,228,32,2
0,72,229,32,2
0,72,230,32,2
0,72,231,32,2
0,72,232,32,2
0,72,233,32,2
0,72,234,32,2
0,72,235,32,2
0,72,236,32,2
0,73,217,32,2
0,73,218,32,2
0,73,219,32,2
0,73,220,32,2
0,73,221,32,2
0,73,222,32,2
0,73,223,32,2
0,73,224,32,2
0,73,225,32,2
0,73,226,32,2
0,73,227,32,2
0,73,228,32,2
0,73,229,32,2
0,73,230,32,2
0,73,231,32,2
0,73,232,32,2
0,73,233,32,2
0,73,234,32,2
0,73,235,32,2
0,73,236,32,2
0,74,217,32,2
0,74,218,32,2
0,74,219,32,2
0,74,220,32,2
0,74,221,32,2
0,74,222,32,2
0,74,223,32,2
0,74,224,32,2
0,74,225,32,2
0,74,226,32,2
0,74,227,32,2
0,74,228,32,2
0,74,229,32,2
0,74,230,32,2
0,74,231,32,2
0,74,232,32,2
0,74,233,32,2
0,74,234,32,2
0,74,235,32,2
0,74,236,32,2
0,75,217,32,2
0,75,218,32,2
0,75,219,32,2
0,75,220,32,2
0,75,221,32,2
0,75,222,32,2
0,75,223,32,2
0,75,224,32,2
0,75,225,32,2
0,75,226,32,2
0,75,227,32,2
0,75,228,32,2
0,75,229,32,2
0,75,230,32,2
0,75,231,32,2
0,75,232,32,2
0,75,233,32,2
0,75,234,32,2
0,75,235,32,2
0,75,236,32,2
0,76,217,32,2
0,76,218,32,2
0,76,219,32,2
0,76,220,32,2
0,76,221,32,2
0,76,222,32,2
0,76,223,32,2
0,76,224,32,2
0,76,225,32,2
0,76,226,32,2
0,76,227,32,2
0,76,228,32,2
0,76,229,32,2
0,76,230,32,2
0,76,231,32,2
0,76,232,32,2
0,76,233,32,2
0,76,234,32,2
0,76,235,32,2
0,76,236,32,2
0,77,217,32,2
0,77,218,32,2
0,77,219,32,2
0,77,220,32,2
0,77,221,32,2
0,77,222,32,2
0,77,223,32,2
0,77,224,32,2
0,77,225,32,2
0,77,226,32,2
0,77,227,32,2
0,77,228,32,2
0,77,229,32,2
0,77,230,32,2
0,77,231,32,2
0,77,232,32,2
0,77,233,32,2
0,77,234,32,2
0,77,235,32,2
0,77,236,32,2
0,78,217,32,2
0,78,218,32,2
0,78,219,32,2
0,78,220,32,2
0,78,221,32,2
0,78,222,32,2
0,78,223,32,2
0,78,224,32,2
0,78,225,32,2
0,78,226,32,2
0,78,227,32,2
0,78,228,32,2
0,78,229,32,2
0,78,230,32,2
0,78,231,32,2
0,78,232,32,2
0,78,233,32,2
0,78,234,32,2
0,78,235,32,2
0,78,236,32,2
0,79,217,32,2
0,79,218,32,2
0,79,219,32,2
0,79,220,32,2
0,79,221,32,2
0,79,222,32,2
0,79,223,32,2
0,79,224,32,2
0,79,225,32,2
0,79,226,32,2
0,79,227,32,2
0,79,228,32,2
0,79,229,32,2
0,79,230,32,2
0,79,231,32,2
0,79,232,32,2
0,79,233,32,2
0,79,234,32,2
0,79,235,32,2
0,79,236,32,2
0,80,217,32,2
0,80,218,32,2
0,80,219,32,2
0,80,220,32,2
0,80,221,32,2
0,80,222,32,2
0,80,223,32,2
0,80,224,32,2
0,80,225,32,2
0,80,226,32,2
0,80,227,32,2
0,80,228,32,2
0,80,229,32,2
0,80,230,32,2
0,80,231,32,2
0,80,232,32,2
0,80,233,32,2
0,80,234,32,2
0,80,235,32,2
0,80,236,32,2
0,81,217,32,2
0,81,218,32,2
0,81,219,32,2
0,81,220,32,2
0,81,221,32,2
0,81,222,32,2
0,81,223,32,2
0,81,224,32,2
0,81,225,32,2
0,81,226,32,2
0,81,227,32,2
0,81,228,32,2
0,81,229,32,2
0,81,230,32,2
0,81,231,32,2
0,81,232,32,2
0,81,233,32,2
0,81,234,32,2
0,81,235,32,2
0,81,236,32,2
0,82,217,32,2
0,82,218,32,2
0,82,219,32,2
0,82,220,32,2
0,82,221,32,2
0,82,222,32,2
0,82,223,32,2
0,82,224,32,2
0,82,225,32,2
0,82,226,32,2
0,82,227,32,2
0,82,228,32,2
0,82,229,32,2
0,82,230,32,2
0,82,231,32,2
0,82,232,32,2
0,82,233,32,2
0,82,234,32,2
0,82,235,32,2
0,82,236,32,2
0,83,217,32,2
0,83,218,32,2
0,83,219,32,2
0,83,220,32,2
0,83,221,32,2
0,83,222,32,2
0,83,223,32,2
0,83,224,32,2
0,83,225,32,2
0,83,226,32,2
0,83,227,32,2
0,83,228,32,2
0,83,229,32,2
0,83,230,32,2
0,83,231,32,2
0,83,232,32,2
0,83,233,32,2
0,83,234,32,2
0,83,235,32,2
0,83,236,32,2
0,84,217,32,2
0,84,218,32,2
0,84,219,32,2
0,84,220,32,2
0,84,221,32,2
0,84,222,32,2
0,84,223,32,2
0,84,224,32,2
0,84,225,32,2
0,84,226,32,2
0,84,227,32,2
0,84,228,32,2
0,84,229,32,2
0,84,230,32,2
0,84,231,32,2
0,84,232,32,2
0,84,233,32,2
0,84,234,32,2
0,84,235,32,2
0,84,236,32,2
0,85,217,32,2
0,85,218,32,2
0,85,219,32,2
0,85,220,32,2
0,85,221,32,2
0,85,222,32,2
0,85,223,32,2
0,85,224,32,2
0,85,225,32,2
0,85,226,32,2
0,85,227,32,2
0,85,228,32,2
0,85,229,32,2
0,85,230,32,2
0,85,231,32,2
0,85,232,32,2
0,85,233,32,2
0,85,234,32,2
0,85,235,32,2
0,85,236,32,2
0,86,217,32,2
0,86,218,32,2
0,86,219,32,2
0,86,220,32,2
0,86,221,32,2
0,86,222,32,2
0,86,223,32,2
0,86,224,32,2
0,86,225,32,2
0,86,226,32,2
0,86,227,32,2
0,86,228,32,2
0,86,229,32,2
0,86,230,32,2
0,86,231,32,2
0,86,232,32,2
0,86,233,32,2
0,86,234,32,2
0,86,235,32,2
0,86,236,32,2
0,87,217,32,2
0,87,218,32,2
0,87,219,32,2
0,87,220,32,2
0,87,221,32,2
0,87,222,32,2
0,87,223,32,2
0,87,224,32,2
0,87,225,32,2
0,87,226,32,2
0,87,227,32,2
0,87,228,32,2
0,87,229,32,2
0,87,230,32,2
0,87,231,32,2
0,87,232,32,2
0,87,233,32,2
0,87,234,32,2
0,87,235,32,2
0,87,236,32,2
0,88,217,32,2
0,88,218,32,2
0,88,219,32,2
0,88,220,32,2
0,88,221,32,2
0,88,222,32,2
0,88,223,32,2
0,88,224,32,2
0,88,225,32,2
0,88,226,32,2
0,88,227,32,2
0,88,228,32,2
0,88,229,32,2
0,88,230,32,2
0,88,231,32,2
0,88,232,32,2
0,88,233,32,2
0,88,234,32,2
0,88,235,32,2
0,88,236,32,2
0,89,217,32,2
0,89,218,32,2
0,89,219,32,2
0,89,220,32,2
0,89,221,32,2
0,89,222,32,2
0,89,223,32,2
0,89,224,32,2
0,89,225,32,2
0,89,226,32,2
0,89,227,32,2
0,89,228,32,2
0,89,229,32,2
0,89,230,32,2
0,89,231,32,2
0,89,232,32,2
0,89,233,32,2
0,89,234,32,2
0,89,235,32,2
0,89,236,32,2
0,90,217,32,2
0,90,218,32,2
0,90,219,32,2
0,90,220,32,2
0,90,221,32,2
0,90,222,32,2
0,90,223,32,2
0,90,224,32,2
0,90,225,32,2
0,90,226,32,2
0,90,227,32,2
0,90,228,32,2
0,90,229,32,2
0,90,230,32,2
0,90,231,32,2
0,90,232,32,2
0,90,233,32,2
0,90,234,32,2
0,90,235,32,2
0,90,236,32,2
0,91,217,32,2
0,91,218,32,2
0,91,219,32,2
0,91,220,32,2
0,91,221,32,2
0,91,222,32,2
0,91,223,32,2
0,91,224,32,2
0,91,225,32,2
0,91,226,32,2
0,91,227,32,2
0,91,228,32,2
0,91,229,32,2
0,91,230,32,2
0,91,231,32,2
0,91,232,32,2
0,91,233,32,2
0,91,234,32,2
0,91,235,32,2
0,91,236,32,2
0,92,217,32,2
0,92,218,32,2
0,92,219,32,2
0,92,220,32,2
0,92,221,32,2
0,92,222,32,2
0,92,223,32,2
0,92,224,32,2
0,92,225,32,2
0,92,226,32,2
0,92,227,32,2
0,92,228,32,2
0,92,229,32,2
0,92,230,32,2
0,92,231,32,2
0,92,232,32,2
0,92,233,32,2
0,92,234,32,2
0,92,235,32,2
0,92,236,32,2
0,93,217,32,2
0,93,218,32,2
0,93,219,32,2
0,93,220,32,2
0,93,221,32,2
0,93,222,32,2
0,93,223,32,2
0,93,224,32,2
0,93,225,32,2
0,93,226,32,2
0,93,227,32,2
0,93,228,32,2
0,93,229,32,2
0,93,230,32,2
0,93,231,32,2
0,93,232,32,2
0,93,233,32,2
0,93,234,32,2
0,93,235,32,2
0,93,236,32,2
0,94,217,32,2
0,94,218,32,2
0,94,219,32,2
0,94,220,32,2
0,94,221,32,2
0,94,222,32,2
0,94,223,32,2
0,94,224,32,2
0,94,225,32,2
0,94,226,32,2
0,94,227,32,2
0,94,228,32,2
0,94,229,32,2
0,94,230,32,2
0,94,231,32,2
0,94,232,32,2
0,94,233,32,2
0,94,234,32,2
0,94,235,32,2
0,94,236,32,2
0,95,217,32,2
0,95,218,32,2
0,95,219,32,2
0,95,220,32,2
0,95,221,32,2
0,95,222,32,2
0,95,223,32,2
0,95,224,32,2
0,95,225,32,2
0,95,226,32,2
0,95,227,32,2
0,95,228,32,2
0,95,229,32,2
0,95,230,32,2
0,95,231,32,2
0,95,232,32,2
0,95,233,32,2
0,95,234,32,2
0,95,235,32,2
0,95,236,32,2
0,96,217,32,2
0,96,218,32,2
0,96,219,32,2
0,96,220,32,2
0,96,221,32,2
0,96,222,32,2
0,96,223,32,2
0,96,224,32,2
0,96,225,32,2
0,96,226,32,2
0,96,227,32,2
0,96,228,32,2
0,96,229,32,2
0,96,230,32,2
0,96,231,32,2
0,96,232,32,2
0,96,233,32,2
0,96,234,32,2
0,96,235,32,2
0,96,236,32,2
0,97,217,32,2
0,97,218,32,2
0,97,219,32,2
0,97,220,32,2
0,97,221,32,2
0,97,222,32,2
0,97,223,32,2
0,97,224,32,2
0,97,225,32,2
0,97,226,32,2
0,97,227,32,2
0,97,228,32,2
0,97,229,32,2
0,97,230,32,2
0,97,231,32,2
0,97,232,32,2
0,97,233,32,2
0,97,234,32,2
0,97,235,32,2
0,97,236,32,2
0,98,217,32,2
0,98,218,32,2
0,98,219,32,2
0,98,220,32,2
0,98,221,32,2
0,98,222,32,2
0,98,223,32,2
0,98,224,32,2
0,98,225,32,2
0,98,226,32,2
0,98,227,32,2
0,98,228,32,2
0,98,229,32,2
0,98,230,32,2
0,98,231,32,2
0,98,232,32,2
0,98,233,32,2
0,98,234,32,2
0,98,235,32,2
0,98,236,32,2
0,99,217,32,2
0,99,218,32,2
0,99,219,32,2
0,99,220,32,2
0,99,221,32,2
0,99,222,32,2
0,99,223,32,2
0,99,224,32,2
0,99,225,32,2
0,99,226,32,2
0,99,227,32,2
0,99,228,32,2
0,99,229,32,2
0,99,230,32,2
0,99,231,32,2
0,99,232,32,2
0,99,233,32,2
0,99,234,32,2
0,99,235,32,2
0,99,236,32,2
0,100,217,32,2
0,100,218,32,2
0,100,219,32,2
0,100,220,32,2
0,100,221,32,2
0,100,222,32,2
0,100,223,32,2
0,100,224,32,2
0,100,225,32,2
0,100,226,32,2
0,100,227,32,2
0,100,228,32,2
0,100,229,32,2
0,100,230,32,2
0,100,231,32,2
0,100,232,32,2
0,100,233,32,2
0,100,234,32,2
0,100,235,32,2
0,100,236,32,2
0,101,217,32,2
0,101,218,32,2
0,101,219,32,2
0,101,220,32,2
0,101,221,32,2
0,101,222,32,2
0,101,223,32,2
0,101,224,32,2
0,101,225,32,2
0,101,226,32,2
0,101,227,32,2
0,101,228,32,2
0,101,229,32,2
0,101,230,32,2
0,101,231,32,2
0,101,232,32,2
0,101,233,32,2
0,101,234,32,2
0,101,235,32,2
0,101,236,32,2
0,102,217,32,2
0,102,218,32,2
0,102,219,32,2
0,102,220,32,2
0,102,221,32,2
0,102,222,32,2
0,102,223,32,2
0,102,224,32,2
0,102,225,32,2
0,102,226,32,2
0,102,227,32,2
0,102,228,32,2
0,102,229,32,2
0,102,230,32,2
0,102,231,32,2
0,102,232,32,2
0,102,233,32,2
0,102,234,32,2
0,102,235,32,2
0,102,236,32,2
0,103,216,32,2
0,103,217,32,2
0,103,218,32,2
0,103,219,32,2
0,103,220,32,2
0,103,221,32,2
0,103,222,32,2
0,103,223,32,2
0,103,224,32,2
0,103,225,32,2
0,103,226,32,2
0,103,227,32,2
0,103,228,32,2
0,103,229,32,2
0,103,230,32,2
0,103,231,32,2
0,103,232,32,2
0,103,233,32,2
0,103,234,32,2
0,103,235,32,2
0,103,236,32,2
0,104,216,32,2
0,104,217,32,2
0,104,218,32,2
0,104,219,32,2
0,104,220,32,2
0,104,221,32,2
0,104,222,32,2
0,104,223,32,2
0,104,224,32,2
0,104,225,32,2
0,104,226,32,2
0,104,227,32,2
0,104,228,32,2
0,104,229,32,2
0,104,230,32,2
0,104,231,32,2
0,104,232,32,2
0,104,233,32,2
0,104,234,32,2
0,104,235,32,2
0,104,236,32,2
0,105,216,32,2
0,105,217,32,2
0,105,218,32,2
0,105,219,32,2
0,105,220,32,2
0,105,221,32,2
0,105,222,32,2
0,105,223,32,2
0,105,224,32,2
0,105,225,32,2
0,105,226,32,2
0,105,227,32,2
0,105,228,32,2
0,105,229,32,2
0,105,230,32,2
0,105,231,32,2
0,105,232,32,2
0,105,233,32,2
0,105,234,32,2
0,105,235,32,2
0,105,236,32,2
0,106,216,32,2
0,106,217,32,2
0,106,218,32,2
0,106,219,32,2
0,106,220,32,2
0,106,221,32,2
0,106,222,32,2
0,106,223,32,2
0,106,224,32,2
0,106,225,32,2
0,106,226,32,2
0,106,227,32,2
0,106,228,32,2
0,106,229,32,2
0,106,230,32,2
0,106,231,32,2
0,106,232,32,2
0,106,233,32,2
0,106,234,32,2
0,106,235,32,2
0,106,236,32,2
0,107,216,32,2
0,107,217,32,2
0,107,218,32,2
0,107,219,32,2
0,107,220,32,2
0,107,221,32,2
0,107,222,32,2
0,107,223,32,2
0,107,224,32,2
0,107,225,32,2
0,107,226,32,2
0,107,227,32,2
0,107,228,32,2
0,107,229,32,2
0,107,230,32,2
0,107,231,32,2
0,107,232,32,2
0,107,233,32,2
0,107,234,32,2
0,107,235,32,2
0,107,236,32,2
0,108,216,32,2
0,108,217,32,2
0,108,218,32,2
0,108,219,32,2
0,108,220,32,2
0,108,221,32,2
0,108,222,32,2
0,108,223,32,2
0,108,224,32,2
0,108,225,32,2
0,108,226,32,2
0,108,227,32,2
0,108,228,32,2
0,108,229,32,2
0,108,230,32,2
0,108,231,32,2
0,108,232,32,2
0,108,233,32,2
0,108,234,32,2
0,108,235,32,2
0,108,236,32,2
0,109,216,32,2
0,109,217,32,2
0,109,218,32,2
0,109,219,32,2
0,109,220,32,2
0,109,221,32,2
0,109,222,32,2
0,109,223,32,2
0,109,224,32,2
0,109,225,32,2
0,109,226,32,2
0,109,227,32,2
0,109,228,32,2
0,109,229,32,2
0,109,230,32,2
0,109,231,32,2
0,109,232,32,2
0,109,233,32,2
0,109,234,32,2
0,109,235,32,2
0,109,236,32,2
0,110,216,32,2
0,110,217,32,2
0,110,218,32,2
0,110,219,32,2
0,110,220,32,2
0,110,221,32,2
0,110,222,32,2
0,110,223,32,2
0,110,224,32,2
0,110,225,32,2
0,110,226,32,2
0,110,227,32,2
0,110,228,32,2
0,110,229,32,2
0,110,230,32,2
0,110,231,32,2
0,110,232,32,2
0,110,233,32,2
0,110,234,32,2
0,110,235,32,2
0,110,236,32,2
0,69,237,32,2
0,69,238,32,2
0,69,239,32,2
0,69,240,32,2
0,70,237,32,2
0,70,238,32,2
0,70,239,32,2
0,70,240,32,2
0,71,237,32,2
0,71,238,32,2
0,71,239,32,2
0,71,240,32,2
0,72,237,32,2
0,72,238,32,2
0,72,239,32,2
0,72,240,32,2
0,73,237,32,2
0,73,238,32,2
0,73,239,32,2
0,73,240,32,2
0,74,237,32,2
0,74,238,32,2
0,74,239,32,2
0,74,240,32,2
0,75,237,32,2
0,75,238,32,2
0,75,239,32,2
0,75,240,32,2
0,76,237,32,2
0,76,238,32,2
0,76,239,32,2
0,76,240,32,2
0,77,237,32,2
0,77,238,32,2
0,77,239,32,2
0,77,240,32,2
0,78,237,32,2
0,78,238,32,2
0,78,239,32,2
0,78,240,32,2
0,79,237,32,2
0,79,238,32,2
0,79,239,32,2
0,79,240,32,2
0,80,237,32,2
0,80,238,32,2
0,80,239,32,2
0,80,240,32,2
0,81,237,32,2
0,81,238,32,2
0,81,239,32,2
0,81,240,32,2
0,82,237,32,2
0,82,238,32,2
0,82,239,32,2
0,82,240,32,2
0,83,237,32,2
0,83,238,32,2
0,83,239,32,2
0,83,240,32,2
0,84,237,32,2
0,84,238,32,2
0,84,239,32,2
0,84,240,32,2
0,85,237,32,2
0,85,238,32,2
0,85,239,32,2
0,85,240,32,2
0,86,237,32,2
0,86,238,32,2
0,86,239,32,2
0,86,240,32,2
0,87,237,32,2
0,87,238,32,2
0,87,239,32,2
0,87,240,32,2
0,88,237,32,2
0,88,238,32,2
0,88,239,32,2
0,88,240,32,2
0,89,237,32,2
0,89,238,32,2
0,89,239,32,2
0,89,240,32,2
0,90,237,32,2
0,90,238,32,2
0,90,239,32,2
0,90,240,32,2
0,91,237,32,2
0,91,238,32,2
0,91,239,32,2
0,91,240,32,2
0,92,237,32,2
0,92,238,32,2
0,92,239,32,2
0,92,240,32,2
0,93,237,32,2
0,93,238,32,2
0,93,239,32,2
0,93,240,32,2
0,94,237,32,2
0,94,238,32,2
0,94,239,32,2
0,94,240,32,2
0,95,237,32,2
0,95,238,32,2
0,95,239,32,2
0,95,240,32,2
0,96,237,32,2
0,96,238,32,2
0,96,239,32,2
0,96,240,32,2
0,97,237,32,2
0,97,238,32,2
0,97,239,32,2
0,97,240,32,2
0,98,237,32,2
0,98,238,32,2
0,98,239,32,2
0,98,240,32,2
0,99,237,32,2
0,99,238,32,2
0,99,239,32,2
0,99,240,32,2
0,100,237,32,2
0,100,238,32,2
0,100,239,32,2
0,100,240,32,2
0,101,237,32,2
0,101,238,32,2
0,101,239,32,2
0,101,240,32,2
0,102,237,32,2
0,102,238,32,2
0,102,239,32,2
0,102,240,32,2
0,103,237,32,2
0,103,238,32,2
0,103,239,32,2
0,103,240,32,2
0,104,237,32,2
0,104,238,32,2
0,104,239,32,2
0,104,240,32,2
0,105,237,32,2
0,105,238,32,2
0,105,239,32,2
0,105,240,32,2
0,106,237,32,2
0,106,238,32,2
0,106,239,32,2
0,106,240,32,2
0,69,213,32,2
0,69,214,32,2
0,69,215,32,2
0,69,216,32,2
0,70,213,32,2
0,70,214,32,2
0,70,215,32,2
0,70,216,32,2
0,71,213,32,2
0,71,214,32,2
0,71,215,32,2
0,71,216,32,2
0,72,213,32,2
0,72,214,32,2
0,72,215,32,2
0,72,216,32,2
0,73,213,32,2
0,73,214,32,2
0,73,215,32,2
0,73,216,32,2
0,74,213,32,2
0,74,214,32,2
0,74,215,32,2
0,74,216,32,2
0,75,213,32,2
0,75,214,32,2
0,75,215,32,2
0,75,216,32,2
0,76,213,32,2
0,76,214,32,2
0,76,215,32,2
0,76,216,32,2
0,77,213,32,2
0,77,214,32,2
0,77,215,32,2
0,77,216,32,2
0,78,213,32,2
0,78,214,32,2
0,78,215,32,2
0,78,216,32,2
0,79,213,32,2
0,79,214,32,2
0,79,215,32,2
0,79,216,32,2
0,80,213,32,2
0,80,214,32,2
0,80,215,32,2
0,80,216,32,2
0,81,213,32,2
0,81,214,32,2
0,81,215,32,2
0,81,216,32,2
0,82,213,32,2
0,82,214,32,2
0,82,215,32,2
0,82,216,32,2
0,83,213,32,2
0,83,214,32,2
0,83,215,32,2
0,83,216,32,2
0,84,213,32,2
0,84,214,32,2
0,84,215,32,2
0,84,216,32,2
0,85,213,32,2
0,85,214,32,2
0,85,215,32,2
0,85,216,32,2
0,86,213,32,2
0,86,214,32,2
0,86,215,32,2
0,86,216,32,2
0,87,213,32,2
0,87,214,32,2
0,87,215,32,2
0,87,216,32,2
0,88,213,32,2
0,88,214,32,2
0,88,215,32,2
0,88,216,32,2
0,89,213,32,2
0,89,214,32,2
0,89,215,32,2
0,89,216,32,2
0,90,213,32,2
0,90,214,32,2
0,90,215,32,2
0,90,216,32,2
0,91,213,32,2
0,91,214,32,2
0,91,215,32,2
0,91,216,32,2
0,92,213,32,2
0,92,214,32,2
0,92,215,32,2
0,92,216,32,2
0,93,213,32,2
0,93,214,32,2
0,93,215,32,2
0,93,216,32,2
0,94,213,32,2
0,94,214,32,2
0,94,215,32,2
0,94,216,32,2
0,95,213,32,2
0,95,214,32,2
0,95,215,32,2
0,95,216,32,2
0,96,213,32,2
0,96,214,32,2
0,96,215,32,2
0,96,216,32,2
0,97,213,32,2
0,97,214,32,2
0,97,215,32,2
0,97,216,32,2
0,98,213,32,2
0,98,214,32,2
0,98,215,32,2
0,98,216,32,2
0,99,213,32,2
0,99,214,32,2
0,99,215,32,2
0,99,216,32,2
0,100,213,32,2
0,100,214,32,2
0,100,215,32,2
0,100,216,32,2
0,101,213,32,2
0,101,214,32,2
0,101,215,32,2
0,101,216,32,2
0,102,213,32,2
0,102,214,32,2
0,102,215,32,2
0,102,216,32,2
0,103,213,32,2
0,103,214,32,2
0,103,215,32,2
0,104,213,32,2
0,104,214,32,2
0,104,215,32,2
0,105,213,32,2
0,105,214,32,2
0,105,215,32,2
0,106,213,32,2
0,106,214,32,2
0,106,215,32,2
0,107,213,32,2
0,107,214,32,2
0,107,215,32,2
0,108,213,32,2
0,108,214,32,2
0,108,215,32,2
0,109,213,32,2
0,109,214,32,2
0,109,215,32,2
0,110,213,32,2
0,110,214,32,2
0,110,215,32,2
0,107,237,32,2
0,107,238,32,2
0,107,239,32,2
0,107,240,32,2
0,108,237,32,2
0,108,238,32,2
0,108,239,32,2
0,108,240,32,2
0,109,237,32,2
0,109,238,32,2
0,109,239,32,2
0,109,240,32,2
0,110,237,32,2
0,110,238,32,2
0,110,239,32,2
0,110,240,32,2
0,62,213,32,2
0,62,214,32,2
0,62,215,32,2
0,62,216,32,2
0,62,217,32,2
0,62,218,32,2
0,62,219,32,2
0,62,220,32,2
0,62,221,32,2
0,62,222,32,2
0,62,223,32,2
0,62,224,32,2
0,62,225,32,2
0,62,226,32,2
0,62,227,32,2
0,62,228,32,2
0,62,229,32,2
0,62,230,32,2
0,62,231,32,2
0,62,232,32,2
0,62,233,32,2
0,62,234,32,2
0,62,235,32,2
0,62,236,32,2
0,62,237,32,2
0,62,238,32,2
0,62,239,32,2
0,62,240,32,2
0,63,213,32,2
0,63,214,32,2
0,63,215,32,2
0,63,216,32,2
0,63,217,32,2
0,63,218,32,2
0,63,219,32,2
0,63,220,32,2
0,63,221,32,2
0,63,222,32,2
0,63,223,32,2
0,63,224,32,2
0,63,225,32,2
0,63,226,32,2
0,63,227,32,2
0,63,228,32,2
0,63,229,32,2
0,63,230,32,2
0,63,231,32,2
0,63,232,32,2
0,63,233,32,2
0,63,234,32,2
0,63,235,32,2
0,63,236,32,2
0,63,237,32,2
0,63,238,32,2
0,63,239,32,2
0,63,240,32,2
0,64,213,32,2
0,64,214,32,2
0,64,215,32,2
0,64,216,32,2
0,64,217,32,2
0,64,218,32,2
0,64,219,32,2
0,64,220,32,2
0,64,221,32,2
0,64,222,32,2
0,64,223,32,2
0,64,224,32,2
0,64,225,32,2
0,64,226,32,2
0,64,227,32,2
0,64,228,32,2
0,64,229,32,2
0,64,230,32,2
0,64,231,32,2
0,64,232,32,2
0,64,233,32,2
0,64,234,32,2
0,64,235,32,2
0,64,236,32,2
0,64,237,32,2
0,64,238,32,2
0,64,239,32,2
0,64,240,32,2
0,65,213,32,2
0,65,214,32,2
0,65,215,32,2
0,65,216,32,2
0,65,217,32,2
0,65,218,32,2
0,65,219,32,2
0,65,220,32,2
0,65,221,32,2
0,65,222,32,2
0,65,223,32,2
0,65,224,32,2
0,65,225,32,2
0,65,226,32,2
0,65,227,32,2
0,65,228,32,2
0,65,229,32,2
0,65,230,32,2
0,65,231,32,2
0,65,232,32,2
0,65,233,32,2
0,65,234,32,2
0,65,235,32,2
0,65,236,32,2
0,65,237,32,2
0,65,238,32,2
0,65,239,32,2
0,65,240,32,2
0,66,213,32,2
0,66,214,32,2
0,66,215,32,2
0,66,216,32,2
0,66,217,32,2
0,66,218,32,2
0,66,219,32,2
0,66,220,32,2
0,66,221,32,2
0,66,222,32,2
0,66,223,32,2
0,66,224,32,2
0,66,225,32,2
0,66,226,32,2
0,66,227,32,2
0,66,228,32,2
0,66,229,32,2
0,66,230,32,2
0,66,231,32,2
0,66,232,32,2
0,66,233,32,2
0,66,234,32,2
0,66,235,32,2
0,66,236,32,2
0,66,237,32,2
0,66,238,32,2
0,66,239,32,2
0,66,240,32,2
0,67,213,32,2
0,67,214,32,2
0,67,215,32,2
0,67,216,32,2
0,67,217,32,2
0,67,218,32,2
0,67,219,32,2
0,67,220,32,2
0,67,221,32,2
0,67,222,32,2
0,67,223,32,2
0,67,224,32,2
0,67,225,32,2
0,67,226,32,2
0,67,227,32,2
0,67,228,32,2
0,67,229,32,2
0,67,230,32,2
0,67,231,32,2
0,67,232,32,2
0,67,233,32,2
0,67,234,32,2
0,67,235,32,2
0,67,236,32,2
0,67,237,32,2
0,67,238,32,2
0,67,239,32,2
0,67,240,32,2
0,68,213,32,2
0,68,214,32,2
0,68,215,32,2
0,68,216,32,2
0,68,217,32,2
0,68,218,32,2
0,68,219,32,2
0,68,220,32,2
0,68,221,32,2
0,68,222,32,2
0,68,223,32,2
0,68,224,32,2
0,68,225,32,2
0,68,226,32,2
0,68,227,32,2
0,68,228,32,2
0,68,229,32,2
0,68,230,32,2
0,68,231,32,2
0,68,232,32,2
0,68,233,32,2
0,68,234,32,2
0,68,235,32,2
0,68,236,32,2
0,68,237,32,2
0,68,238,32,2
0,68,239,32,2
0,68,240,32,2
0,62,241,32,2
0,62,242,32,2
0,62,243,32,2
0,62,244,32,2
0,62,245,32,2
0,62,246,32,2
0,62,247,32,2
0,63,241,32,2
0,63,242,32,2
0,63,243,32,2
0,63,244,32,2
0,63,245,32,2
0,63,246,32,2
0,63,247,32,2
0,64,241,32,2
0,64,242,32,2
0,64,243,32,2
0,64,244,32,2
0,64,245,32,2
0,64,246,32,2
0,64,247,32,2
0,65,241,32,2
0,65,242,32,2
0,65,243,32,2
0,65,244,32,2
0,65,245,32,2
0,65,246,32,2
0,65,247,32,2
0,66,241,32,2
0,66,242,32,2
0,66,243,32,2
0,66,244,32,2
0,66,245,32,2
0,66,246,32,2
0,66,247,32,2
0,67,241,32,2
0,67,242,32,2
0,67,243,32,2
0,67,244,32,2
0,67,245,32,2
0,67,246,32,2
0,67,247,32,2
0,68,241,32,2
0,68,242,32,2
0,68,243,32,2
0,68,244,32,2
0,68,245,32,2
0,68,246,32,2
0,68,247,32,2
0,69,241,32,2
0,69,242,32,2
0,69,243,32,2
0,69,244,32,2
0,69,245,32,2
0,69,246,32,2
0,69,247,32,2
0,70,241,32,2
0,70,242,32,2
0,70,243,32,2
0,70,244,32,2
0,70,245,32,2
0,70,246,32,2
0,70,247,32,2
0,71,241,32,2
0,71,242,32,2
0,71,243,32,2
0,71,244,32,2
0,71,245,32,2
0,71,246,32,2
0,71,247,32,2
0,72,241,32,2
0,72,242,32,2
0,72,243,32,2
0,72,244,32,2
0,72,245,32,2
0,72,246,32,2
0,72,247,32,2
0,73,241,32,2
0,73,242,32,2
0,73,243,32,2
0,73,244,32,2
0,73,245,32,2
0,73,246,32,2
0,73,247,32,2
0,74,241,32,2
0,74,242,32,2
0,74,243,32,2
0,74,244,32,2
0,74,245,32,2
0,74,246,32,2
0,74,247,32,2
0,75,241,32,2
0,75,242,32,2
0,75,243,32,2
0,75,244,32,2
0,75,245,32,2
0,75,246,32,2
0,75,247,32,2
0,76,241,32,2
0,76,242,32,2
0,76,243,32,2
0,76,244,32,2
0,76,245,32,2
0,76,246,32,2
0,76,247,32,2
0,77,241,32,2
0,77,242,32,2
0,77,243,32,2
0,77,244,32,2
0,77,245,32,2
0,77,246,32,2
0,77,247,32,2
0,78,241,32,2
0,78,242,32,2
0,78,243,32,2
0,78,244,32,2
0,78,245,32,2
0,78,246,32,2
0,78,247,32,2
0,79,241,32,2
0,79,242,32,2
0,79,243,32,2
0,79,244,32,2
0,79,245,32,2
0,79,246,32,2
0,79,247,32,2
0,80,241,32,2
0,80,242,32,2
0,80,243,32,2
0,80,244,32,2
0,80,245,32,2
0,80,246,32,2
0,80,247,32,2
0,81,241,32,2
0,81,242,32,2
0,81,243,32,2
0,81,244,32,2
0,81,245,32,2
0,81,246,32,2
0,81,247,32,2
0,82,241,32,2
0,82,242,32,2
0,82,243,32,2
0,82,244,32,2
0,82,245,32,2
0,82,246,32,2
0,82,247,32,2
0,83,241,32,2
0,83,242,32,2
0,83,243,32,2
0,83,244,32,2
0,83,245,32,2
0,83,246,32,2
0,83,247,32,2
0,84,241,32,2
0,84,242,32,2
0,84,243,32,2
0,84,244,32,2
0,84,245,32,2
0,84,246,32,2
0,84,247,32,2
0,85,241,32,2
0,85,242,32,2
0,85,243,32,2
0,85,244,32,2
0,85,245,32,2
0,85,246,32,2
0,85,247,32,2
0,86,241,32,2
0,86,242,32,2
0,86,243,32,2
0,86,244,32,2
0,86,245,32,2
0,86,246,32,2
0,86,247,32,2
0,87,241,32,2
0,87,242,32,2
0,87,243,32,2
0,87,244,32,2
0,87,245,32,2
0,87,246,32,2
0,87,247,32,2
0,88,241,32,2
0,88,242,32,2
0,88,243,32,2
0,88,244,32,2
0,88,245,32,2
0,88,246,32,2
0,88,247,32,2
0,89,241,32,2
0,89,242,32,2
0,89,243,32,2
0,89,244,32,2
0,89,245,32,2
0,89,246,32,2
0,89,247,32,2
0,90,241,32,2
0,90,242,32,2
0,90,243,32,2
0,90,244,32,2
0,90,245,32,2
0,90,246,32,2
0,90,247,32,2
0,91,241,32,2
0,91,242,32,2
0,91,243,32,2
0,91,244,32,2
0,91,245,32,2
0,91,246,32,2
0,91,247,32,2
0,92,241,32,2
0,92,242,32,2
0,92,243,32,2
0,92,244,32,2
0,92,245,32,2
0,92,246,32,2
0,92,247,32,2
0,93,241,32,2
0,93,242,32,2
0,93,243,32,2
0,93,244,32,2
0,93,245,32,2
0,93,246,32,2
0,93,247,32,2
0,94,241,32,2
0,94,242,32,2
0,94,243,32,2
0,94,244,32,2
0,94,245,32,2
0,94,246,32,2
0,94,247,32,2
0,95,241,32,2
0,95,242,32,2
0,95,243,32,2
0,95,244,32,2
0,95,245,32,2
0,95,246,32,2
0,95,247,32,2
0,96,241,32,2
0,96,242,32,2
0,96,243,32,2
0,96,244,32,2
0,96,245,32,2
0,96,246,32,2
0,96,247,32,2
0,97,241,32,2
0,97,242,32,2
0,97,243,32,2
0,97,244,32,2
0,97,245,32,2
0,97,246,32,2
0,97,247,32,2
0,98,241,32,2
0,98,242,32,2
0,98,243,32,2
0,98,244,32,2
0,98,245,32,2
0,98,246,32,2
0,98,247,32,2
0,99,241,32,2
0,99,242,32,2
0,99,243,32,2
0,99,244,32,2
0,99,245,32,2
0,99,246,32,2
0,99,247,32,2
0,100,241,32,2
0,100,242,32,2
0,100,243,32,2
0,100,244,32,2
0,100,245,32,2
0,100,246,32,2
0,100,247,32,2
0,101,241,32,2
0,101,242,32,2
0,101,243,32,2
0,101,244,32,2
0,101,245,32,2
0,101,246,32,2
0,101,247,32,2
0,102,241,32,2
0,102,242,32,2
0,102,243,32,2
0,102,244,32,2
0,102,245,32,2
0,102,246,32,2
0,102,247,32,2
0,103,241,32,2
0,103,242,32,2
0,103,243,32,2
0,103,244,32,2
0,103,245,32,2
0,103,246,32,2
0,103,247,32,2
0,104,241,32,2
0,104,242,32,2
0,104,243,32,2
0,104,244,32,2
0,104,245,32,2
0,104,246,32,2
0,104,247,32,2
0,105,241,32,2
0,105,242,32,2
0,105,243,32,2
0,105,244,32,2
0,105,245,32,2
0,105,246,32,2
0,105,247,32,2
0,106,241,32,2
0,106,242,32,2
0,106,243,32,2
0,106,244,32,2
0,106,245,32,2
0,106,246,32,2
0,106,247,32,2
0,107,241,32,2
0,107,242,32,2
0,107,243,32,2
0,107,244,32,2
0,107,245,32,2
0,107,246,32,2
0,107,247,32,2
0,108,241,32,2
0,108,242,32,2
0,108,243,32,2
0,108,244,32,2
0,108,245,32,2
0,108,246,32,2
0,108,247,32,2
0,109,241,32,2
0,109,242,32,2
0,109,243,32,2
0,109,244,32,2
0,109,245,32,2
0,109,246,32,2
0,109,247,32,2
0,110,241,32,2
0,110,242,32,2
0,110,243,32,2
0,110,244,32,2
0,110,245,32,2
0,110,246,32,2
0,110,247,32,2
