0,84,251,24,1
2,80,252,12,1
2,80,253,12,1
2,80,254,12,1
4,83,251,14,1
4,83,252,14,1
4,83,253,14,1
5,83,254,5,1
0,84,252,24,1
3,84,254,9,1
3,85,254,9,1
3,86,254,9,1
3,87,254,9,1
3,88,254,9,1
3,89,254,9,1
3,90,254,9,1
3,91,254,9,1
3,92,254,9,1
3,93,254,9,1
3,94,254,9,1
3,95,254,9,1
3,96,254,9,1
3,97,254,9,1
3,98,254,9,1
3,99,254,9,1
3,100,254,9,1
3,101,254,9,1
0,84,253,20,1
0,85,253,19,1
0,86,253,19,1
0,87,253,19,1
0,89,253,19,1
0,90,253,19,1
0,92,253,19,1
0,93,253,19,1
0,94,253,19,1
0,95,253,19,1
0,96,253,19,1
0,98,253,19,1
0,99,253,19,1
0,100,253,19,1
0,88,253,20,1
0,88,251,24,1
0,88,252,24,1
0,85,251,13,1
0,85,252,13,1
0,86,251,13,1
0,86,252,13,1
0,87,251,13,1
0,87,252,13,1
0,89,251,13,1
0,89,252,13,1
0,90,251,13,1
0,90,252,13,1
0,91,253,20,1
0,91,251,24,1
0,91,252,24,1
0,92,251,13,1
0,92,252,13,1
0,93,251,13,1
0,93,252,13,1
0,94,251,13,1
0,94,252,13,1
0,95,251,13,1
0,95,252,13,1
0,96,251,13,1
0,96,252,13,1
0,97,251,24,1
0,97,252,24,1
0,97,253,20,1
0,101,253,20,1
0,101,251,24,1
0,101,252,24,1
0,98,251,13,1
0,98,252,13,1
0,99,251,13,1
0,99,252,13,1
0,100,251,13,1
0,100,252,13,1
2,80,255,12,1
2,80,256,12,1
2,80,257,12,1
2,80,258,12,1
2,80,259,12,1
2,80,260,12,1
2,80,261,12,1
2,80,262,12,1
1,81,263,17,1
1,82,263,17,1
1,83,263,17,1
0,80,263,16,1
0,79,253,19,1
0,72,253,19,1
0,73,253,19,1
0,74,253,19,1
0,75,253,19,1
0,76,253,19,1
0,77,253,19,1
0,78,253,19,1
0,72,252,13,1
0,73,252,13,1
0,74,252,13,1
0,75,252,13,1
0,76,252,13,1
0,77,252,13,1
0,78,252,13,1
0,79,252,13,1
2,80,251,12,1
0,72,251,13,1
0,73,251,13,1
0,74,251,13,1
0,75,251,13,1
0,76,251,13,1
0,77,251,13,1
0,78,251,13,1
0,79,251,13,1
0,79,259,19,1
0,72,259,19,1
0,73,259,19,1
0,74,259,19,1
0,75,259,19,1
0,76,259,19,1
0,77,259,19,1
0,78,259,19,1
0,72,254,13,1
0,72,255,13,1
0,72,256,13,1
0,72,257,13,1
0,72,258,13,1
0,73,254,13,1
0,73,255,13,1
0,73,256,13,1
0,73,257,13,1
0,73,258,13,1
0,74,256,13,1
0,74,257,13,1
0,74,258,13,1
0,75,254,13,1
0,75,255,13,1
0,75,256,13,1
0,75,257,13,1
0,75,258,13,1
0,76,254,13,1
0,76,255,13,1
0,76,256,13,1
0,76,257,13,1
0,76,258,13,1
0,77,254,13,1
0,77,255,13,1
0,77,256,13,1
0,77,257,13,1
0,77,258,13,1
0,78,254,13,1
0,78,255,13,1
0,78,256,13,1
0,78,257,13,1
0,78,258,13,1
0,79,254,13,1
0,79,255,13,1
0,79,256,13,1
0,79,257,13,1
0,79,258,13,1
0,72,260,13,1
0,72,261,13,1
0,72,262,13,1
0,72,263,13,1
0,72,264,13,1
0,72,265,13,1
0,72,266,13,1
0,72,267,13,1
0,73,260,13,1
0,73,261,13,1
0,73,262,13,1
0,73,263,13,1
0,73,264,13,1
0,73,265,13,1
0,73,266,13,1
0,73,267,13,1
0,74,260,13,1
0,74,261,13,1
0,74,262,13,1
0,74,263,13,1
0,74,264,13,1
0,74,265,13,1
0,74,266,13,1
0,74,267,13,1
0,75,260,13,1
0,75,261,13,1
0,75,262,13,1
0,75,263,13,1
0,75,264,13,1
0,75,265,13,1
0,75,266,13,1
0,75,267,13,1
0,76,260,13,1
0,76,261,13,1
0,76,262,13,1
0,76,263,13,1
0,76,264,13,1
0,76,265,13,1
0,76,266,13,1
0,76,267,13,1
0,77,260,13,1
0,77,261,13,1
0,77,262,13,1
0,77,263,13,1
0,77,264,13,1
0,77,265,13,1
0,77,266,13,1
0,77,267,13,1
0,78,260,13,1
0,78,261,13,1
0,78,262,13,1
0,78,263,13,1
0,78,264,13,1
0,78,265,13,1
0,78,266,13,1
0,78,267,13,1
0,79,260,13,1
0,79,261,13,1
0,79,262,13,1
0,79,263,13,1
0,79,264,13,1
0,79,265,13,1
0,79,266,13,1
0,79,267,13,1
0,80,264,13,1
0,80,265,13,1
0,80,266,13,1
0,80,267,13,1
0,81,264,13,1
0,81,265,13,1
0,81,266,13,1
0,81,267,13,1
0,82,264,13,1
0,82,265,13,1
0,82,266,13,1
0,82,267,13,1
0,83,264,13,1
0,83,265,13,1
0,83,266,13,1
0,83,267,13,1
0,84,264,24,1
0,84,265,24,1
0,84,266,24,1
0,84,267,24,1
1,84,263,17,1
1,85,263,17,1
0,85,264,13,1
0,85,265,13,1
0,85,266,13,1
0,85,267,13,1
0,86,264,13,1
0,86,265,13,1
0,86,266,13,1
0,86,267,13,1
1,86,263,17,1
0,87,264,24,1
0,87,265,24,1
0,87,266,24,1
0,87,267,24,1
0,89,264,24,1
0,89,265,24,1
0,89,266,24,1
0,89,267,24,1
1,87,263,17,1
1,88,263,17,1
1,89,263,17,1
1,90,263,17,1
1,91,263,17,1
1,92,263,17,1
1,93,263,17,1
1,94,263,17,1
0,88,264,13,1
0,88,265,13,1
0,88,266,13,1
0,88,267,13,1
0,90,264,13,1
0,90,265,13,1
0,90,266,13,1
0,90,267,13,1
0,91,264,13,1
0,91,265,13,1
0,91,266,13,1
0,91,267,13,1
0,92,264,13,1
0,92,265,13,1
0,92,266,13,1
0,92,267,13,1
0,94,264,13,1
0,94,265,13,1
0,94,266,13,1
0,94,267,13,1
0,93,264,24,1
0,93,265,24,1
0,93,266,24,1
0,93,267,24,1
0,95,264,24,1
0,95,265,24,1
0,95,266,24,1
0,95,267,24,1
1,95,263,17,1
0,98,264,24,1
0,98,265,24,1
0,98,266,24,1
0,98,267,24,1
0,99,263,18,1
5,99,262,1,1
5,100,262,2,1
0,100,263,16,1
1,96,263,17,1
1,97,263,17,1
1,98,263,17,1
0,96,264,13,1
0,96,265,13,1
0,96,266,13,1
0,96,267,13,1
0,97,264,13,1
0,97,265,13,1
0,97,266,13,1
0,97,267,13,1
0,99,264,13,1
0,99,265,13,1
0,99,266,13,1
0,99,267,13,1
0,100,264,13,1
0,100,265,13,1
0,100,266,13,1
0,100,267,13,1
0,101,264,13,1
0,101,265,13,1
0,101,266,13,1
0,101,267,13,1
0,74,254,13,1
0,74,255,13,1
1,101,263,17,1
1,102,263,17,1
1,103,263,17,1
1,104,263,17,1
0,105,263,18,1
5,105,262,1,1
5,106,262,2,1
0,106,263,16,1
1,107,263,17,1
1,108,263,17,1
1,109,263,17,1
1,110,263,17,1
0,102,264,24,1
0,102,265,24,1
0,102,266,24,1
0,102,267,24,1
0,103,264,13,1
0,103,265,13,1
0,103,266,13,1
0,103,267,13,1
0,104,264,13,1
0,104,265,13,1
0,104,266,13,1
0,104,267,13,1
0,105,264,13,1
0,105,265,13,1
0,105,266,13,1
0,105,267,13,1
0,106,264,13,1
0,106,265,13,1
0,106,266,13,1
0,106,267,13,1
0,107,264,13,1
0,107,265,13,1
0,107,266,13,1
0,107,267,13,1
0,108,264,24,1
0,108,265,24,1
0,108,266,24,1
0,108,267,24,1
0,109,264,24,1
0,109,265,24,1
0,109,266,24,1
0,109,267,24,1
0,110,264,13,1
0,110,265,13,1
0,110,266,13,1
0,110,267,13,1
0,111,264,13,1
0,111,265,13,1
0,111,266,13,1
0,111,267,13,1
0,112,264,13,1
0,112,265,13,1
0,112,266,13,1
0,112,267,13,1
0,113,264,13,1
0,113,265,13,1
0,113,266,13,1
0,113,267,13,1
0,111,263,18,1
5,111,262,1,1
5,112,262,2,1
0,112,263,16,1
1,113,263,17,1
1,114,263,17,1
1,115,263,17,1
1,116,263,17,1
0,114,264,24,1
0,114,265,24,1
0,114,266,24,1
0,114,267,24,1
0,115,264,24,1
0,115,265,24,1
0,115,266,24,1
0,115,267,24,1
0,116,264,13,1
0,116,265,13,1
0,116,266,13,1
0,116,267,13,1
0,117,264,13,1
0,117,265,13,1
0,117,266,13,1
0,117,267,13,1
0,118,264,13,1
0,118,265,13,1
0,118,266,13,1
0,118,267,13,1
0,117,263,18,1
4,117,262,14,1
5,117,261,1,1
1,118,261,17,1
1,119,261,17,1
1,120,261,17,1
1,121,261,17,1
1,122,261,17,1
0,118,262,13,1
0,118,263,13,1
0,119,262,24,1
0,119,263,24,1
0,119,264,24,1
0,119,265,24,1
0,119,266,24,1
0,119,267,24,1
0,120,262,13,1
0,120,263,13,1
0,120,264,13,1
0,120,265,13,1
0,120,266,13,1
0,120,267,13,1
0,121,262,13,1
0,121,263,13,1
0,121,264,13,1
0,121,265,13,1
0,121,266,13,1
0,121,267,13,1
0,122,262,13,1
0,122,263,13,1
0,122,264,13,1
0,122,265,13,1
0,122,266,13,1
0,122,267,13,1
0,123,262,13,1
0,123,263,13,1
0,123,264,13,1
0,123,265,13,1
0,123,266,13,1
0,123,267,13,1
0,123,261,18,1
4,123,260,14,1
5,123,259,1,1
1,124,259,17,1
1,125,259,17,1
1,126,259,17,1
0,124,260,24,1
0,124,261,24,1
0,124,262,24,1
0,124,263,24,1
0,124,264,24,1
0,124,265,24,1
0,124,266,24,1
0,124,267,24,1
0,125,260,13,1
0,125,261,13,1
0,125,262,13,1
0,125,263,13,1
0,125,264,13,1
0,125,265,13,1
0,125,266,13,1
0,125,267,13,1
0,126,260,13,1
0,126,261,13,1
0,126,262,13,1
0,126,263,13,1
0,126,264,13,1
0,126,265,13,1
0,126,266,13,1
0,126,267,13,1
0,127,260,9,1
0,128,260,9,1
0,129,260,9,1
0,130,260,9,1
0,131,260,9,1
0,132,260,9,1
0,133,260,9,1
0,134,260,9,1
0,135,260,9,1
5,123,256,6,1
0,123,251,12,1
0,123,252,12,1
0,123,253,12,1
0,123,254,12,1
2,123,255,12,1
3,124,254,44,1
3,125,254,45,1
3,126,254,45,1
0,125,253,41,1
0,125,252,37,1
0,126,252,38,1
0,126,253,42,1
0,124,251,40,1
0,124,252,40,1
0,124,253,40,1
0,125,251,46,1
0,126,251,46,1
3,106,256,9,1
3,107,256,9,1
3,108,256,9,1
3,109,256,9,1
3,110,256,9,1
3,111,256,9,1
3,112,256,9,1
3,113,256,9,1
3,114,256,9,1
3,115,256,9,1
3,116,256,9,1
3,117,256,9,1
5,105,256,5,1
4,105,255,14,1
3,102,254,9,1
3,103,254,9,1
3,104,254,9,1
0,105,254,10,1
0,102,253,19,1
0,103,253,19,1
0,104,253,19,1
0,105,253,19,1
0,106,253,19,1
0,108,253,19,1
0,109,253,19,1
0,110,253,19,1
0,111,253,19,1
0,112,253,19,1
0,114,253,19,1
0,116,253,19,1
0,117,253,19,1
0,118,253,19,1
0,119,253,19,1
0,121,253,19,1
0,122,253,19,1
0,107,251,24,1
0,107,252,24,1
0,107,254,24,1
0,107,255,24,1
0,107,253,20,1
0,102,251,13,1
0,102,252,13,1
0,103,251,13,1
0,103,252,13,1
0,104,251,13,1
0,104,252,13,1
0,105,251,13,1
0,105,252,13,1
0,106,251,13,1
0,106,252,13,1
0,106,254,13,1
0,106,255,13,1
0,113,251,24,1
0,113,252,24,1
0,113,254,24,1
0,113,255,24,1
0,113,253,20,1
0,115,253,20,1
0,115,251,24,1
0,115,252,24,1
0,115,254,24,1
0,115,255,24,1
0,108,254,13,1
0,108,255,13,1
0,109,254,13,1
0,109,255,13,1
0,110,254,13,1
0,110,255,13,1
0,111,254,13,1
0,111,255,13,1
0,112,254,13,1
0,112,255,13,1
0,108,251,13,1
0,108,252,13,1
0,109,251,13,1
0,109,252,13,1
0,110,251,13,1
0,110,252,13,1
0,111,251,13,1
0,111,252,13,1
0,112,251,13,1
0,112,252,13,1
0,114,251,13,1
0,114,252,13,1
0,114,254,13,1
0,114,255,13,1
0,120,255,24,1
0,120,254,24,1
0,120,252,24,1
0,120,251,24,1
0,120,253,20,1
0,121,254,13,1
0,121,255,13,1
0,122,254,13,1
0,122,255,13,1
0,121,251,13,1
0,121,252,13,1
0,122,251,13,1
0,122,252,13,1
0,116,251,13,1
0,116,252,13,1
0,117,251,13,1
0,117,252,13,1
0,118,251,13,1
0,118,252,13,1
0,119,251,13,1
0,119,252,13,1
0,116,254,13,1
0,116,255,13,1
0,117,254,13,1
0,117,255,13,1
0,118,254,13,1
0,118,255,13,1
0,119,254,13,1
0,119,255,13,1
0,127,254,9,1
0,128,254,9,1
0,129,254,9,1
0,130,254,9,1
0,131,254,9,1
0,132,254,9,1
0,133,254,9,1
0,134,254,9,1
0,135,254,9,1
0,136,254,9,1
0,127,253,17,1
0,128,253,17,1
0,129,253,17,1
0,130,253,17,1
0,131,253,17,1
0,132,253,17,1
0,133,253,17,1
0,134,253,17,1
0,135,253,17,1
0,136,253,17,1
0,127,259,17,1
0,128,259,17,1
0,129,259,17,1
0,130,259,17,1
0,131,259,17,1
0,132,259,17,1
0,133,259,17,1
0,134,259,17,1
0,135,259,17,1
3,118,256,9,1
3,119,256,9,1
3,120,256,9,1
3,121,256,9,1
3,122,256,9,1
0,89,262,33,1
0,90,262,33,1
0,91,262,33,1
0,92,262,33,1
0,93,262,33,1
0,94,262,33,1
0,90,261,33,1
0,91,261,33,1
0,92,261,33,1
0,93,261,33,1
0,91,255,33,1
0,91,256,33,1
0,91,257,33,1
0,91,258,33,1
0,91,259,33,1
0,91,260,33,1
0,92,255,33,1
0,92,256,33,1
0,92,257,33,1
0,92,258,33,1
0,92,259,33,1
0,92,260,33,1
0,109,262,33,1
0,110,262,33,1
0,109,257,33,1
0,109,258,33,1
0,109,259,33,1
0,109,260,33,1
0,109,261,33,1
0,110,257,33,1
0,110,258,33,1
0,110,259,33,1
0,110,260,33,1
0,110,261,33,1
0,108,258,33,1
0,111,258,33,1
0,107,257,33,1
0,108,257,33,1
0,111,257,33,1
0,112,257,33,1
0,72,268,13,1
0,73,268,13,1
0,74,268,13,1
0,75,268,13,1
0,76,268,13,1
0,77,268,13,1
0,78,268,13,1
0,79,268,13,1
0,80,268,13,1
0,81,268,13,1
0,82,268,13,1
0,83,268,13,1
0,85,268,13,1
0,86,268,13,1
0,88,268,13,1
0,90,268,13,1
0,91,268,13,1
0,92,268,13,1
0,94,268,13,1
0,97,268,13,1
0,99,268,13,1
0,100,268,13,1
0,101,268,13,1
0,103,268,13,1
0,104,268,13,1
0,105,268,13,1
0,106,268,13,1
0,107,268,13,1
0,110,268,13,1
0,111,268,13,1
0,112,268,13,1
0,113,268,13,1
0,116,268,13,1
0,117,268,13,1
0,118,268,13,1
0,120,268,13,1
0,121,268,13,1
0,122,268,13,1
0,123,268,13,1
0,125,268,13,1
0,126,268,13,1
0,84,268,24,1
0,87,268,24,1
0,89,268,24,1
0,93,268,24,1
0,95,268,24,1
0,96,268,13,1
0,98,268,24,1
0,102,268,24,1
0,108,268,24,1
0,109,268,24,1
0,114,268,24,1
0,115,268,24,1
0,119,268,24,1
0,124,268,24,1
0,71,251,13,1
0,71,252,13,1
0,71,254,13,1
0,71,255,13,1
0,71,256,13,1
0,71,257,13,1
0,71,258,13,1
0,71,260,13,1
0,71,261,13,1
0,71,262,13,1
0,71,263,13,1
0,71,264,13,1
0,71,265,13,1
0,71,266,13,1
0,71,267,13,1
0,71,268,13,1
0,71,253,19,1
0,71,259,19,1
0,74,249,32,2
0,74,250,32,2
0,74,251,32,2
0,74,252,32,2
0,74,253,32,2
0,74,254,32,2
0,74,255,32,2
0,74,256,32,2
0,74,257,32,2
0,74,258,32,2
0,74,259,32,2
0,74,260,32,2
0,74,261,32,2
0,74,262,32,2
0,74,263,32,2
0,74,264,32,2
0,74,265,32,2
0,74,266,32,2
0,74,267,32,2
0,74,268,32,2
0,75,249,32,2
0,75,250,32,2
0,75,251,32,2
0,75,252,32,2
0,75,253,32,2
0,75,254,32,2
0,75,255,32,2
0,75,256,32,2
0,75,257,32,2
0,75,258,32,2
0,75,259,32,2
0,75,260,32,2
0,75,261,32,2
0,75,262,32,2
0,75,263,32,2
0,75,264,32,2
0,75,265,32,2
0,75,266,32,2
0,75,267,32,2
0,75,268,32,2
0,76,249,32,2
0,76,250,32,2
0,76,251,32,2
0,76,252,32,2
0,76,253,32,2
0,76,254,32,2
0,76,255,32,2
0,76,256,32,2
0,76,257,32,2
0,76,258,32,2
0,76,259,32,2
0,76,260,32,2
0,76,261,32,2
0,76,262,32,2
0,76,263,32,2
0,76,264,32,2
0,76,265,32,2
0,76,266,32,2
0,76,267,32,2
0,76,268,32,2
0,77,249,32,2
0,77,250,32,2
0,77,251,32,2
0,77,252,32,2
0,77,253,32,2
0,77,255,32,2
0,77,256,32,2
0,77,257,32,2
0,77,258,32,2
0,77,259,32,2
0,77,260,32,2
0,77,261,32,2
0,77,262,32,2
0,77,263,32,2
0,77,264,32,2
0,77,265,32,2
0,77,266,32,2
0,77,267,32,2
0,77,268,32,2
0,78,249,32,2
0,78,250,32,2
0,78,251,32,2
0,78,252,32,2
0,78,253,32,2
0,78,254,32,2
0,78,255,32,2
0,78,256,32,2
0,78,257,32,2
0,78,258,32,2
0,78,259,32,2
0,78,261,32,2
0,78,262,32,2
0,78,264,32,2
0,78,265,32,2
0,78,266,32,2
0,78,267,32,2
0,78,268,32,2
0,79,249,32,2
0,79,250,32,2
0,79,251,32,2
0,79,252,32,2
0,79,253,32,2
0,79,254,32,2
0,79,255,32,2
0,79,257,32,2
0,79,258,32,2
0,79,260,32,2
0,79,261,32,2
0,79,262,32,2
0,79,263,32,2
0,79,264,32,2
0,79,265,32,2
0,79,266,32,2
0,79,267,32,2
0,79,268,32,2
0,80,249,32,2
0,80,250,32,2
0,80,251,32,2
0,80,252,32,2
0,80,253,32,2
0,80,254,32,2
0,80,255,32,2
0,80,256,32,2
0,80,257,32,2
0,80,258,32,2
0,80,259,32,2
0,80,260,32,2
0,80,262,32,2
0,80,263,32,2
0,80,264,32,2
0,80,265,32,2
0,80,266,32,2
0,80,267,32,2
0,80,268,32,2
0,81,249,32,2
0,81,250,32,2
0,81,251,32,2
0,81,252,32,2
0,81,253,32,2
0,81,254,32,2
0,81,256,32,2
0,81,259,32,2
0,81,260,32,2
0,81,262,32,2
0,81,263,32,2
0,81,264,32,2
0,81,265,32,2
0,81,266,32,2
0,81,267,32,2
0,81,268,32,2
0,82,249,32,2
0,82,250,32,2
0,82,251,32,2
0,82,252,32,2
0,82,253,32,2
0,82,255,32,2
0,82,256,32,2
0,82,259,32,2
0,82,260,32,2
0,82,261,32,2
0,82,262,32,2
0,82,263,32,2
0,82,264,32,2
0,82,265,32,2
0,82,266,32,2
0,82,267,32,2
0,82,268,32,2
0,83,249,32,2
0,83,250,32,2
0,83,251,32,2
0,83,252,32,2
0,83,253,32,2
0,83,254,32,2
0,83,255,32,2
0,83,256,32,2
0,83,257,32,2
0,83,258,32,2
0,83,261,32,2
0,83,263,32,2
0,83,264,32,2
0,83,265,32,2
0,83,266,32,2
0,83,267,32,2
0,83,268,32,2
0,84,249,32,2
0,84,250,32,2
0,84,251,32,2
0,84,252,32,2
0,84,253,32,2
0,84,254,32,2
0,84,256,32,2
0,84,257,32,2
0,84,258,32,2
0,84,262,32,2
0,84,263,32,2
0,84,264,32,2
0,84,265,32,2
0,84,266,32,2
0,84,267,32,2
0,84,268,32,2
0,85,249,32,2
0,85,250,32,2
0,85,251,32,2
0,85,252,32,2
0,85,253,32,2
0,85,254,32,2
0,85,255,32,2
0,85,256,32,2
0,85,259,32,2
0,85,260,32,2
0,85,262,32,2
0,85,263,32,2
0,85,264,32,2
0,85,265,32,2
0,85,266,32,2
0,85,267,32,2
0,85,268,32,2
0,86,249,32,2
0,86,250,32,2
0,86,251,32,2
0,86,252,32,2
0,86,253,32,2
0,86,254,32,2
0,86,256,32,2
0,86,259,32,2
0,86,260,32,2
0,86,261,32,2
0,86,262,32,2
0,86,263,32,2
0,86,264,32,2
0,86,265,32,2
0,86,266,32,2
0,86,267,32,2
0,86,268,32,2
0,87,249,32,2
0,87,250,32,2
0,87,251,32,2
0,87,252,32,2
0,87,253,32,2
0,87,254,32,2
0,87,256,32,2
0,87,257,32,2
0,87,260,32,2
0,87,261,32,2
0,87,262,32,2
0,87,263,32,2
0,87,264,32,2
0,87,265,32,2
0,87,266,32,2
0,87,267,32,2
0,87,268,32,2
0,88,249,32,2
0,88,250,32,2
0,88,251,32,2
0,88,252,32,2
0,88,253,32,2
0,88,254,32,2
0,88,255,32,2
0,88,256,32,2
0,88,258,32,2
0,88,259,32,2
0,88,260,32,2
0,88,261,32,2
0,88,262,32,2
0,88,263,32,2
0,88,264,32,2
0,88,265,32,2
0,88,266,32,2
0,88,267,32,2
0,88,268,32,2
0,89,249,32,2
0,89,250,32,2
0,89,251,32,2
0,89,252,32,2
0,89,253,32,2
0,89,254,32,2
0,89,255,32,2
0,89,256,32,2
0,89,257,32,2
0,89,260,32,2
0,89,261,32,2
0,89,262,32,2
0,89,263,32,2
0,89,264,32,2
0,89,265,32,2
0,89,266,32,2
0,89,267,32,2
0,89,268,32,2
0,90,249,32,2
0,90,250,32,2
0,90,251,32,2
0,90,252,32,2
0,90,253,32,2
0,90,254,32,2
0,90,255,32,2
0,90,257,32,2
0,90,259,32,2
0,90,261,32,2
0,90,262,32,2
0,90,263,32,2
0,90,264,32,2
0,90,265,32,2
0,90,266,32,2
0,90,267,32,2
0,90,268,32,2
0,91,249,32,2
0,91,250,32,2
0,91,251,32,2
0,91,252,32,2
0,91,253,32,2
0,91,254,32,2
0,91,255,32,2
0,91,257,32,2
0,91,258,32,2
0,91,259,32,2
0,91,260,32,2
0,91,261,32,2
0,91,263,32,2
0,91,264,32,2
0,91,265,32,2
0,91,266,32,2
0,91,267,32,2
0,91,268,32,2
0,92,249,32,2
0,92,250,32,2
0,92,251,32,2
0,92,252,32,2
0,92,253,32,2
0,92,254,32,2
0,92,255,32,2
0,92,256,32,2
0,92,257,32,2
0,92,258,32,2
0,92,260,32,2
0,92,261,32,2
0,92,262,32,2
0,92,263,32,2
0,92,264,32,2
0,92,265,32,2
0,92,266,32,2
0,92,267,32,2
0,92,268,32,2
0,93,249,32,2
0,93,250,32,2
0,93,251,32,2
0,93,252,32,2
0,93,253,32,2
0,93,254,32,2
0,93,255,32,2
0,93,256,32,2
0,93,257,32,2
0,93,258,32,2
0,93,259,32,2
0,93,260,32,2
0,93,261,32,2
0,93,262,32,2
0,93,263,32,2
0,93,264,32,2
0,93,265,32,2
0,93,266,32,2
0,93,267,32,2
0,93,268,32,2
0,94,249,32,2
0,94,250,32,2
0,94,251,32,2
0,94,252,32,2
0,94,253,32,2
0,94,254,32,2
0,94,255,32,2
0,94,257,32,2
0,94,258,32,2
0,94,259,32,2
0,94,261,32,2
0,94,264,32,2
0,94,265,32,2
0,94,266,32,2
0,94,267,32,2
0,94,268,32,2
0,95,249,32,2
0,95,250,32,2
0,95,251,32,2
0,95,252,32,2
0,95,253,32,2
0,95,254,32,2
0,95,255,32,2
0,95,256,32,2
0,95,257,32,2
0,95,258,32,2
0,95,259,32,2
0,95,260,32,2
0,95,261,32,2
0,95,262,32,2
0,95,263,32,2
0,95,264,32,2
0,95,265,32,2
0,95,266,32,2
0,95,267,32,2
0,95,268,32,2
0,96,249,32,2
0,96,250,32,2
0,96,251,32,2
0,96,252,32,2
0,96,253,32,2
0,96,254,32,2
0,96,255,32,2
0,96,256,32,2
0,96,257,32,2
0,96,258,32,2
0,96,259,32,2
0,96,260,32,2
0,96,261,32,2
0,96,262,32,2
0,96,263,32,2
0,96,264,32,2
0,96,265,32,2
0,96,266,32,2
0,96,267,32,2
0,96,268,32,2
0,97,249,32,2
0,97,250,32,2
0,97,251,32,2
0,97,252,32,2
0,97,253,32,2
0,97,254,32,2
0,97,255,32,2
0,97,256,32,2
0,97,257,32,2
0,97,258,32,2
0,97,259,32,2
0,97,260,32,2
0,97,261,32,2
0,97,262,32,2
0,97,263,32,2
0,97,264,32,2
0,97,265,32,2
0,97,266,32,2
0,97,267,32,2
0,97,268,32,2
0,98,249,32,2
0,98,250,32,2
0,98,251,32,2
0,98,252,32,2
0,98,253,32,2
0,98,254,32,2
0,98,255,32,2
0,98,256,32,2
0,98,259,32,2
0,98,260,32,2
0,98,261,32,2
0,98,262,32,2
0,98,263,32,2
0,98,264,32,2
0,98,265,32,2
0,98,266,32,2
0,98,267,32,2
0,98,268,32,2
0,99,249,32,2
0,99,250,32,2
0,99,251,32,2
0,99,252,32,2
0,99,253,32,2
0,99,254,32,2
0,99,255,32,2
0,99,256,32,2
0,99,259,32,2
0,99,260,32,2
0,99,261,32,2
0,99,262,32,2
0,99,263,32,2
0,99,264,32,2
0,99,265,32,2
0,99,266,32,2
0,99,267,32,2
0,99,268,32,2
0,100,249,32,2
0,100,250,32,2
0,100,251,32,2
0,100,252,32,2
0,100,253,32,2
0,100,254,32,2
0,100,255,32,2
0,100,256,32,2
0,100,261,32,2
0,100,262,32,2
0,100,263,32,2
0,100,264,32,2
0,100,265,32,2
0,100,266,32,2
0,100,267,32,2
0,100,268,32,2
0,101,249,32,2
0,101,250,32,2
0,101,251,32,2
0,101,252,32,2
0,101,253,32,2
0,101,254,32,2
0,101,255,32,2
0,101,256,32,2
0,101,261,32,2
0,101,262,32,2
0,101,263,32,2
0,101,264,32,2
0,101,265,32,2
0,101,266,32,2
0,101,267,32,2
0,101,268,32,2
0,102,249,32,2
0,102,250,32,2
0,102,251,32,2
0,102,252,32,2
0,102,253,32,2
0,102,254,32,2
0,102,255,32,2
0,102,256,32,2
0,102,259,32,2
0,102,260,32,2
0,102,261,32,2
0,102,262,32,2
0,102,263,32,2
0,102,264,32,2
0,102,265,32,2
0,102,266,32,2
0,102,267,32,2
0,102,268,32,2
0,103,249,32,2
0,103,250,32,2
0,103,251,32,2
0,103,252,32,2
0,103,253,32,2
0,103,254,32,2
0,103,255,32,2
0,103,256,32,2
0,103,259,32,2
0,103,260,32,2
0,103,261,32,2
0,103,262,32,2
0,103,263,32,2
0,103,264,32,2
0,103,265,32,2
0,103,266,32,2
0,103,267,32,2
0,103,268,32,2
0,104,249,32,2
0,104,250,32,2
0,104,251,32,2
0,104,252,32,2
0,104,253,32,2
0,104,254,32,2
0,104,255,32,2
0,104,256,32,2
0,104,257,32,2
0,104,258,32,2
0,104,259,32,2
0,104,261,32,2
0,104,262,32,2
0,104,263,32,2
0,104,264,32,2
0,104,265,32,2
0,104,266,32,2
0,104,267,32,2
0,104,268,32,2
0,105,249,32,2
0,105,250,32,2
0,105,251,32,2
0,105,252,32,2
0,105,253,32,2
0,105,254,32,2
0,105,255,32,2
0,105,256,32,2
0,105,257,32,2
0,105,258,32,2
0,105,259,32,2
0,105,262,32,2
0,105,263,32,2
0,105,264,32,2
0,105,265,32,2
0,105,266,32,2
0,105,267,32,2
0,105,268,32,2
0,106,249,32,2
0,106,250,32,2
0,106,251,32,2
0,106,252,32,2
0,106,253,32,2
0,106,254,32,2
0,106,255,32,2
0,106,256,32,2
0,106,257,32,2
0,106,258,32,2
0,106,260,32,2
0,106,261,32,2
0,106,262,32,2
0,106,263,32,2
0,106,264,32,2
0,106,265,32,2
0,106,266,32,2
0,106,267,32,2
0,106,268,32,2
0,106,269,32,2
0,107,249,32,2
0,107,250,32,2
0,107,251,32,2
0,107,252,32,2
0,107,253,32,2
0,107,254,32,2
0,107,255,32,2
0,107,256,32,2
0,107,259,32,2
0,107,260,32,2
0,107,261,32,2
0,107,262,32,2
0,107,263,32,2
0,107,264,32,2
0,107,265,32,2
0,107,266,32,2
0,107,267,32,2
0,107,268,32,2
0,107,269,32,2
0,108,249,32,2
0,108,250,32,2
0,108,251,32,2
0,108,252,32,2
0,108,253,32,2
0,108,254,32,2
0,108,255,32,2
0,108,256,32,2
0,108,257,32,2
0,108,262,32,2
0,108,263,32,2
0,108,264,32,2
0,108,265,32,2
0,108,266,32,2
0,108,267,32,2
0,108,268,32,2
0,108,269,32,2
0,109,249,32,2
0,109,250,32,2
0,109,251,32,2
0,109,252,32,2
0,109,253,32,2
0,109,254,32,2
0,109,255,32,2
0,109,256,32,2
0,109,257,32,2
0,109,258,32,2
0,109,259,32,2
0,109,260,32,2
0,109,261,32,2
0,109,263,32,2
0,109,264,32,2
0,109,265,32,2
0,109,266,32,2
0,109,267,32,2
0,109,268,32,2
0,109,269,32,2
0,110,249,32,2
0,110,250,32,2
0,110,251,32,2
0,110,252,32,2
0,110,253,32,2
0,110,254,32,2
0,110,255,32,2
0,110,256,32,2
0,110,257,32,2
0,110,258,32,2
0,110,259,32,2
0,110,260,32,2
0,110,262,32,2
0,110,263,32,2
0,110,264,32,2
0,110,265,32,2
0,110,266,32,2
0,110,267,32,2
0,110,268,32,2
0,110,269,32,2
0,111,249,32,2
0,111,250,32,2
0,111,251,32,2
0,111,252,32,2
0,111,253,32,2
0,111,254,32,2
0,111,255,32,2
0,111,256,32,2
0,111,257,32,2
0,111,258,32,2
0,111,260,32,2
0,111,261,32,2
0,111,262,32,2
0,111,263,32,2
0,111,264,32,2
0,111,265,32,2
0,111,266,32,2
0,111,267,32,2
0,111,268,32,2
0,111,269,32,2
0,112,249,32,2
0,112,250,32,2
0,112,251,32,2
0,112,252,32,2
0,112,253,32,2
0,112,254,32,2
0,112,255,32,2
0,112,256,32,2
0,112,257,32,2
0,112,258,32,2
0,112,259,32,2
0,112,260,32,2
0,112,261,32,2
0,112,262,32,2
0,112,263,32,2
0,112,264,32,2
0,112,265,32,2
0,112,266,32,2
0,112,267,32,2
0,112,268,32,2
0,112,269,32,2
0,113,249,32,2
0,113,250,32,2
0,113,251,32,2
0,113,252,32,2
0,113,253,32,2
0,113,254,32,2
0,113,255,32,2
0,113,256,32,2
0,113,257,32,2
0,113,258,32,2
0,113,259,32,2
0,113,261,32,2
0,113,262,32,2
0,113,263,32,2
0,113,264,32,2
0,113,265,32,2
0,113,266,32,2
0,113,267,32,2
0,113,268,32,2
0,113,269,32,2
0,114,249,32,2
0,114,250,32,2
0,114,251,32,2
0,114,252,32,2
0,114,253,32,2
0,114,254,32,2
0,114,255,32,2
0,114,256,32,2
0,114,257,32,2
0,114,258,32,2
0,114,259,32,2
0,114,260,32,2
0,114,261,32,2
0,114,263,32,2
0,114,264,32,2
0,114,265,32,2
0,114,266,32,2
0,114,267,32,2
0,114,268,32,2
0,114,269,32,2
0,115,249,32,2
0,115,250,32,2
0,115,251,32,2
0,115,252,32,2
0,115,253,32,2
0,115,254,32,2
0,115,255,32,2
0,115,256,32,2
0,115,257,32,2
0,115,258,32,2
0,115,259,32,2
0,115,261,32,2
0,115,262,32,2
0,115,263,32,2
0,115,264,32,2
0,115,265,32,2
0,115,266,32,2
0,115,267,32,2
0,115,268,32,2
0,115,269,32,2
0,116,249,32,2
0,116,250,32,2
0,116,251,32,2
0,116,252,32,2
0,116,253,32,2
0,116,254,32,2
0,116,255,32,2
0,116,256,32,2
0,116,257,32,2
0,116,258,32,2
0,116,259,32,2
0,116,260,32,2
0,116,261,32,2
0,116,262,32,2
0,116,263,32,2
0,116,264,32,2
0,116,265,32,2
0,116,266,32,2
0,116,267,32,2
0,116,268,32,2
0,116,269,32,2
0,117,249,32,2
0,117,250,32,2
0,117,251,32,2
0,117,252,32,2
0,117,253,32,2
0,117,254,32,2
0,117,255,32,2
0,117,256,32,2
0,117,257,32,2
0,117,259,32,2
0,117,260,32,2
0,117,261,32,2
0,117,262,32,2
0,117,263,32,2
0,117,264,32,2
0,117,265,32,2
0,117,266,32,2
0,117,267,32,2
0,117,268,32,2
0,117,269,32,2
0,118,249,32,2
0,118,250,32,2
0,118,251,32,2
0,118,252,32,2
0,118,253,32,2
0,118,254,32,2
0,118,255,32,2
0,118,256,32,2
0,118,257,32,2
0,118,258,32,2
0,118,259,32,2
0,118,260,32,2
0,118,261,32,2
0,118,262,32,2
0,118,263,32,2
0,118,264,32,2
0,118,265,32,2
0,118,266,32,2
0,118,267,32,2
0,118,268,32,2
0,118,269,32,2
0,119,249,32,2
0,119,250,32,2
0,119,251,32,2
0,119,252,32,2
0,119,253,32,2
0,119,254,32,2
0,119,255,32,2
0,119,256,32,2
0,119,257,32,2
0,119,259,32,2
0,119,260,32,2
0,119,261,32,2
0,119,262,32,2
0,119,263,32,2
0,119,264,32,2
0,119,265,32,2
0,119,266,32,2
0,119,267,32,2
0,119,268,32,2
0,119,269,32,2
0,120,249,32,2
0,120,250,32,2
0,120,251,32,2
0,120,252,32,2
0,120,253,32,2
0,120,254,32,2
0,120,255,32,2
0,120,256,32,2
0,120,257,32,2
0,120,259,32,2
0,120,260,32,2
0,120,261,32,2
0,120,262,32,2
0,120,263,32,2
0,120,264,32,2
0,120,265,32,2
0,120,266,32,2
0,120,267,32,2
0,120,268,32,2
0,120,269,32,2
0,121,249,32,2
0,121,250,32,2
0,121,251,32,2
0,121,252,32,2
0,121,253,32,2
0,121,254,32,2
0,121,255,32,2
0,121,256,32,2
0,121,258,32,2
0,121,259,32,2
0,121,260,32,2
0,121,261,32,2
0,121,262,32,2
0,121,263,32,2
0,121,264,32,2
0,121,265,32,2
0,121,266,32,2
0,121,267,32,2
0,121,268,32,2
0,121,269,32,2
0,122,249,32,2
0,122,250,32,2
0,122,251,32,2
0,122,252,32,2
0,122,253,32,2
0,122,254,32,2
0,122,255,32,2
0,122,256,32,2
0,122,257,32,2
0,122,258,32,2
0,122,259,32,2
0,122,260,32,2
0,122,261,32,2
0,122,262,32,2
0,122,263,32,2
0,122,264,32,2
0,122,265,32,2
0,122,266,32,2
0,122,267,32,2
0,122,268,32,2
0,122,269,32,2
0,123,249,32,2
0,123,250,32,2
0,123,251,32,2
0,123,252,32,2
0,123,253,32,2
0,123,254,32,2
0,123,255,32,2
0,123,256,32,2
0,123,257,32,2
0,123,258,32,2
0,123,259,32,2
0,123,260,32,2
0,123,261,32,2
0,123,262,32,2
0,123,263,32,2
0,123,264,32,2
0,123,265,32,2
0,123,266,32,2
0,123,267,32,2
0,123,268,32,2
0,123,269,32,2
0,124,249,32,2
0,124,250,32,2
0,124,251,32,2
0,124,252,32,2
0,124,253,32,2
0,124,254,32,2
0,124,255,32,2
0,124,257,32,2
0,124,258,32,2
0,124,259,32,2
0,124,260,32,2
0,124,261,32,2
0,124,262,32,2
0,124,263,32,2
0,124,264,32,2
0,124,265,32,2
0,124,266,32,2
0,124,267,32,2
0,124,268,32,2
0,124,269,32,2
0,125,249,32,2
0,125,250,32,2
0,125,251,32,2
0,125,252,32,2
0,125,253,32,2
0,125,254,32,2
0,125,255,32,2
0,125,256,32,2
0,125,257,32,2
0,125,258,32,2
0,125,259,32,2
0,125,260,32,2
0,125,261,32,2
0,125,262,32,2
0,125,263,32,2
0,125,264,32,2
0,125,265,32,2
0,125,266,32,2
0,125,267,32,2
0,125,268,32,2
0,125,269,32,2
0,126,249,32,2
0,126,250,32,2
0,126,251,32,2
0,126,252,32,2
0,126,253,32,2
0,126,254,32,2
0,126,255,32,2
0,126,256,32,2
0,126,257,32,2
0,126,258,32,2
0,126,259,32,2
0,126,260,32,2
0,126,261,32,2
0,126,262,32,2
0,126,263,32,2
0,126,264,32,2
0,126,265,32,2
0,126,266,32,2
0,126,267,32,2
0,126,268,32,2
0,126,269,32,2
0,127,249,32,2
0,127,250,32,2
0,127,251,32,2
0,127,252,32,2
0,127,253,32,2
0,127,254,32,2
0,127,259,32,2
0,127,260,32,2
0,127,261,32,2
0,127,262,32,2
0,127,263,32,2
0,127,264,32,2
0,127,265,32,2
0,127,266,32,2
0,127,267,32,2
0,127,268,32,2
0,127,269,32,2
0,128,249,32,2
0,128,250,32,2
0,128,251,32,2
0,128,252,32,2
0,128,253,32,2
0,128,254,32,2
0,128,259,32,2
0,128,260,32,2
0,128,261,32,2
0,128,262,32,2
0,128,263,32,2
0,128,264,32,2
0,128,265,32,2
0,128,266,32,2
0,128,267,32,2
0,128,268,32,2
0,128,269,32,2
0,129,249,32,2
0,129,250,32,2
0,129,251,32,2
0,129,252,32,2
0,129,253,32,2
0,129,254,32,2
0,129,259,32,2
0,129,260,32,2
0,129,261,32,2
0,129,262,32,2
0,129,263,32,2
0,129,264,32,2
0,129,265,32,2
0,129,266,32,2
0,129,267,32,2
0,129,268,32,2
0,129,269,32,2
0,130,249,32,2
0,130,250,32,2
0,130,251,32,2
0,130,252,32,2
0,130,253,32,2
0,130,254,32,2
0,130,259,32,2
0,130,260,32,2
0,130,261,32,2
0,130,262,32,2
0,130,263,32,2
0,130,264,32,2
0,130,265,32,2
0,130,266,32,2
0,130,267,32,2
0,130,268,32,2
0,130,269,32,2
0,131,249,32,2
0,131,250,32,2
0,131,251,32,2
0,131,252,32,2
0,131,253,32,2
0,131,254,32,2
0,131,255,32,2
0,131,256,32,2
0,131,257,32,2
0,131,258,32,2
0,131,259,32,2
0,131,260,32,2
0,131,261,32,2
0,131,262,32,2
0,131,263,32,2
0,131,264,32,2
0,131,265,32,2
0,131,266,32,2
0,131,267,32,2
0,131,268,32,2
0,131,269,32,2
0,132,249,32,2
0,132,250,32,2
0,132,251,32,2
0,132,252,32,2
0,132,253,32,2
0,132,254,32,2
0,132,255,32,2
0,132,256,32,2
0,132,257,32,2
0,132,258,32,2
0,132,259,32,2
0,132,260,32,2
0,132,261,32,2
0,132,262,32,2
0,132,263,32,2
0,132,264,32,2
0,132,265,32,2
0,132,266,32,2
0,132,267,32,2
0,132,268,32,2
0,132,269,32,2
0,88,257,27,2
0,87,258,27,2
0,87,259,27,2
0,86,258,35,2
0,86,257,31,2
0,85,257,30,2
0,85,258,34,2
0,83,260,34,2
0,84,260,35,2
0,84,259,31,2
0,83,259,30,2
0,81,257,30,2
0,81,258,34,2
0,82,258,35,2
0,82,257,31,2
0,85,261,27,2
0,84,261,27,2
0,83,262,27,2
0,81,261,27,2
0,79,259,27,2
0,78,260,27,2
0,78,263,27,2
0,80,261,27,2
0,79,256,27,2
0,77,254,27,2
0,81,255,27,2
0,82,254,27,2
0,84,255,27,2
0,86,255,27,2
0,87,255,27,2
0,90,258,27,2
0,92,259,27,2
0,94,260,27,2
0,94,262,27,2
0,94,263,27,2
0,91,262,27,2
0,90,260,27,2
0,89,259,27,2
0,89,258,27,2
0,90,256,27,2
0,91,256,27,2
0,94,256,27,2
0,98,257,30,2
0,100,257,30,2
0,102,257,30,2
0,100,259,30,2
0,101,259,31,2
0,101,257,31,2
0,103,257,31,2
0,99,257,31,2
0,99,258,35,2
0,101,258,35,2
0,103,258,35,2
0,101,260,35,2
0,100,260,34,2
0,98,258,34,2
0,100,258,34,2
0,102,258,34,2
0,104,260,27,2
0,106,259,27,2
0,105,260,27,2
0,105,261,27,2
0,107,258,27,2
0,107,257,27,2
0,108,258,27,2
0,108,259,27,2
0,108,260,27,2
0,108,261,27,2
0,109,262,27,2
0,110,261,27,2
0,111,259,27,2
0,113,260,27,2
0,114,262,27,2
0,115,260,27,2
0,117,258,27,2
0,124,256,27,2
0,121,257,27,2
0,119,258,27,2
0,127,255,32,2
0,127,256,32,2
0,127,257,32,2
0,127,258,32,2
0,128,255,32,2
0,128,256,32,2
0,128,257,32,2
0,128,258,32,2
0,129,255,32,2
0,129,256,32,2
0,129,257,32,2
0,129,258,32,2
0,130,255,32,2
0,130,256,32,2
0,130,257,32,2
0,130,258,32,2
0,120,258,27,2
