2,143,259,2,1
2,143,255,48,1
2,143,256,48,1
2,143,257,48,1
2,143,258,48,1
2,143,260,12,1
2,143,261,12,1
2,143,262,12,1
1,144,263,17,1
5,146,262,1,1
1,147,262,17,1
5,148,261,1,1
5,149,261,2,1
1,150,262,17,1
1,151,262,17,1
5,152,261,1,1
5,153,261,2,1
0,148,262,18,1
0,149,262,16,1
0,143,263,16,1
0,143,264,13,1
0,143,265,13,1
0,143,266,13,1
0,143,267,13,1
0,143,268,13,1
0,143,269,13,1
0,144,264,13,1
0,144,265,13,1
0,144,266,13,1
0,144,267,13,1
0,144,268,13,1
0,144,269,13,1
0,145,264,13,1
0,145,265,13,1
0,145,266,13,1
0,145,267,13,1
0,145,268,13,1
0,145,269,13,1
0,146,264,13,1
0,146,265,13,1
0,146,266,13,1
0,146,267,13,1
0,146,268,13,1
0,146,269,13,1
0,147,263,13,1
0,147,264,13,1
0,147,265,13,1
0,147,266,13,1
0,147,267,13,1
0,147,268,13,1
0,147,269,13,1
0,148,263,13,1
0,148,264,13,1
0,148,265,13,1
0,148,266,13,1
0,148,267,13,1
0,148,268,13,1
0,148,269,13,1
0,149,263,13,1
0,149,264,13,1
0,149,265,13,1
0,149,266,13,1
0,149,267,13,1
0,149,268,13,1
0,149,269,13,1
0,150,263,13,1
0,150,264,13,1
0,150,265,13,1
0,150,266,13,1
0,150,267,13,1
0,150,268,13,1
0,150,269,13,1
0,151,263,13,1
0,151,264,13,1
0,151,265,13,1
0,151,266,13,1
0,151,267,13,1
0,151,268,13,1
0,151,269,13,1
0,152,263,13,1
0,152,264,13,1
0,152,265,13,1
0,152,266,13,1
0,152,267,13,1
0,152,268,13,1
0,152,269,13,1
0,153,263,13,1
0,153,264,13,1
0,153,265,13,1
0,153,266,13,1
0,153,267,13,1
0,153,268,13,1
0,153,269,13,1
0,154,263,13,1
0,154,264,13,1
0,154,265,13,1
0,154,266,13,1
0,154,267,13,1
0,154,268,13,1
0,154,269,13,1
0,155,264,13,1
0,155,265,13,1
0,155,266,13,1
0,155,267,13,1
0,155,268,13,1
0,155,269,13,1
0,156,264,13,1
0,156,265,13,1
0,156,266,13,1
0,156,267,13,1
0,156,268,13,1
0,156,269,13,1
0,157,264,13,1
0,157,265,13,1
0,157,266,13,1
0,157,267,13,1
0,157,268,13,1
0,157,269,13,1
0,158,264,13,1
0,158,265,13,1
0,158,266,13,1
0,158,267,13,1
0,158,268,13,1
0,158,269,13,1
0,152,262,18,1
0,153,262,16,1
0,146,263,18,1
1,145,263,17,1
1,154,262,17,1
5,155,262,2,1
1,156,263,17,1
1,157,263,17,1
0,158,263,18,1
4,158,255,14,1
4,158,256,14,1
4,158,257,14,1
4,158,258,14,1
4,158,259,14,1
4,158,260,14,1
4,158,261,14,1
4,158,262,14,1
4,158,252,14,1
4,158,253,14,1
4,158,254,14,1
2,143,254,6,1
2,143,251,12,1
2,143,252,12,1
2,143,253,12,1
4,158,251,14,1
4,158,250,14,1
4,158,249,14,1
0,159,249,13,1
0,159,250,13,1
0,159,251,13,1
0,159,252,13,1
0,159,253,13,1
0,159,254,13,1
0,159,255,13,1
0,159,256,13,1
0,159,257,13,1
0,159,258,13,1
0,159,259,13,1
0,159,260,13,1
0,159,261,13,1
0,159,262,13,1
0,159,263,13,1
0,159,264,13,1
0,159,265,13,1
0,159,266,13,1
0,159,267,13,1
0,159,268,13,1
0,159,269,13,1
0,160,249,13,1
0,160,250,13,1
0,160,251,13,1
0,160,252,13,1
0,160,253,13,1
0,160,254,13,1
0,160,255,13,1
0,160,256,13,1
0,160,257,13,1
0,160,258,13,1
0,160,259,13,1
0,160,260,13,1
0,160,261,13,1
0,160,262,13,1
0,160,263,13,1
0,160,264,13,1
0,160,265,13,1
0,160,266,13,1
0,160,267,13,1
0,160,268,13,1
0,160,269,13,1
0,161,249,13,1
0,161,250,13,1
0,161,251,13,1
0,161,252,13,1
0,161,253,13,1
0,161,254,13,1
0,161,255,13,1
0,161,256,13,1
0,161,257,13,1
0,161,258,13,1
0,161,259,13,1
0,161,260,13,1
0,161,261,13,1
0,161,262,13,1
0,161,263,13,1
0,161,264,13,1
0,161,265,13,1
0,161,266,13,1
0,161,267,13,1
0,161,268,13,1
0,161,269,13,1
0,162,249,13,1
0,162,250,13,1
0,162,251,13,1
0,162,252,13,1
0,162,253,13,1
0,162,254,13,1
0,162,255,13,1
0,162,256,13,1
0,162,257,13,1
0,162,258,13,1
0,162,259,13,1
0,162,260,13,1
0,162,261,13,1
0,162,262,13,1
0,162,263,13,1
0,162,264,13,1
0,162,265,13,1
0,162,266,13,1
0,162,267,13,1
0,162,268,13,1
0,162,269,13,1
0,163,249,13,1
0,163,250,13,1
0,163,251,13,1
0,163,252,13,1
0,163,253,13,1
0,163,254,13,1
0,163,255,13,1
0,163,256,13,1
0,163,257,13,1
0,163,258,13,1
0,163,259,13,1
0,163,260,13,1
0,163,261,13,1
0,163,262,13,1
0,163,263,13,1
0,163,264,13,1
0,163,265,13,1
0,163,266,13,1
0,163,267,13,1
0,163,268,13,1
0,163,269,13,1
0,164,249,13,1
0,164,250,13,1
0,164,251,13,1
0,164,252,13,1
0,164,253,13,1
0,164,254,13,1
0,164,255,13,1
0,164,256,13,1
0,164,257,13,1
0,164,258,13,1
0,164,259,13,1
0,164,260,13,1
0,164,261,13,1
0,164,262,13,1
0,164,263,13,1
0,164,264,13,1
0,164,265,13,1
0,164,266,13,1
0,164,267,13,1
0,164,268,13,1
0,164,269,13,1
0,165,249,13,1
0,165,250,13,1
0,165,251,13,1
0,165,252,13,1
0,165,253,13,1
0,165,254,13,1
0,165,255,13,1
0,165,256,13,1
0,165,257,13,1
0,165,258,13,1
0,165,259,13,1
0,165,260,13,1
0,165,261,13,1
0,165,262,13,1
0,165,263,13,1
0,165,264,13,1
0,165,265,13,1
0,165,266,13,1
0,165,267,13,1
0,165,268,13,1
0,165,269,13,1
0,166,249,13,1
0,166,250,13,1
0,166,251,13,1
0,166,252,13,1
0,166,253,13,1
0,166,254,13,1
0,166,255,13,1
0,166,256,13,1
0,166,257,13,1
0,166,258,13,1
0,166,259,13,1
0,166,260,13,1
0,166,261,13,1
0,166,262,13,1
0,166,263,13,1
0,166,264,13,1
0,166,265,13,1
0,166,266,13,1
0,166,267,13,1
0,166,268,13,1
0,166,269,13,1
0,167,249,13,1
0,167,250,13,1
0,167,251,13,1
0,167,252,13,1
0,167,253,13,1
0,167,254,13,1
0,167,255,13,1
0,167,256,13,1
0,167,257,13,1
0,167,258,13,1
0,167,259,13,1
0,167,260,13,1
0,167,261,13,1
0,167,262,13,1
0,167,263,13,1
0,167,264,13,1
0,167,265,13,1
0,167,266,13,1
0,167,267,13,1
0,167,268,13,1
0,167,269,13,1
0,128,259,17,1
0,129,259,17,1
0,130,259,17,1
0,131,259,17,1
0,132,259,17,1
0,133,259,17,1
0,134,259,17,1
0,135,259,17,1
0,136,259,17,1
0,137,259,17,1
0,138,259,17,1
0,139,259,17,1
0,140,259,17,1
0,141,259,17,1
0,142,259,17,1
0,128,253,17,1
0,129,253,17,1
0,130,253,17,1
0,131,253,17,1
0,132,253,17,1
0,133,253,17,1
0,134,253,17,1
0,135,253,17,1
0,136,253,17,1
0,137,253,17,1
0,138,253,17,1
0,139,253,17,1
0,140,253,17,1
0,141,253,17,1
0,142,253,17,1
0,128,254,9,1
0,129,254,9,1
0,130,254,9,1
0,131,254,9,1
0,132,254,9,1
0,133,254,9,1
0,134,254,9,1
0,135,254,9,1
0,136,254,9,1
0,137,254,9,1
0,138,254,9,1
0,139,254,9,1
0,140,254,9,1
0,141,254,9,1
0,142,254,9,1
0,128,260,9,1
0,129,260,9,1
0,130,260,9,1
0,131,260,9,1
0,132,260,9,1
0,133,260,9,1
0,134,260,9,1
0,135,260,9,1
0,136,260,9,1
0,137,260,9,1
0,138,260,9,1
0,139,260,9,1
0,140,260,9,1
0,141,260,9,1
0,142,260,9,1
2,143,248,12,1
2,143,249,12,1
2,143,250,12,1
4,158,248,14,1
0,159,248,13,1
0,160,248,13,1
0,161,248,13,1
0,162,248,13,1
0,163,248,13,1
0,164,248,13,1
0,165,248,13,1
0,166,248,13,1
0,167,248,13,1
0,155,263,16,1
