3,21,44,9,1
3,22,44,9,1
3,23,44,9,1
0,24,44,10,1
5,24,45,5,1
3,25,45,9,1
5,26,46,5,1
3,27,46,9,1
3,28,46,9,1
3,29,46,9,1
5,20,44,5,1
4,20,41,14,1
4,20,42,14,1
4,20,43,14,1
2,17,41,12,1
2,17,42,12,1
2,17,43,12,1
2,17,44,12,1
2,17,45,12,1
2,17,46,12,1
0,17,47,16,1
1,18,47,17,1
5,19,47,2,1
1,20,48,17,1
1,21,48,17,1
1,22,48,17,1
0,19,48,16,1
5,23,48,2,1
1,24,49,17,1
1,25,49,17,1
1,26,49,17,1
0,23,49,16,1
5,27,49,2,1
5,27,50,6,1
0,30,46,10,1
4,30,47,14,1
4,30,48,14,1
4,30,49,14,1
4,30,50,14,1
4,30,51,14,1
4,30,52,14,1
0,30,53,18,1
1,29,53,17,1
5,28,53,1,1
4,28,54,14,1
4,28,55,14,1
4,28,56,14,1
4,28,57,14,1
3,24,50,9,1
3,25,50,9,1
3,26,50,9,1
0,23,50,8,1
2,23,51,12,1
5,23,52,6,1
3,20,52,9,1
3,21,52,9,1
3,22,52,9,1
0,19,52,8,1
0,26,45,10,1
2,19,53,12,1
2,19,54,12,1
2,19,55,12,1
2,19,56,12,1
2,19,57,12,1
0,17,40,12,1
0,20,40,14,1
0,18,48,24,1
0,18,49,24,1
0,18,50,24,1
0,18,51,24,1
0,18,52,24,1
0,18,54,24,1
0,18,55,24,1
0,18,56,24,1
0,19,49,13,1
0,19,50,13,1
0,19,51,13,1
0,20,49,13,1
0,20,50,13,1
0,20,51,13,1
0,21,49,13,1
0,21,50,13,1
0,21,51,13,1
0,22,49,13,1
0,22,50,13,1
0,22,51,13,1
0,17,48,13,1
0,17,49,13,1
0,17,50,13,1
0,17,51,13,1
0,17,52,13,1
0,17,54,13,1
0,17,55,13,1
0,17,56,13,1
0,16,40,24,1
0,16,41,24,1
0,16,42,24,1
0,16,43,24,1
0,16,44,24,1
0,16,45,24,1
0,16,46,24,1
0,16,47,24,1
0,16,48,24,1
0,16,49,24,1
0,16,50,24,1
0,16,51,24,1
0,16,52,24,1
0,16,54,24,1
0,16,55,24,1
0,16,56,24,1
0,18,53,20,1
0,16,53,20,1
0,17,53,19,1
0,9,53,19,1
0,10,53,19,1
0,11,53,19,1
0,12,53,19,1
0,13,53,19,1
0,14,53,19,1
0,15,53,19,1
0,8,53,19,1
0,8,40,13,1
0,8,41,13,1
0,8,42,13,1
0,8,43,13,1
0,8,44,13,1
0,8,45,13,1
0,8,46,13,1
0,8,47,13,1
0,8,48,13,1
0,8,49,13,1
0,8,50,13,1
0,8,51,13,1
0,8,52,13,1
0,9,40,13,1
0,9,41,13,1
0,9,42,13,1
0,9,43,13,1
0,9,44,13,1
0,9,45,13,1
0,9,46,13,1
0,9,47,13,1
0,9,48,13,1
0,9,49,13,1
0,9,50,13,1
0,9,51,13,1
0,9,52,13,1
0,10,40,13,1
0,10,41,13,1
0,10,42,13,1
0,10,43,13,1
0,10,44,13,1
0,10,45,13,1
0,10,46,13,1
0,10,47,13,1
0,10,48,13,1
0,10,49,13,1
0,10,50,13,1
0,10,51,13,1
0,10,52,13,1
0,11,40,13,1
0,11,41,13,1
0,11,42,13,1
0,11,43,13,1
0,11,44,13,1
0,11,45,13,1
0,11,46,13,1
0,11,47,13,1
0,11,48,13,1
0,11,49,13,1
0,11,50,13,1
0,11,51,13,1
0,11,52,13,1
0,12,40,13,1
0,12,41,13,1
0,12,42,13,1
0,12,43,13,1
0,12,44,13,1
0,12,45,13,1
0,12,46,13,1
0,12,47,13,1
0,12,48,13,1
0,12,49,13,1
0,12,50,13,1
0,12,51,13,1
0,12,52,13,1
0,13,40,13,1
0,13,41,13,1
0,13,42,13,1
0,13,43,13,1
0,13,44,13,1
0,13,45,13,1
0,13,46,13,1
0,13,47,13,1
0,13,48,13,1
0,13,49,13,1
0,13,50,13,1
0,13,51,13,1
0,13,52,13,1
0,14,40,13,1
0,14,41,13,1
0,14,42,13,1
0,14,43,13,1
0,14,44,13,1
0,14,45,13,1
0,14,46,13,1
0,14,47,13,1
0,14,48,13,1
0,14,49,13,1
0,14,50,13,1
0,14,51,13,1
0,14,52,13,1
0,15,40,13,1
0,15,41,13,1
0,15,42,13,1
0,15,43,13,1
0,15,44,13,1
0,15,45,13,1
0,15,46,13,1
0,15,47,13,1
0,15,48,13,1
0,15,49,13,1
0,15,50,13,1
0,15,51,13,1
0,15,52,13,1
0,18,57,20,1
0,16,57,20,1
0,8,57,19,1
0,9,57,19,1
0,10,57,19,1
0,11,57,19,1
0,12,57,19,1
0,13,57,19,1
0,14,57,19,1
0,15,57,19,1
0,8,54,13,1
0,8,55,13,1
0,8,56,13,1
0,9,54,13,1
0,9,55,13,1
0,9,56,13,1
0,10,54,13,1
0,10,55,13,1
0,10,56,13,1
0,11,54,13,1
0,11,55,13,1
0,11,56,13,1
0,12,54,13,1
0,12,55,13,1
0,12,56,13,1
0,13,54,13,1
0,13,55,13,1
0,13,56,13,1
0,14,54,13,1
0,14,55,13,1
0,14,56,13,1
0,15,54,13,1
0,15,55,13,1
0,15,56,13,1
0,29,54,24,1
0,29,56,24,1
0,29,57,24,1
0,31,40,24,1
0,31,41,24,1
0,31,42,24,1
0,31,44,24,1
0,31,45,24,1
0,31,46,24,1
0,31,48,24,1
0,31,49,24,1
0,31,50,24,1
0,31,51,24,1
0,31,52,24,1
0,31,53,24,1
0,31,54,24,1
0,31,56,24,1
0,31,57,24,1
0,29,55,20,1
0,31,55,20,1
0,30,55,19,1
0,32,55,19,1
0,33,55,19,1
0,34,55,19,1
0,35,55,19,1
0,36,55,19,1
0,37,55,19,1
0,38,55,19,1
0,32,47,19,1
0,33,47,19,1
0,34,47,19,1
0,35,47,19,1
0,36,47,19,1
0,37,47,19,1
0,38,47,19,1
0,31,47,20,1
0,32,48,13,1
0,32,49,13,1
0,32,50,13,1
0,32,51,13,1
0,32,52,13,1
0,32,53,13,1
0,32,54,13,1
0,33,48,13,1
0,33,49,13,1
0,33,50,13,1
0,33,51,13,1
0,33,52,13,1
0,33,53,13,1
0,33,54,13,1
0,34,48,13,1
0,34,49,13,1
0,34,50,13,1
0,34,51,13,1
0,34,52,13,1
0,34,53,13,1
0,34,54,13,1
0,35,48,13,1
0,35,49,13,1
0,35,50,13,1
0,35,51,13,1
0,35,52,13,1
0,35,53,13,1
0,35,54,13,1
0,36,48,13,1
0,36,49,13,1
0,36,50,13,1
0,36,51,13,1
0,36,52,13,1
0,36,53,13,1
0,36,54,13,1
0,37,48,13,1
0,37,49,13,1
0,37,50,13,1
0,37,51,13,1
0,37,52,13,1
0,37,53,13,1
0,37,54,13,1
0,38,48,13,1
0,38,49,13,1
0,38,50,13,1
0,38,51,13,1
0,38,52,13,1
0,38,53,13,1
0,38,54,13,1
0,30,54,13,1
0,30,56,13,1
0,30,57,13,1
0,32,56,13,1
0,32,57,13,1
0,33,56,13,1
0,33,57,13,1
0,34,56,13,1
0,34,57,13,1
0,35,56,13,1
0,35,57,13,1
0,36,56,13,1
0,36,57,13,1
0,37,56,13,1
0,37,57,13,1
0,38,56,13,1
0,38,57,13,1
0,21,43,20,1
0,22,43,19,1
0,23,43,19,1
0,24,43,19,1
0,25,43,19,1
0,26,43,19,1
0,28,43,19,1
0,30,43,19,1
0,32,43,19,1
0,33,43,19,1
0,34,43,19,1
0,35,43,19,1
0,36,43,19,1
0,37,43,19,1
0,38,43,19,1
0,31,43,20,1
0,21,40,24,1
0,21,41,24,1
0,21,42,24,1
0,22,40,13,1
0,22,41,13,1
0,22,42,13,1
0,23,40,13,1
0,23,41,13,1
0,23,42,13,1
0,24,40,13,1
0,24,41,13,1
0,24,42,13,1
0,25,40,13,1
0,25,41,13,1
0,25,42,13,1
0,26,40,13,1
0,26,41,13,1
0,26,42,13,1
0,28,40,13,1
0,28,41,13,1
0,28,42,13,1
0,30,40,13,1
0,30,41,13,1
0,30,42,13,1
0,27,40,24,1
0,27,41,24,1
0,27,42,24,1
0,27,44,24,1
0,27,45,24,1
0,27,43,20,1
0,29,43,20,1
0,29,44,24,1
0,29,45,24,1
0,29,40,24,1
0,29,41,24,1
0,29,42,24,1
0,28,44,13,1
0,28,45,13,1
0,25,44,13,1
0,26,44,13,1
0,30,44,13,1
0,30,45,13,1
0,32,44,13,1
0,32,45,13,1
0,32,46,13,1
0,33,44,13,1
0,33,45,13,1
0,33,46,13,1
0,34,44,13,1
0,34,45,13,1
0,34,46,13,1
0,35,44,13,1
0,35,45,13,1
0,35,46,13,1
0,36,44,13,1
0,36,45,13,1
0,36,46,13,1
0,37,44,13,1
0,37,45,13,1
0,37,46,13,1
0,38,44,13,1
0,38,45,13,1
0,38,46,13,1
0,32,40,13,1
0,32,41,13,1
0,32,42,13,1
0,33,40,13,1
0,33,41,13,1
0,33,42,13,1
0,34,40,13,1
0,34,41,13,1
0,34,42,13,1
0,35,40,13,1
0,35,41,13,1
0,35,42,13,1
0,36,40,13,1
0,36,41,13,1
0,36,42,13,1
0,37,40,13,1
0,37,41,13,1
0,37,42,13,1
0,38,40,13,1
0,38,41,13,1
0,38,42,13,1
0,39,40,13,1
0,39,41,13,1
0,39,42,13,1
0,39,44,13,1
0,39,45,13,1
0,39,46,13,1
0,39,48,13,1
0,39,49,13,1
0,39,50,13,1
0,39,51,13,1
0,39,52,13,1
0,39,53,13,1
0,39,54,13,1
0,39,56,13,1
0,39,57,13,1
0,40,40,13,1
0,40,41,13,1
0,40,42,13,1
0,40,44,13,1
0,40,45,13,1
0,40,46,13,1
0,40,48,13,1
0,40,49,13,1
0,40,50,13,1
0,40,51,13,1
0,40,52,13,1
0,40,53,13,1
0,40,54,13,1
0,40,56,13,1
0,40,57,13,1
0,41,40,13,1
0,41,41,13,1
0,41,42,13,1
0,41,44,13,1
0,41,45,13,1
0,41,46,13,1
0,41,48,13,1
0,41,49,13,1
0,41,50,13,1
0,41,51,13,1
0,41,52,13,1
0,41,53,13,1
0,41,54,13,1
0,41,56,13,1
0,41,57,13,1
0,39,43,19,1
0,40,43,19,1
0,41,43,19,1
0,39,47,19,1
0,40,47,19,1
0,41,47,19,1
0,39,55,19,1
0,40,55,19,1
0,41,55,19,1
0,16,58,24,1
0,16,59,20,1
0,18,59,20,1
0,18,58,24,1
0,8,58,13,1
0,9,58,13,1
0,10,58,13,1
0,11,58,13,1
0,12,58,13,1
0,13,58,13,1
0,14,58,13,1
0,15,58,13,1
0,17,57,19,1
0,17,58,13,1
0,8,59,19,1
0,9,59,19,1
0,10,59,19,1
0,11,59,19,1
0,12,59,19,1
0,13,59,19,1
0,14,59,19,1
0,15,59,19,1
0,17,59,19,1
4,28,58,14,1
4,28,59,14,1
2,19,58,12,1
2,19,59,12,1
0,29,58,20,1
0,30,58,19,1
0,32,58,19,1
0,33,58,19,1
0,34,58,19,1
0,35,58,19,1
0,36,58,19,1
0,37,58,19,1
0,38,58,19,1
0,39,58,19,1
0,40,58,19,1
0,41,58,19,1
0,31,58,20,1
0,29,59,24,1
0,31,59,24,1
0,30,59,13,1
0,32,59,13,1
0,33,59,13,1
0,34,59,13,1
0,35,59,13,1
0,36,59,13,1
0,37,59,13,1
0,38,59,13,1
0,39,59,13,1
0,40,59,13,1
0,41,59,13,1
0,2,36,32,2
0,2,37,32,2
0,2,38,32,2
0,2,39,32,2
0,2,40,32,2
0,2,41,32,2
0,2,42,32,2
0,2,43,32,2
0,2,44,32,2
0,2,45,32,2
0,2,46,32,2
0,2,47,32,2
0,2,48,32,2
0,2,49,32,2
0,2,50,32,2
0,2,51,32,2
0,2,52,32,2
0,2,53,32,2
0,2,54,32,2
0,2,55,32,2
0,2,56,32,2
0,2,57,32,2
0,2,58,32,2
0,2,59,32,2
0,2,60,32,2
0,2,61,32,2
0,2,62,32,2
0,2,63,32,2
0,2,64,32,2
0,2,65,32,2
0,3,36,32,2
0,3,37,32,2
0,3,38,32,2
0,3,39,32,2
0,3,40,32,2
0,3,41,32,2
0,3,42,32,2
0,3,43,32,2
0,3,44,32,2
0,3,45,32,2
0,3,46,32,2
0,3,47,32,2
0,3,48,32,2
0,3,49,32,2
0,3,50,32,2
0,3,51,32,2
0,3,52,32,2
0,3,53,32,2
0,3,54,32,2
0,3,55,32,2
0,3,56,32,2
0,3,57,32,2
0,3,58,32,2
0,3,59,32,2
0,3,60,32,2
0,3,61,32,2
0,3,62,32,2
0,3,63,32,2
0,3,64,32,2
0,3,65,32,2
0,4,36,32,2
0,4,37,32,2
0,4,38,32,2
0,4,39,32,2
0,4,40,32,2
0,4,41,32,2
0,4,42,32,2
0,4,43,32,2
0,4,44,32,2
0,4,45,32,2
0,4,46,32,2
0,4,47,32,2
0,4,48,32,2
0,4,49,32,2
0,4,50,32,2
0,4,51,32,2
0,4,52,32,2
0,4,53,32,2
0,4,54,32,2
0,4,55,32,2
0,4,56,32,2
0,4,57,32,2
0,4,58,32,2
0,4,59,32,2
0,4,60,32,2
0,4,61,32,2
0,4,62,32,2
0,4,63,32,2
0,4,64,32,2
0,4,65,32,2
0,5,36,32,2
0,5,37,32,2
0,5,38,32,2
0,5,39,32,2
0,5,40,32,2
0,5,41,32,2
0,5,42,32,2
0,5,43,32,2
0,5,44,32,2
0,5,45,32,2
0,5,46,32,2
0,5,47,32,2
0,5,48,32,2
0,5,49,32,2
0,5,50,32,2
0,5,51,32,2
0,5,52,32,2
0,5,53,32,2
0,5,54,32,2
0,5,55,32,2
0,5,56,32,2
0,5,57,32,2
0,5,58,32,2
0,5,59,32,2
0,5,60,32,2
0,5,61,32,2
0,5,62,32,2
0,5,63,32,2
0,5,64,32,2
0,5,65,32,2
0,6,36,32,2
0,6,37,32,2
0,6,38,32,2
0,6,39,32,2
0,6,40,32,2
0,6,41,32,2
0,6,42,32,2
0,6,43,32,2
0,6,44,32,2
0,6,45,32,2
0,6,46,32,2
0,6,47,32,2
0,6,48,32,2
0,6,49,32,2
0,6,50,32,2
0,6,51,32,2
0,6,52,32,2
0,6,53,32,2
0,6,54,32,2
0,6,55,32,2
0,6,56,32,2
0,6,57,32,2
0,6,58,32,2
0,6,59,32,2
0,6,60,32,2
0,6,61,32,2
0,6,62,32,2
0,6,63,32,2
0,6,64,32,2
0,6,65,32,2
0,7,36,32,2
0,7,37,32,2
0,7,38,32,2
0,7,39,32,2
0,7,40,32,2
0,7,41,32,2
0,7,42,32,2
0,7,43,32,2
0,7,44,32,2
0,7,45,32,2
0,7,46,32,2
0,7,47,32,2
0,7,48,32,2
0,7,49,32,2
0,7,50,32,2
0,7,51,32,2
0,7,52,32,2
0,7,53,32,2
0,7,54,32,2
0,7,55,32,2
0,7,56,32,2
0,7,57,32,2
0,7,58,32,2
0,7,59,32,2
0,7,60,32,2
0,7,61,32,2
0,7,62,32,2
0,7,63,32,2
0,7,64,32,2
0,7,65,32,2
0,8,36,32,2
0,8,37,32,2
0,8,38,32,2
0,8,39,32,2
0,8,40,32,2
0,8,41,32,2
0,8,42,32,2
0,8,43,32,2
0,8,44,32,2
0,8,45,32,2
0,8,46,32,2
0,8,47,32,2
0,8,48,32,2
0,8,49,32,2
0,8,50,32,2
0,8,51,32,2
0,8,52,32,2
0,8,53,32,2
0,8,54,32,2
0,8,55,32,2
0,8,56,32,2
0,8,57,32,2
0,8,58,32,2
0,8,59,32,2
0,8,60,32,2
0,8,61,32,2
0,8,62,32,2
0,8,63,32,2
0,8,64,32,2
0,8,65,32,2
0,9,36,32,2
0,9,37,32,2
0,9,38,32,2
0,9,39,32,2
0,9,40,32,2
0,9,41,32,2
0,9,42,32,2
0,9,43,32,2
0,9,44,32,2
0,9,45,32,2
0,9,46,32,2
0,9,47,32,2
0,9,48,32,2
0,9,49,32,2
0,9,50,32,2
0,9,51,32,2
0,9,52,32,2
0,9,53,32,2
0,9,54,32,2
0,9,55,32,2
0,9,56,32,2
0,9,57,32,2
0,9,58,32,2
0,9,59,32,2
0,9,60,32,2
0,9,61,32,2
0,9,62,32,2
0,9,63,32,2
0,9,64,32,2
0,9,65,32,2
0,10,36,32,2
0,10,37,32,2
0,10,38,32,2
0,10,39,32,2
0,10,40,32,2
0,10,41,32,2
0,10,42,32,2
0,10,43,32,2
0,10,44,32,2
0,10,45,32,2
0,10,46,32,2
0,10,47,32,2
0,10,48,32,2
0,10,49,32,2
0,10,50,32,2
0,10,51,32,2
0,10,52,32,2
0,10,53,32,2
0,10,54,32,2
0,10,55,32,2
0,10,56,32,2
0,10,57,32,2
0,10,58,32,2
0,10,59,32,2
0,10,60,32,2
0,10,61,32,2
0,10,62,32,2
0,10,63,32,2
0,10,64,32,2
0,10,65,32,2
0,11,36,32,2
0,11,37,32,2
0,11,38,32,2
0,11,39,32,2
0,11,40,32,2
0,11,41,32,2
0,11,42,32,2
0,11,43,32,2
0,11,44,32,2
0,11,45,32,2
0,11,46,32,2
0,11,47,32,2
0,11,48,32,2
0,11,49,32,2
0,11,50,32,2
0,11,51,32,2
0,11,52,32,2
0,11,53,32,2
0,11,54,32,2
0,11,55,32,2
0,11,56,32,2
0,11,57,32,2
0,11,58,32,2
0,11,59,32,2
0,11,60,32,2
0,11,61,32,2
0,11,62,32,2
0,11,63,32,2
0,11,64,32,2
0,12,36,32,2
0,12,37,32,2
0,12,38,32,2
0,12,39,32,2
0,12,40,32,2
0,12,41,32,2
0,12,42,32,2
0,12,43,32,2
0,12,44,32,2
0,12,45,32,2
0,12,46,32,2
0,12,47,32,2
0,12,49,32,2
0,12,50,32,2
0,12,51,32,2
0,12,52,32,2
0,12,53,32,2
0,12,54,32,2
0,12,55,32,2
0,12,56,32,2
0,12,57,32,2
0,12,58,32,2
0,12,59,32,2
0,12,60,32,2
0,12,61,32,2
0,12,62,32,2
0,12,63,32,2
0,12,64,32,2
0,13,36,32,2
0,13,37,32,2
0,13,38,32,2
0,13,39,32,2
0,13,40,32,2
0,13,41,32,2
0,13,42,32,2
0,13,43,32,2
0,13,44,32,2
0,13,46,32,2
0,13,48,32,2
0,13,49,32,2
0,13,50,32,2
0,13,51,32,2
0,13,52,32,2
0,13,53,32,2
0,13,54,32,2
0,13,55,32,2
0,13,56,32,2
0,13,57,32,2
0,13,58,32,2
0,13,59,32,2
0,13,60,32,2
0,13,61,32,2
0,13,62,32,2
0,13,63,32,2
0,13,64,32,2
0,14,36,32,2
0,14,37,32,2
0,14,38,32,2
0,14,39,32,2
0,14,40,32,2
0,14,41,32,2
0,14,42,32,2
0,14,43,32,2
0,14,46,32,2
0,14,47,32,2
0,14,48,32,2
0,14,49,32,2
0,14,50,32,2
0,14,51,32,2
0,14,52,32,2
0,14,57,32,2
0,14,58,32,2
0,14,59,32,2
0,14,60,32,2
0,14,61,32,2
0,14,62,32,2
0,14,63,32,2
0,14,64,32,2
0,15,36,32,2
0,15,37,32,2
0,15,38,32,2
0,15,39,32,2
0,15,40,32,2
0,15,41,32,2
0,15,42,32,2
0,15,43,32,2
0,15,45,32,2
0,15,46,32,2
0,15,47,32,2
0,15,48,32,2
0,15,49,32,2
0,15,52,32,2
0,15,53,32,2
0,15,54,32,2
0,15,55,32,2
0,15,56,32,2
0,15,57,32,2
0,15,60,32,2
0,15,61,32,2
0,15,62,32,2
0,15,63,32,2
0,15,64,32,2
0,16,36,32,2
0,16,37,32,2
0,16,38,32,2
0,16,39,32,2
0,16,40,32,2
0,16,41,32,2
0,16,42,32,2
0,16,43,32,2
0,16,44,32,2
0,16,45,32,2
0,16,48,32,2
0,16,49,32,2
0,16,50,32,2
0,16,51,32,2
0,16,52,32,2
0,16,53,32,2
0,16,54,32,2
0,16,55,32,2
0,16,56,32,2
0,16,57,32,2
0,16,60,32,2
0,16,61,32,2
0,16,62,32,2
0,16,63,32,2
0,16,64,32,2
0,17,36,32,2
0,17,37,32,2
0,17,38,32,2
0,17,39,32,2
0,17,40,32,2
0,17,41,32,2
0,17,42,32,2
0,17,43,32,2
0,17,44,32,2
0,17,45,32,2
0,17,46,32,2
0,17,47,32,2
0,17,48,32,2
0,17,49,32,2
0,17,50,32,2
0,17,51,32,2
0,17,52,32,2
0,17,53,32,2
0,17,54,32,2
0,17,55,32,2
0,17,56,32,2
0,17,57,32,2
0,17,60,32,2
0,17,61,32,2
0,17,62,32,2
0,17,63,32,2
0,17,64,32,2
0,18,36,32,2
0,18,37,32,2
0,18,38,32,2
0,18,39,32,2
0,18,40,32,2
0,18,41,32,2
0,18,42,32,2
0,18,43,32,2
0,18,45,32,2
0,18,46,32,2
0,18,47,32,2
0,18,48,32,2
0,18,49,32,2
0,18,51,32,2
0,18,52,32,2
0,18,53,32,2
0,18,54,32,2
0,18,55,32,2
0,18,56,32,2
0,18,57,32,2
0,18,60,32,2
0,18,61,32,2
0,18,62,32,2
0,18,63,32,2
0,18,64,32,2
0,19,36,32,2
0,19,37,32,2
0,19,38,32,2
0,19,39,32,2
0,19,40,32,2
0,19,41,32,2
0,19,42,32,2
0,19,43,32,2
0,19,44,32,2
0,19,45,32,2
0,19,46,32,2
0,19,47,32,2
0,19,48,32,2
0,19,49,32,2
0,19,50,32,2
0,19,52,32,2
0,19,53,32,2
0,19,54,32,2
0,19,55,32,2
0,19,56,32,2
0,19,57,32,2
0,19,60,32,2
0,19,61,32,2
0,19,62,32,2
0,19,63,32,2
0,19,64,32,2
0,20,36,32,2
0,20,37,32,2
0,20,38,32,2
0,20,39,32,2
0,20,40,32,2
0,20,42,32,2
0,20,43,32,2
0,20,44,32,2
0,20,45,32,2
0,20,47,32,2
0,20,48,32,2
0,20,49,32,2
0,20,51,32,2
0,20,52,32,2
0,20,53,32,2
0,20,54,32,2
0,20,55,32,2
0,20,58,32,2
0,20,59,32,2
0,20,60,32,2
0,20,61,32,2
0,20,62,32,2
0,20,63,32,2
0,20,64,32,2
0,21,36,32,2
0,21,37,32,2
0,21,38,32,2
0,21,39,32,2
0,21,40,32,2
0,21,41,32,2
0,21,42,32,2
0,21,43,32,2
0,21,44,32,2
0,21,45,32,2
0,21,46,32,2
0,21,47,32,2
0,21,48,32,2
0,21,49,32,2
0,21,50,32,2
0,21,51,32,2
0,21,52,32,2
0,21,53,32,2
0,21,54,32,2
0,21,55,32,2
0,21,58,32,2
0,21,59,32,2
0,21,60,32,2
0,21,61,32,2
0,21,62,32,2
0,21,63,32,2
0,21,64,32,2
0,22,36,32,2
0,22,37,32,2
0,22,38,32,2
0,22,39,32,2
0,22,40,32,2
0,22,41,32,2
0,22,43,32,2
0,22,44,32,2
0,22,45,32,2
0,22,46,32,2
0,22,49,32,2
0,22,50,32,2
0,22,51,32,2
0,22,52,32,2
0,22,53,32,2
0,22,54,32,2
0,22,55,32,2
0,22,58,32,2
0,22,59,32,2
0,22,60,32,2
0,22,61,32,2
0,22,62,32,2
0,22,63,32,2
0,22,64,32,2
0,23,36,32,2
0,23,37,32,2
0,23,38,32,2
0,23,39,32,2
0,23,40,32,2
0,23,41,32,2
0,23,43,32,2
0,23,44,32,2
0,23,45,32,2
0,23,46,32,2
0,23,48,32,2
0,23,49,32,2
0,23,51,32,2
0,23,52,32,2
0,23,53,32,2
0,23,54,32,2
0,23,55,32,2
0,23,58,32,2
0,23,59,32,2
0,23,60,32,2
0,23,61,32,2
0,23,62,32,2
0,23,63,32,2
0,23,64,32,2
0,24,36,32,2
0,24,37,32,2
0,24,38,32,2
0,24,39,32,2
0,24,40,32,2
0,24,42,32,2
0,24,43,32,2
0,24,44,32,2
0,24,45,32,2
0,24,46,32,2
0,24,47,32,2
0,24,48,32,2
0,24,49,32,2
0,24,50,32,2
0,24,51,32,2
0,24,52,32,2
0,24,53,32,2
0,24,54,32,2
0,24,55,32,2
0,24,56,32,2
0,24,57,32,2
0,24,58,32,2
0,24,59,32,2
0,24,60,32,2
0,24,61,32,2
0,24,62,32,2
0,24,63,32,2
0,24,64,32,2
0,25,36,32,2
0,25,37,32,2
0,25,38,32,2
0,25,39,32,2
0,25,40,32,2
0,25,41,32,2
0,25,43,32,2
0,25,44,32,2
0,25,45,32,2
0,25,46,32,2
0,25,49,32,2
0,25,50,32,2
0,25,52,32,2
0,25,53,32,2
0,25,58,32,2
0,25,59,32,2
0,25,60,32,2
0,25,61,32,2
0,25,62,32,2
0,25,63,32,2
0,25,64,32,2
0,26,36,32,2
0,26,37,32,2
0,26,38,32,2
0,26,39,32,2
0,26,40,32,2
0,26,41,32,2
0,26,44,32,2
0,26,45,32,2
0,26,47,32,2
0,26,48,32,2
0,26,49,32,2
0,26,50,32,2
0,26,51,32,2
0,26,52,32,2
0,26,53,32,2
0,26,58,32,2
0,26,59,32,2
0,26,60,32,2
0,26,61,32,2
0,26,62,32,2
0,26,63,32,2
0,26,64,32,2
0,27,36,32,2
0,27,37,32,2
0,27,38,32,2
0,27,39,32,2
0,27,40,32,2
0,27,42,32,2
0,27,43,32,2
0,27,44,32,2
0,27,45,32,2
0,27,46,32,2
0,27,49,32,2
0,27,50,32,2
0,27,51,32,2
0,27,52,32,2
0,27,53,32,2
0,27,54,32,2
0,27,55,32,2
0,27,56,32,2
0,27,57,32,2
0,27,58,32,2
0,27,59,32,2
0,27,60,32,2
0,27,61,32,2
0,27,62,32,2
0,27,63,32,2
0,27,64,32,2
0,28,36,32,2
0,28,37,32,2
0,28,38,32,2
0,28,39,32,2
0,28,40,32,2
0,28,42,32,2
0,28,43,32,2
0,28,44,32,2
0,28,45,32,2
0,28,46,32,2
0,28,47,32,2
0,28,49,32,2
0,28,52,32,2
0,28,53,32,2
0,28,54,32,2
0,28,55,32,2
0,28,56,32,2
0,28,57,32,2
0,28,58,32,2
0,28,59,32,2
0,28,60,32,2
0,28,61,32,2
0,28,62,32,2
0,28,63,32,2
0,28,64,32,2
0,29,36,32,2
0,29,37,32,2
0,29,38,32,2
0,29,39,32,2
0,29,40,32,2
0,29,43,32,2
0,29,45,32,2
0,29,46,32,2
0,29,47,32,2
0,29,48,32,2
0,29,51,32,2
0,29,53,32,2
0,29,54,32,2
0,29,55,32,2
0,29,56,32,2
0,29,57,32,2
0,29,58,32,2
0,29,59,32,2
0,29,60,32,2
0,29,61,32,2
0,29,62,32,2
0,29,63,32,2
0,29,64,32,2
0,30,36,32,2
0,30,37,32,2
0,30,38,32,2
0,30,39,32,2
0,30,40,32,2
0,30,41,32,2
0,30,42,32,2
0,30,43,32,2
0,30,44,32,2
0,30,46,32,2
0,30,47,32,2
0,30,48,32,2
0,30,50,32,2
0,30,52,32,2
0,30,54,32,2
0,30,55,32,2
0,30,58,32,2
0,30,59,32,2
0,30,60,32,2
0,30,61,32,2
0,30,62,32,2
0,30,63,32,2
0,30,64,32,2
0,31,36,32,2
0,31,37,32,2
0,31,38,32,2
0,31,39,32,2
0,31,40,32,2
0,31,41,32,2
0,31,42,32,2
0,31,43,32,2
0,31,44,32,2
0,31,45,32,2
0,31,46,32,2
0,31,47,32,2
0,31,48,32,2
0,31,50,32,2
0,31,51,32,2
0,31,52,32,2
0,31,53,32,2
0,31,54,32,2
0,31,55,32,2
0,31,56,32,2
0,31,57,32,2
0,31,58,32,2
0,31,59,32,2
0,31,60,32,2
0,31,61,32,2
0,31,62,32,2
0,31,63,32,2
0,31,64,32,2
0,32,36,32,2
0,32,37,32,2
0,32,38,32,2
0,32,39,32,2
0,32,40,32,2
0,32,41,32,2
0,32,42,32,2
0,32,43,32,2
0,32,44,32,2
0,32,46,32,2
0,32,47,32,2
0,32,48,32,2
0,32,49,32,2
0,32,50,32,2
0,32,51,32,2
0,32,52,32,2
0,32,53,32,2
0,32,54,32,2
0,32,55,32,2
0,32,56,32,2
0,32,57,32,2
0,32,58,32,2
0,32,59,32,2
0,32,60,32,2
0,32,61,32,2
0,32,62,32,2
0,32,63,32,2
0,32,64,32,2
0,33,36,32,2
0,33,37,32,2
0,33,38,32,2
0,33,39,32,2
0,33,40,32,2
0,33,41,32,2
0,33,42,32,2
0,33,43,32,2
0,33,44,32,2
0,33,45,32,2
0,33,48,32,2
0,33,49,32,2
0,33,51,32,2
0,33,53,32,2
0,33,54,32,2
0,33,55,32,2
0,33,56,32,2
0,33,57,32,2
0,33,58,32,2
0,33,59,32,2
0,33,60,32,2
0,33,61,32,2
0,33,62,32,2
0,33,63,32,2
0,33,64,32,2
0,34,36,32,2
0,34,37,32,2
0,34,38,32,2
0,34,39,32,2
0,34,40,32,2
0,34,41,32,2
0,34,42,32,2
0,34,43,32,2
0,34,44,32,2
0,34,45,32,2
0,34,46,32,2
0,34,47,32,2
0,34,48,32,2
0,34,52,32,2
0,34,55,32,2
0,34,56,32,2
0,34,57,32,2
0,34,58,32,2
0,34,59,32,2
0,34,60,32,2
0,34,61,32,2
0,34,62,32,2
0,34,63,32,2
0,34,64,32,2
0,35,36,32,2
0,35,37,32,2
0,35,38,32,2
0,35,39,32,2
0,35,40,32,2
0,35,41,32,2
0,35,42,32,2
0,35,43,32,2
0,35,44,32,2
0,35,45,32,2
0,35,46,32,2
0,35,47,32,2
0,35,48,32,2
0,35,49,32,2
0,35,50,32,2
0,35,51,32,2
0,35,52,32,2
0,35,53,32,2
0,35,54,32,2
0,35,55,32,2
0,35,56,32,2
0,35,57,32,2
0,35,58,32,2
0,35,59,32,2
0,35,60,32,2
0,35,61,32,2
0,35,62,32,2
0,35,63,32,2
0,35,64,32,2
0,36,36,32,2
0,36,37,32,2
0,36,38,32,2
0,36,39,32,2
0,36,40,32,2
0,36,41,32,2
0,36,42,32,2
0,36,43,32,2
0,36,44,32,2
0,36,45,32,2
0,36,46,32,2
0,36,47,32,2
0,36,48,32,2
0,36,49,32,2
0,36,50,32,2
0,36,51,32,2
0,36,52,32,2
0,36,53,32,2
0,36,54,32,2
0,36,55,32,2
0,36,56,32,2
0,36,57,32,2
0,36,58,32,2
0,36,59,32,2
0,36,60,32,2
0,36,61,32,2
0,36,62,32,2
0,36,63,32,2
0,36,64,32,2
0,37,36,32,2
0,37,37,32,2
0,37,38,32,2
0,37,39,32,2
0,37,40,32,2
0,37,41,32,2
0,37,42,32,2
0,37,43,32,2
0,37,44,32,2
0,37,45,32,2
0,37,46,32,2
0,37,47,32,2
0,37,48,32,2
0,37,49,32,2
0,37,50,32,2
0,37,51,32,2
0,37,52,32,2
0,37,53,32,2
0,37,54,32,2
0,37,55,32,2
0,37,56,32,2
0,37,57,32,2
0,37,58,32,2
0,37,59,32,2
0,37,60,32,2
0,37,61,32,2
0,37,62,32,2
0,37,63,32,2
0,37,64,32,2
0,38,36,32,2
0,38,37,32,2
0,38,38,32,2
0,38,39,32,2
0,38,40,32,2
0,38,41,32,2
0,38,42,32,2
0,38,43,32,2
0,38,44,32,2
0,38,45,32,2
0,38,46,32,2
0,38,47,32,2
0,38,48,32,2
0,38,49,32,2
0,38,50,32,2
0,38,51,32,2
0,38,52,32,2
0,38,53,32,2
0,38,54,32,2
0,38,55,32,2
0,38,56,32,2
0,38,57,32,2
0,38,58,32,2
0,38,59,32,2
0,38,60,32,2
0,38,61,32,2
0,38,62,32,2
0,38,63,32,2
0,38,64,32,2
0,39,36,32,2
0,39,37,32,2
0,39,38,32,2
0,39,39,32,2
0,39,40,32,2
0,39,41,32,2
0,39,42,32,2
0,39,43,32,2
0,39,44,32,2
0,39,45,32,2
0,39,46,32,2
0,39,47,32,2
0,39,48,32,2
0,39,49,32,2
0,39,50,32,2
0,39,51,32,2
0,39,52,32,2
0,39,53,32,2
0,39,54,32,2
0,39,55,32,2
0,39,56,32,2
0,39,57,32,2
0,39,58,32,2
0,39,59,32,2
0,39,60,32,2
0,39,61,32,2
0,39,62,32,2
0,39,63,32,2
0,39,64,32,2
0,40,36,32,2
0,40,37,32,2
0,40,38,32,2
0,40,39,32,2
0,40,40,32,2
0,40,41,32,2
0,40,42,32,2
0,40,43,32,2
0,40,44,32,2
0,40,45,32,2
0,40,46,32,2
0,40,47,32,2
0,40,48,32,2
0,40,49,32,2
0,40,50,32,2
0,40,51,32,2
0,40,52,32,2
0,40,53,32,2
0,40,54,32,2
0,40,55,32,2
0,40,56,32,2
0,40,57,32,2
0,40,58,32,2
0,40,59,32,2
0,40,60,32,2
0,40,61,32,2
0,40,62,32,2
0,40,63,32,2
0,40,64,32,2
0,41,36,32,2
0,41,37,32,2
0,41,38,32,2
0,41,39,32,2
0,41,40,32,2
0,41,41,32,2
0,41,42,32,2
0,41,43,32,2
0,41,44,32,2
0,41,45,32,2
0,41,46,32,2
0,41,47,32,2
0,41,48,32,2
0,41,49,32,2
0,41,50,32,2
0,41,51,32,2
0,41,52,32,2
0,41,53,32,2
0,41,54,32,2
0,41,55,32,2
0,41,56,32,2
0,41,57,32,2
0,41,58,32,2
0,41,59,32,2
0,41,60,32,2
0,41,61,32,2
0,41,62,32,2
0,41,63,32,2
0,41,64,32,2
0,42,36,32,2
0,42,37,32,2
0,42,38,32,2
0,42,39,32,2
0,42,40,32,2
0,42,41,32,2
0,42,42,32,2
0,42,43,32,2
0,42,44,32,2
0,42,45,32,2
0,42,46,32,2
0,42,47,32,2
0,42,48,32,2
0,42,49,32,2
0,42,50,32,2
0,42,51,32,2
0,42,52,32,2
0,42,53,32,2
0,42,54,32,2
0,42,55,32,2
0,42,56,32,2
0,42,57,32,2
0,42,58,32,2
0,42,59,32,2
0,42,60,32,2
0,42,61,32,2
0,42,62,32,2
0,42,63,32,2
0,42,64,32,2
0,43,36,32,2
0,43,37,32,2
0,43,38,32,2
0,43,39,32,2
0,43,40,32,2
0,43,41,32,2
0,43,42,32,2
0,43,43,32,2
0,43,44,32,2
0,43,45,32,2
0,43,46,32,2
0,43,47,32,2
0,43,48,32,2
0,43,49,32,2
0,43,50,32,2
0,43,51,32,2
0,43,52,32,2
0,43,53,32,2
0,43,54,32,2
0,43,55,32,2
0,43,56,32,2
0,43,57,32,2
0,43,58,32,2
0,43,59,32,2
0,43,60,32,2
0,43,61,32,2
0,43,62,32,2
0,43,63,32,2
0,43,64,32,2
0,43,65,32,2
0,44,36,32,2
0,44,37,32,2
0,44,38,32,2
0,44,39,32,2
0,44,40,32,2
0,44,41,32,2
0,44,42,32,2
0,44,43,32,2
0,44,44,32,2
0,44,45,32,2
0,44,46,32,2
0,44,47,32,2
0,44,48,32,2
0,44,49,32,2
0,44,50,32,2
0,44,51,32,2
0,44,52,32,2
0,44,53,32,2
0,44,54,32,2
0,44,55,32,2
0,44,56,32,2
0,44,57,32,2
0,44,58,32,2
0,44,59,32,2
0,44,60,32,2
0,44,61,32,2
0,44,62,32,2
0,44,63,32,2
0,44,64,32,2
0,44,65,32,2
0,45,36,32,2
0,45,37,32,2
0,45,38,32,2
0,45,39,32,2
0,45,40,32,2
0,45,41,32,2
0,45,42,32,2
0,45,43,32,2
0,45,44,32,2
0,45,45,32,2
0,45,46,32,2
0,45,47,32,2
0,45,48,32,2
0,45,49,32,2
0,45,50,32,2
0,45,51,32,2
0,45,52,32,2
0,45,53,32,2
0,45,54,32,2
0,45,55,32,2
0,45,56,32,2
0,45,57,32,2
0,45,58,32,2
0,45,59,32,2
0,45,60,32,2
0,45,61,32,2
0,45,62,32,2
0,45,63,32,2
0,45,64,32,2
0,45,65,32,2
0,46,36,32,2
0,46,37,32,2
0,46,38,32,2
0,46,39,32,2
0,46,40,32,2
0,46,41,32,2
0,46,42,32,2
0,46,43,32,2
0,46,44,32,2
0,46,45,32,2
0,46,46,32,2
0,46,47,32,2
0,46,48,32,2
0,46,49,32,2
0,46,50,32,2
0,46,51,32,2
0,46,52,32,2
0,46,53,32,2
0,46,54,32,2
0,46,55,32,2
0,46,56,32,2
0,46,57,32,2
0,46,58,32,2
0,46,59,32,2
0,46,60,32,2
0,46,61,32,2
0,46,62,32,2
0,46,63,32,2
0,46,64,32,2
0,46,65,32,2
0,47,36,32,2
0,47,37,32,2
0,47,38,32,2
0,47,39,32,2
0,47,40,32,2
0,47,41,32,2
0,47,42,32,2
0,47,43,32,2
0,47,44,32,2
0,47,45,32,2
0,47,46,32,2
0,47,47,32,2
0,47,48,32,2
0,47,49,32,2
0,47,50,32,2
0,47,51,32,2
0,47,52,32,2
0,47,53,32,2
0,47,54,32,2
0,47,55,32,2
0,47,56,32,2
0,47,57,32,2
0,47,58,32,2
0,47,59,32,2
0,47,60,32,2
0,47,61,32,2
0,47,62,32,2
0,47,63,32,2
0,47,64,32,2
0,47,65,32,2
0,48,36,32,2
0,48,37,32,2
0,48,38,32,2
0,48,39,32,2
0,48,40,32,2
0,48,41,32,2
0,48,42,32,2
0,48,43,32,2
0,48,44,32,2
0,48,45,32,2
0,48,46,32,2
0,48,47,32,2
0,48,48,32,2
0,48,49,32,2
0,48,50,32,2
0,48,51,32,2
0,48,52,32,2
0,48,53,32,2
0,48,54,32,2
0,48,55,32,2
0,48,56,32,2
0,48,57,32,2
0,48,58,32,2
0,48,59,32,2
0,48,60,32,2
0,48,61,32,2
0,48,62,32,2
0,48,63,32,2
0,48,64,32,2
0,48,65,32,2
0,11,65,32,2
0,11,66,32,2
0,11,67,32,2
0,11,68,32,2
0,11,69,32,2
0,11,70,32,2
0,12,65,32,2
0,12,66,32,2
0,12,67,32,2
0,12,68,32,2
0,12,69,32,2
0,12,70,32,2
0,13,65,32,2
0,13,66,32,2
0,13,67,32,2
0,13,68,32,2
0,13,69,32,2
0,13,70,32,2
0,14,65,32,2
0,14,66,32,2
0,14,67,32,2
0,14,68,32,2
0,14,69,32,2
0,14,70,32,2
0,15,65,32,2
0,15,66,32,2
0,15,67,32,2
0,15,68,32,2
0,15,69,32,2
0,15,70,32,2
0,16,65,32,2
0,16,66,32,2
0,16,67,32,2
0,16,68,32,2
0,16,69,32,2
0,16,70,32,2
0,17,65,32,2
0,17,66,32,2
0,17,67,32,2
0,17,68,32,2
0,17,69,32,2
0,17,70,32,2
0,18,65,32,2
0,18,66,32,2
0,18,67,32,2
0,18,68,32,2
0,18,69,32,2
0,18,70,32,2
0,19,65,32,2
0,19,66,32,2
0,19,67,32,2
0,19,68,32,2
0,19,69,32,2
0,19,70,32,2
0,20,65,32,2
0,20,66,32,2
0,20,67,32,2
0,20,68,32,2
0,20,69,32,2
0,20,70,32,2
0,21,65,32,2
0,21,66,32,2
0,21,67,32,2
0,21,68,32,2
0,21,69,32,2
0,21,70,32,2
0,22,65,32,2
0,22,66,32,2
0,22,67,32,2
0,22,68,32,2
0,22,69,32,2
0,22,70,32,2
0,23,65,32,2
0,23,66,32,2
0,23,67,32,2
0,23,68,32,2
0,23,69,32,2
0,23,70,32,2
0,24,65,32,2
0,24,66,32,2
0,24,67,32,2
0,24,68,32,2
0,24,69,32,2
0,24,70,32,2
0,25,65,32,2
0,25,66,32,2
0,25,67,32,2
0,25,68,32,2
0,25,69,32,2
0,25,70,32,2
0,26,65,32,2
0,26,66,32,2
0,26,67,32,2
0,26,68,32,2
0,26,69,32,2
0,26,70,32,2
0,27,65,32,2
0,27,66,32,2
0,27,67,32,2
0,27,68,32,2
0,27,69,32,2
0,27,70,32,2
0,28,65,32,2
0,28,66,32,2
0,28,67,32,2
0,28,68,32,2
0,28,69,32,2
0,28,70,32,2
0,29,65,32,2
0,29,66,32,2
0,29,67,32,2
0,29,68,32,2
0,29,69,32,2
0,29,70,32,2
0,30,65,32,2
0,30,66,32,2
0,30,67,32,2
0,30,68,32,2
0,30,69,32,2
0,30,70,32,2
0,31,65,32,2
0,31,66,32,2
0,31,67,32,2
0,31,68,32,2
0,31,69,32,2
0,31,70,32,2
0,32,65,32,2
0,32,66,32,2
0,32,67,32,2
0,32,68,32,2
0,32,69,32,2
0,32,70,32,2
0,33,65,32,2
0,33,66,32,2
0,33,67,32,2
0,33,68,32,2
0,33,69,32,2
0,33,70,32,2
0,34,65,32,2
0,34,66,32,2
0,34,67,32,2
0,34,68,32,2
0,34,69,32,2
0,34,70,32,2
0,35,65,32,2
0,35,66,32,2
0,35,67,32,2
0,35,68,32,2
0,35,69,32,2
0,35,70,32,2
0,36,65,32,2
0,36,66,32,2
0,36,67,32,2
0,36,68,32,2
0,36,69,32,2
0,36,70,32,2
0,37,65,32,2
0,37,66,32,2
0,37,67,32,2
0,37,68,32,2
0,37,69,32,2
0,37,70,32,2
0,38,65,32,2
0,38,66,32,2
0,38,67,32,2
0,38,68,32,2
0,38,69,32,2
0,38,70,32,2
0,39,65,32,2
0,39,66,32,2
0,39,67,32,2
0,39,68,32,2
0,39,69,32,2
0,39,70,32,2
0,40,65,32,2
0,40,66,32,2
0,40,67,32,2
0,40,68,32,2
0,40,69,32,2
0,40,70,32,2
0,41,65,32,2
0,41,66,32,2
0,41,67,32,2
0,41,68,32,2
0,41,69,32,2
0,41,70,32,2
0,42,65,32,2
0,42,66,32,2
0,42,67,32,2
0,42,68,32,2
0,42,69,32,2
0,42,70,32,2
0,25,54,30,2
0,25,55,34,2
0,26,54,31,2
0,26,55,35,2
0,25,56,30,2
0,25,57,34,2
0,26,56,31,2
0,26,57,35,2
0,23,57,35,2
0,22,57,34,2
0,22,56,30,2
0,23,56,31,2
0,21,56,31,2
0,21,57,35,2
0,20,57,34,2
0,20,56,30,2
0,18,50,27,2
0,18,44,27,2
0,20,41,27,2
0,24,41,27,2
0,26,46,27,2
0,27,47,27,2
0,22,47,27,2
0,20,46,27,2
0,22,48,27,2
0,27,48,27,2
0,28,48,27,2
0,30,49,27,2
0,31,49,27,2
0,30,51,27,2
0,28,51,27,2
0,25,51,27,2
0,23,50,27,2
0,20,50,27,2
0,19,51,27,2
0,12,48,27,2
0,13,47,27,2
0,13,45,27,2
0,14,45,27,2
0,14,44,27,2
0,15,44,27,2
0,16,46,27,2
0,16,47,27,2
0,15,50,27,2
0,15,51,27,2
0,14,53,27,2
0,14,54,27,2
0,14,55,27,2
0,14,56,27,2
0,33,52,27,2
0,33,50,27,2
0,33,47,27,2
0,34,49,27,2
0,34,50,27,2
0,34,51,27,2
0,34,53,27,2
0,34,54,27,2
0,30,53,27,2
0,33,46,27,2
0,32,45,27,2
0,30,45,27,2
0,29,44,27,2
0,29,42,27,2
0,29,41,27,2
0,28,41,27,2
0,27,41,27,2
0,26,42,27,2
0,26,43,27,2
0,25,42,27,2
0,23,42,27,2
0,22,42,27,2
0,23,47,27,2
0,25,47,27,2
0,25,48,27,2
0,28,50,27,2
0,29,49,27,2
0,29,50,27,2
0,29,52,27,2
0,15,58,32,2
0,15,59,32,2
0,16,58,32,2
0,16,59,32,2
0,17,58,32,2
0,17,59,32,2
0,18,58,32,2
0,18,59,32,2
0,19,58,32,2
0,19,59,32,2
0,30,56,32,2
0,30,57,32,2
