2,19,58,12,1
2,19,59,12,1
0,18,59,20,1
0,9,59,19,1
0,10,59,19,1
0,11,59,19,1
0,12,59,19,1
0,13,59,19,1
0,14,59,19,1
0,15,59,19,1
0,17,59,19,1
2,19,60,12,1
2,19,61,12,1
5,19,62,6,1
0,9,62,9,1
0,10,62,9,1
0,11,62,9,1
0,12,62,9,1
0,13,62,9,1
0,14,62,9,1
0,15,62,9,1
0,16,62,9,1
0,17,62,9,1
0,9,64,17,1
0,10,64,17,1
0,11,64,17,1
0,12,64,17,1
0,13,64,17,1
0,14,64,17,1
0,15,64,17,1
0,16,64,17,1
0,17,64,17,1
0,18,64,17,1
5,19,64,2,1
5,19,65,6,1
0,9,65,9,1
0,10,65,9,1
0,11,65,9,1
0,12,65,9,1
0,13,65,9,1
0,14,65,9,1
0,15,65,9,1
0,16,65,9,1
0,17,65,9,1
0,18,65,9,1
0,18,60,24,1
0,18,61,24,1
0,18,58,24,1
0,16,61,24,1
0,16,60,24,1
0,16,58,24,1
0,16,59,20,1
0,17,60,13,1
0,17,61,13,1
0,17,58,13,1
0,9,60,13,1
0,9,61,13,1
0,10,60,13,1
0,10,61,13,1
0,11,60,13,1
0,11,61,13,1
0,12,60,13,1
0,12,61,13,1
0,13,60,13,1
0,13,61,13,1
0,14,60,13,1
0,14,61,13,1
0,15,60,13,1
0,15,61,13,1
0,9,58,13,1
0,10,58,13,1
0,11,58,13,1
0,12,58,13,1
0,13,58,13,1
0,14,58,13,1
0,15,58,13,1
4,28,58,14,1
4,28,59,14,1
4,28,60,14,1
4,28,61,14,1
5,28,62,5,1
5,28,65,5,1
5,28,64,1,1
0,29,62,9,1
0,30,62,9,1
0,31,62,9,1
0,32,62,9,1
0,33,62,9,1
0,34,62,9,1
0,35,62,9,1
0,36,62,9,1
0,29,65,9,1
0,30,65,9,1
0,31,65,9,1
0,32,65,9,1
0,33,65,9,1
0,34,65,9,1
0,35,65,9,1
0,36,65,9,1
0,29,64,17,1
0,30,64,17,1
0,31,64,17,1
0,32,64,17,1
0,33,64,17,1
0,34,64,17,1
0,35,64,17,1
0,36,64,17,1
0,18,62,9,1
0,29,59,24,1
0,29,60,24,1
0,30,61,19,1
0,32,61,19,1
0,33,61,19,1
0,34,61,19,1
0,35,61,19,1
0,36,61,19,1
0,37,61,19,1
0,38,61,19,1
0,39,61,19,1
0,40,61,19,1
0,29,61,20,1
0,31,61,20,1
0,31,59,24,1
0,31,60,24,1
0,29,58,20,1
0,31,58,20,1
0,30,58,19,1
0,32,58,19,1
0,33,58,19,1
0,34,58,19,1
0,35,58,19,1
0,36,58,19,1
0,37,58,19,1
0,38,58,19,1
0,39,58,19,1
0,40,58,19,1
0,32,59,13,1
0,32,60,13,1
0,33,59,13,1
0,33,60,13,1
0,34,59,13,1
0,34,60,13,1
0,35,59,13,1
0,35,60,13,1
0,36,59,13,1
0,36,60,13,1
0,37,59,13,1
0,37,60,13,1
0,38,59,13,1
0,38,60,13,1
0,39,59,13,1
0,39,60,13,1
0,40,59,13,1
0,40,60,13,1
0,30,59,13,1
0,30,60,13,1
0,37,62,9,1
0,38,62,9,1
0,39,62,9,1
0,40,62,9,1
0,37,65,9,1
0,38,65,9,1
0,39,65,9,1
0,40,65,9,1
0,37,64,17,1
0,38,64,17,1
0,39,64,17,1
0,40,64,17,1
0,28,67,17,1
0,29,67,17,1
0,30,67,17,1
0,31,67,17,1
0,32,67,17,1
0,33,67,17,1
0,34,67,17,1
0,35,67,17,1
0,36,67,17,1
0,37,67,17,1
0,38,67,17,1
0,39,67,17,1
0,40,67,17,1
1,27,67,17,1
0,31,68,24,1
0,31,69,24,1
0,31,70,24,1
0,31,71,24,1
0,31,72,24,1
0,31,74,24,1
0,27,68,24,1
0,27,69,24,1
0,27,70,24,1
0,27,71,24,1
0,27,72,24,1
0,27,74,24,1
5,26,67,1,1
4,26,68,14,1
0,26,69,18,1
1,25,69,17,1
5,24,69,1,1
4,24,70,14,1
0,24,71,18,1
1,23,71,17,1
5,22,71,1,1
0,25,70,24,1
0,25,71,24,1
0,25,72,24,1
0,25,74,24,1
4,22,72,14,1
4,22,73,14,1
4,22,74,14,1
0,23,73,19,1
0,24,73,19,1
0,26,73,19,1
0,28,73,19,1
0,29,73,19,1
0,30,73,19,1
0,32,73,19,1
0,33,73,19,1
0,34,73,19,1
0,35,73,19,1
0,36,73,19,1
0,37,73,19,1
0,38,73,19,1
0,39,73,19,1
0,40,73,19,1
0,25,73,20,1
0,27,73,20,1
0,31,73,20,1
0,32,68,13,1
0,32,69,13,1
0,32,70,13,1
0,32,71,13,1
0,32,72,13,1
0,33,68,13,1
0,33,69,13,1
0,33,70,13,1
0,33,71,13,1
0,33,72,13,1
0,34,68,13,1
0,34,69,13,1
0,34,70,13,1
0,34,71,13,1
0,34,72,13,1
0,35,68,13,1
0,35,69,13,1
0,35,70,13,1
0,35,71,13,1
0,35,72,13,1
0,36,68,13,1
0,36,69,13,1
0,36,70,13,1
0,36,71,13,1
0,36,72,13,1
0,37,68,13,1
0,37,69,13,1
0,37,70,13,1
0,37,71,13,1
0,37,72,13,1
0,38,68,13,1
0,38,69,13,1
0,38,70,13,1
0,38,71,13,1
0,38,72,13,1
0,39,68,13,1
0,39,69,13,1
0,39,70,13,1
0,39,71,13,1
0,39,72,13,1
0,40,68,13,1
0,40,69,13,1
0,40,70,13,1
0,40,71,13,1
0,40,72,13,1
0,28,68,13,1
0,28,69,13,1
0,28,70,13,1
0,28,71,13,1
0,28,72,13,1
0,29,68,13,1
0,29,69,13,1
0,29,70,13,1
0,29,71,13,1
0,29,72,13,1
0,30,68,13,1
0,30,69,13,1
0,30,70,13,1
0,30,71,13,1
0,30,72,13,1
0,26,70,13,1
0,26,71,13,1
0,26,72,13,1
0,23,72,13,1
0,24,72,13,1
0,23,74,13,1
0,24,74,13,1
0,26,74,13,1
0,28,74,13,1
0,29,74,13,1
0,30,74,13,1
0,32,74,13,1
0,33,74,13,1
0,34,74,13,1
0,35,74,13,1
0,36,74,13,1
0,37,74,13,1
0,38,74,13,1
0,39,74,13,1
0,40,74,13,1
5,19,67,2,1
2,19,68,12,1
2,19,69,12,1
2,19,70,12,1
2,19,71,12,1
2,19,72,12,1
2,19,73,12,1
2,19,74,12,1
0,18,71,20,1
0,18,69,20,1
0,9,67,17,1
0,10,67,17,1
0,11,67,17,1
0,12,67,17,1
0,13,67,17,1
0,14,67,17,1
0,15,67,17,1
0,16,67,17,1
0,17,67,17,1
0,18,67,17,1
0,18,68,24,1
0,18,70,24,1
0,18,72,24,1
0,18,73,24,1
0,18,74,24,1
0,8,71,19,1
0,9,71,19,1
0,10,71,19,1
0,11,71,19,1
0,12,71,19,1
0,13,71,19,1
0,14,71,19,1
0,15,71,19,1
0,17,71,19,1
0,8,69,19,1
0,9,69,19,1
0,10,69,19,1
0,11,69,19,1
0,12,69,19,1
0,13,69,19,1
0,14,69,19,1
0,15,69,19,1
0,17,69,19,1
0,7,59,19,1
0,8,59,19,1
0,7,60,13,1
0,7,61,13,1
0,8,60,13,1
0,8,61,13,1
0,7,62,9,1
0,8,62,9,1
0,7,65,9,1
0,8,65,9,1
0,7,67,17,1
0,8,67,17,1
0,7,64,17,1
0,8,64,17,1
0,7,58,13,1
0,8,58,13,1
0,7,69,19,1
0,7,71,19,1
0,7,68,13,1
0,8,68,13,1
0,9,68,13,1
0,10,68,13,1
0,11,68,13,1
0,12,68,13,1
0,13,68,13,1
0,14,68,13,1
0,15,68,13,1
0,17,68,13,1
0,7,70,13,1
0,8,70,13,1
0,9,70,13,1
0,10,70,13,1
0,11,70,13,1
0,12,70,13,1
0,13,70,13,1
0,14,70,13,1
0,15,70,13,1
0,17,70,13,1
0,7,72,13,1
0,7,73,13,1
0,7,74,13,1
0,8,72,13,1
0,8,73,13,1
0,8,74,13,1
0,9,72,13,1
0,9,73,13,1
0,9,74,13,1
0,10,72,13,1
0,10,73,13,1
0,10,74,13,1
0,11,72,13,1
0,11,73,13,1
0,11,74,13,1
0,12,72,13,1
0,12,73,13,1
0,12,74,13,1
0,13,72,13,1
0,13,73,13,1
0,13,74,13,1
0,14,72,13,1
0,14,73,13,1
0,14,74,13,1
0,15,72,13,1
0,15,73,13,1
0,15,74,13,1
0,17,72,13,1
0,17,73,13,1
0,17,74,13,1
4,22,75,14,1
2,19,75,12,1
0,7,75,19,1
0,8,75,19,1
0,9,75,19,1
0,10,75,19,1
0,11,75,19,1
0,12,75,19,1
0,13,75,19,1
0,14,75,19,1
0,15,75,19,1
0,17,75,19,1
0,16,68,24,1
0,16,70,24,1
0,16,72,24,1
0,16,73,24,1
0,16,74,24,1
0,16,69,20,1
0,16,71,20,1
0,16,75,20,1
0,18,75,20,1
0,25,75,24,1
0,27,75,24,1
0,31,75,24,1
0,23,75,13,1
0,24,75,13,1
0,26,75,13,1
0,28,75,13,1
0,29,75,13,1
0,30,75,13,1
0,32,75,13,1
0,33,75,13,1
0,34,75,13,1
0,35,75,13,1
0,36,75,13,1
0,37,75,13,1
0,38,75,13,1
0,40,75,13,1
0,39,75,13,1
0,9,57,32,2
0,9,58,32,2
0,9,59,32,2
0,9,60,32,2
0,9,61,32,2
0,9,62,32,2
0,9,63,32,2
0,9,64,32,2
0,9,65,32,2
0,9,66,32,2
0,9,67,32,2
0,9,68,32,2
0,9,69,32,2
0,9,70,32,2
0,9,71,32,2
0,9,72,32,2
0,9,73,32,2
0,9,74,32,2
0,9,75,32,2
0,9,76,32,2
0,9,77,32,2
0,10,57,32,2
0,10,58,32,2
0,10,59,32,2
0,10,60,32,2
0,10,61,32,2
0,10,62,32,2
0,10,63,32,2
0,10,64,32,2
0,10,66,32,2
0,10,67,32,2
0,10,68,32,2
0,10,69,32,2
0,10,70,32,2
0,10,71,32,2
0,10,72,32,2
0,10,73,32,2
0,10,74,32,2
0,10,75,32,2
0,10,76,32,2
0,10,77,32,2
0,11,57,32,2
0,11,58,32,2
0,11,59,32,2
0,11,60,32,2
0,11,61,32,2
0,11,62,32,2
0,11,63,32,2
0,11,64,32,2
0,11,65,32,2
0,11,66,32,2
0,11,68,32,2
0,11,69,32,2
0,11,70,32,2
0,11,71,32,2
0,11,72,32,2
0,11,73,32,2
0,11,74,32,2
0,11,75,32,2
0,11,76,32,2
0,11,77,32,2
0,12,57,32,2
0,12,58,32,2
0,12,59,32,2
0,12,60,32,2
0,12,61,32,2
0,12,62,32,2
0,12,63,32,2
0,12,64,32,2
0,12,65,32,2
0,12,66,32,2
0,12,67,32,2
0,12,68,32,2
0,12,69,32,2
0,12,70,32,2
0,12,71,32,2
0,12,72,32,2
0,12,73,32,2
0,12,74,32,2
0,12,75,32,2
0,12,76,32,2
0,12,77,32,2
0,13,57,32,2
0,13,58,32,2
0,13,59,32,2
0,13,60,32,2
0,13,62,32,2
0,13,63,32,2
0,13,64,32,2
0,13,65,32,2
0,13,66,32,2
0,13,67,32,2
0,13,68,32,2
0,13,69,32,2
0,13,70,32,2
0,13,71,32,2
0,13,74,32,2
0,13,75,32,2
0,13,76,32,2
0,13,77,32,2
0,14,57,32,2
0,14,58,32,2
0,14,59,32,2
0,14,60,32,2
0,14,62,32,2
0,14,63,32,2
0,14,64,32,2
0,14,65,32,2
0,14,66,32,2
0,14,67,32,2
0,14,68,32,2
0,14,69,32,2
0,14,70,32,2
0,14,71,32,2
0,14,74,32,2
0,14,75,32,2
0,14,76,32,2
0,14,77,32,2
0,15,57,32,2
0,15,58,32,2
0,15,59,32,2
0,15,60,32,2
0,15,66,32,2
0,15,68,32,2
0,15,72,32,2
0,15,73,32,2
0,15,74,32,2
0,15,75,32,2
0,15,76,32,2
0,15,77,32,2
0,16,57,32,2
0,16,58,32,2
0,16,59,32,2
0,16,60,32,2
0,16,61,32,2
0,16,65,32,2
0,16,66,32,2
0,16,68,32,2
0,16,69,32,2
0,16,70,32,2
0,16,71,32,2
0,16,72,32,2
0,16,73,32,2
0,16,75,32,2
0,16,76,32,2
0,16,77,32,2
0,17,57,32,2
0,17,58,32,2
0,17,59,32,2
0,17,60,32,2
0,17,61,32,2
0,17,62,32,2
0,17,63,32,2
0,17,64,32,2
0,17,65,32,2
0,17,66,32,2
0,17,67,32,2
0,17,70,32,2
0,17,71,32,2
0,17,72,32,2
0,17,73,32,2
0,17,75,32,2
0,17,76,32,2
0,17,77,32,2
0,18,57,32,2
0,18,58,32,2
0,18,59,32,2
0,18,60,32,2
0,18,61,32,2
0,18,62,32,2
0,18,63,32,2
0,18,64,32,2
0,18,65,32,2
0,18,66,32,2
0,18,67,32,2
0,18,68,32,2
0,18,69,32,2
0,18,70,32,2
0,18,71,32,2
0,18,73,32,2
0,18,74,32,2
0,18,75,32,2
0,18,76,32,2
0,18,77,32,2
0,19,57,32,2
0,19,58,32,2
0,19,59,32,2
0,19,60,32,2
0,19,61,32,2
0,19,62,32,2
0,19,63,32,2
0,19,64,32,2
0,19,65,32,2
0,19,66,32,2
0,19,67,32,2
0,19,68,32,2
0,19,69,32,2
0,19,70,32,2
0,19,71,32,2
0,19,72,32,2
0,19,73,32,2
0,19,74,32,2
0,19,75,32,2
0,19,76,32,2
0,19,77,32,2
0,20,58,32,2
0,20,59,32,2
0,20,60,32,2
0,20,61,32,2
0,20,63,32,2
0,20,64,32,2
0,20,68,32,2
0,20,69,32,2
0,20,70,32,2
0,20,71,32,2
0,20,72,32,2
0,20,74,32,2
0,20,75,32,2
0,20,76,32,2
0,20,77,32,2
0,21,58,32,2
0,21,59,32,2
0,21,60,32,2
0,21,61,32,2
0,21,62,32,2
0,21,65,32,2
0,21,68,32,2
0,21,69,32,2
0,21,70,32,2
0,21,71,32,2
0,21,73,32,2
0,21,74,32,2
0,21,75,32,2
0,21,76,32,2
0,21,77,32,2
0,22,58,32,2
0,22,59,32,2
0,22,64,32,2
0,22,65,32,2
0,22,66,32,2
0,22,67,32,2
0,22,69,32,2
0,22,70,32,2
0,22,71,32,2
0,22,72,32,2
0,22,73,32,2
0,22,74,32,2
0,22,75,32,2
0,22,76,32,2
0,22,77,32,2
0,23,58,32,2
0,23,59,32,2
0,23,64,32,2
0,23,65,32,2
0,23,66,32,2
0,23,67,32,2
0,23,68,32,2
0,23,70,32,2
0,23,71,32,2
0,23,72,32,2
0,23,73,32,2
0,23,74,32,2
0,23,75,32,2
0,23,76,32,2
0,23,77,32,2
0,24,57,32,2
0,24,59,32,2
0,24,61,32,2
0,24,62,32,2
0,24,63,32,2
0,24,65,32,2
0,24,66,32,2
0,24,68,32,2
0,24,69,32,2
0,24,70,32,2
0,24,71,32,2
0,24,72,32,2
0,24,73,32,2
0,24,74,32,2
0,24,75,32,2
0,24,76,32,2
0,24,77,32,2
0,25,58,32,2
0,25,60,32,2
0,25,61,32,2
0,25,62,32,2
0,25,63,32,2
0,25,64,32,2
0,25,67,32,2
0,25,68,32,2
0,25,69,32,2
0,25,70,32,2
0,25,71,32,2
0,25,72,32,2
0,25,73,32,2
0,25,74,32,2
0,25,75,32,2
0,25,76,32,2
0,25,77,32,2
0,26,58,32,2
0,26,59,32,2
0,26,60,32,2
0,26,63,32,2
0,26,64,32,2
0,26,67,32,2
0,26,68,32,2
0,26,69,32,2
0,26,70,32,2
0,26,71,32,2
0,26,72,32,2
0,26,74,32,2
0,26,75,32,2
0,26,76,32,2
0,26,77,32,2
0,27,57,32,2
0,27,58,32,2
0,27,59,32,2
0,27,60,32,2
0,27,63,32,2
0,27,64,32,2
0,27,65,32,2
0,27,66,32,2
0,27,67,32,2
0,27,68,32,2
0,27,69,32,2
0,27,70,32,2
0,27,71,32,2
0,27,72,32,2
0,27,73,32,2
0,27,74,32,2
0,27,75,32,2
0,27,76,32,2
0,27,77,32,2
0,28,57,32,2
0,28,58,32,2
0,28,59,32,2
0,28,60,32,2
0,28,61,32,2
0,28,62,32,2
0,28,63,32,2
0,28,64,32,2
0,28,65,32,2
0,28,66,32,2
0,28,67,32,2
0,28,68,32,2
0,28,69,32,2
0,28,70,32,2
0,28,71,32,2
0,28,72,32,2
0,28,74,32,2
0,28,75,32,2
0,28,76,32,2
0,28,77,32,2
0,29,57,32,2
0,29,58,32,2
0,29,59,32,2
0,29,60,32,2
0,29,61,32,2
0,29,62,32,2
0,29,63,32,2
0,29,64,32,2
0,29,65,32,2
0,29,66,32,2
0,29,67,32,2
0,29,68,32,2
0,29,69,32,2
0,29,70,32,2
0,29,71,32,2
0,29,72,32,2
0,29,73,32,2
0,29,74,32,2
0,29,75,32,2
0,29,76,32,2
0,29,77,32,2
0,30,57,32,2
0,30,58,32,2
0,30,59,32,2
0,30,60,32,2
0,30,61,32,2
0,30,62,32,2
0,30,63,32,2
0,30,64,32,2
0,30,65,32,2
0,30,66,32,2
0,30,67,32,2
0,30,68,32,2
0,30,69,32,2
0,30,70,32,2
0,30,71,32,2
0,30,72,32,2
0,30,73,32,2
0,30,74,32,2
0,30,75,32,2
0,30,76,32,2
0,30,77,32,2
0,31,57,32,2
0,31,58,32,2
0,31,59,32,2
0,31,60,32,2
0,31,61,32,2
0,31,62,32,2
0,31,63,32,2
0,31,64,32,2
0,31,65,32,2
0,31,66,32,2
0,31,67,32,2
0,31,68,32,2
0,31,69,32,2
0,31,70,32,2
0,31,71,32,2
0,31,72,32,2
0,31,73,32,2
0,31,74,32,2
0,31,75,32,2
0,31,76,32,2
0,31,77,32,2
0,32,57,32,2
0,32,58,32,2
0,32,60,32,2
0,32,61,32,2
0,32,62,32,2
0,32,63,32,2
0,32,64,32,2
0,32,65,32,2
0,32,66,32,2
0,32,67,32,2
0,32,68,32,2
0,32,69,32,2
0,32,70,32,2
0,32,71,32,2
0,32,72,32,2
0,32,73,32,2
0,32,74,32,2
0,32,75,32,2
0,32,76,32,2
0,32,77,32,2
0,33,57,32,2
0,33,58,32,2
0,33,59,32,2
0,33,60,32,2
0,33,62,32,2
0,33,64,32,2
0,33,67,32,2
0,33,70,32,2
0,33,71,32,2
0,33,72,32,2
0,33,73,32,2
0,33,74,32,2
0,33,75,32,2
0,33,76,32,2
0,33,77,32,2
0,34,57,32,2
0,34,58,32,2
0,34,59,32,2
0,34,61,32,2
0,34,62,32,2
0,34,63,32,2
0,34,64,32,2
0,34,65,32,2
0,34,66,32,2
0,34,67,32,2
0,34,68,32,2
0,34,69,32,2
0,34,70,32,2
0,34,71,32,2
0,34,72,32,2
0,34,73,32,2
0,34,74,32,2
0,34,75,32,2
0,34,76,32,2
0,34,77,32,2
0,35,57,32,2
0,35,58,32,2
0,35,59,32,2
0,35,60,32,2
0,35,61,32,2
0,35,62,32,2
0,35,63,32,2
0,35,64,32,2
0,35,65,32,2
0,35,66,32,2
0,35,67,32,2
0,35,68,32,2
0,35,69,32,2
0,35,70,32,2
0,35,71,32,2
0,35,72,32,2
0,35,73,32,2
0,35,74,32,2
0,35,75,32,2
0,35,76,32,2
0,35,77,32,2
0,36,57,32,2
0,36,58,32,2
0,36,59,32,2
0,36,60,32,2
0,36,61,32,2
0,36,62,32,2
0,36,63,32,2
0,36,64,32,2
0,36,65,32,2
0,36,66,32,2
0,36,67,32,2
0,36,68,32,2
0,36,69,32,2
0,36,70,32,2
0,36,71,32,2
0,36,72,32,2
0,36,73,32,2
0,36,74,32,2
0,36,75,32,2
0,36,76,32,2
0,36,77,32,2
0,37,57,32,2
0,37,58,32,2
0,37,59,32,2
0,37,60,32,2
0,37,61,32,2
0,37,62,32,2
0,37,63,32,2
0,37,64,32,2
0,37,65,32,2
0,37,66,32,2
0,37,67,32,2
0,37,68,32,2
0,37,69,32,2
0,37,70,32,2
0,37,71,32,2
0,37,72,32,2
0,37,73,32,2
0,37,74,32,2
0,37,75,32,2
0,37,76,32,2
0,37,77,32,2
0,38,57,32,2
0,38,58,32,2
0,38,59,32,2
0,38,60,32,2
0,38,61,32,2
0,38,62,32,2
0,38,63,32,2
0,38,64,32,2
0,38,65,32,2
0,38,66,32,2
0,38,67,32,2
0,38,68,32,2
0,38,69,32,2
0,38,70,32,2
0,38,71,32,2
0,38,72,32,2
0,38,73,32,2
0,38,74,32,2
0,38,75,32,2
0,38,76,32,2
0,38,77,32,2
0,39,57,32,2
0,39,58,32,2
0,39,59,32,2
0,39,60,32,2
0,39,61,32,2
0,39,62,32,2
0,39,63,32,2
0,39,64,32,2
0,39,65,32,2
0,39,66,32,2
0,39,67,32,2
0,39,68,32,2
0,39,69,32,2
0,39,70,32,2
0,39,71,32,2
0,39,72,32,2
0,39,73,32,2
0,39,74,32,2
0,39,75,32,2
0,39,76,32,2
0,39,77,32,2
0,40,57,32,2
0,40,58,32,2
0,40,59,32,2
0,40,60,32,2
0,40,61,32,2
0,40,62,32,2
0,40,63,32,2
0,40,64,32,2
0,40,65,32,2
0,40,66,32,2
0,40,67,32,2
0,40,68,32,2
0,40,69,32,2
0,40,70,32,2
0,40,71,32,2
0,40,72,32,2
0,40,73,32,2
0,40,74,32,2
0,40,75,32,2
0,40,76,32,2
0,40,77,32,2
0,41,57,32,2
0,41,58,32,2
0,41,59,32,2
0,41,60,32,2
0,41,61,32,2
0,41,62,32,2
0,41,63,32,2
0,41,64,32,2
0,41,65,32,2
0,41,66,32,2
0,41,67,32,2
0,41,68,32,2
0,41,69,32,2
0,41,70,32,2
0,41,71,32,2
0,41,72,32,2
0,41,73,32,2
0,41,74,32,2
0,41,75,32,2
0,41,76,32,2
0,41,77,32,2
0,42,57,32,2
0,42,58,32,2
0,42,59,32,2
0,42,60,32,2
0,42,61,32,2
0,42,62,32,2
0,42,63,32,2
0,42,64,32,2
0,42,65,32,2
0,42,66,32,2
0,42,67,32,2
0,42,68,32,2
0,42,69,32,2
0,42,70,32,2
0,42,71,32,2
0,42,72,32,2
0,42,73,32,2
0,42,74,32,2
0,42,75,32,2
0,42,76,32,2
0,42,77,32,2
0,43,57,32,2
0,43,58,32,2
0,43,59,32,2
0,43,60,32,2
0,43,61,32,2
0,43,62,32,2
0,43,63,32,2
0,43,64,32,2
0,43,65,32,2
0,43,66,32,2
0,43,67,32,2
0,43,68,32,2
0,43,69,32,2
0,43,70,32,2
0,43,71,32,2
0,43,72,32,2
0,43,73,32,2
0,43,74,32,2
0,43,75,32,2
0,43,76,32,2
0,43,77,32,2
0,20,57,34,2
0,22,57,34,2
0,21,57,35,2
0,23,57,35,2
0,26,57,35,2
0,25,57,34,2
0,20,56,30,2
0,25,56,30,2
0,22,56,30,2
0,21,56,31,2
0,23,56,31,2
0,26,56,31,2
0,14,53,27,2
0,14,54,27,2
0,14,55,27,2
0,14,56,27,2
0,15,55,32,2
0,15,56,32,2
0,16,55,32,2
0,16,56,32,2
0,17,55,32,2
0,17,56,32,2
0,18,55,32,2
0,18,56,32,2
0,19,55,32,2
0,19,56,32,2
0,15,53,32,2
0,15,54,32,2
0,16,53,32,2
0,16,54,32,2
0,17,53,32,2
0,17,54,32,2
0,18,53,32,2
0,18,54,32,2
0,19,53,32,2
0,19,54,32,2
0,9,53,32,2
0,9,54,32,2
0,9,55,32,2
0,9,56,32,2
0,10,53,32,2
0,10,54,32,2
0,10,55,32,2
0,10,56,32,2
0,11,53,32,2
0,11,54,32,2
0,11,55,32,2
0,11,56,32,2
0,12,53,32,2
0,12,54,32,2
0,12,55,32,2
0,12,56,32,2
0,13,53,32,2
0,13,54,32,2
0,13,55,32,2
0,13,56,32,2
0,20,53,32,2
0,20,54,32,2
0,20,55,32,2
0,21,53,32,2
0,21,54,32,2
0,21,55,32,2
0,22,53,32,2
0,22,54,32,2
0,22,55,32,2
0,23,53,32,2
0,23,54,32,2
0,23,55,32,2
0,24,53,32,2
0,24,54,32,2
0,24,55,32,2
0,25,53,32,2
0,25,54,32,2
0,25,55,32,2
0,26,53,32,2
0,26,54,32,2
0,26,55,32,2
0,27,53,32,2
0,27,54,32,2
0,27,55,32,2
0,28,53,32,2
0,28,54,32,2
0,28,55,32,2
0,29,53,32,2
0,29,54,32,2
0,29,55,32,2
0,30,53,32,2
0,30,54,32,2
0,30,55,32,2
0,31,53,32,2
0,31,54,32,2
0,31,55,32,2
0,32,53,32,2
0,32,54,32,2
0,32,55,32,2
0,33,53,32,2
0,33,54,32,2
0,33,55,32,2
0,34,53,32,2
0,34,54,32,2
0,34,55,32,2
0,35,53,32,2
0,35,54,32,2
0,35,55,32,2
0,36,53,32,2
0,36,54,32,2
0,36,55,32,2
0,37,53,32,2
0,37,54,32,2
0,37,55,32,2
0,38,53,32,2
0,38,54,32,2
0,38,55,32,2
0,39,53,32,2
0,39,54,32,2
0,39,55,32,2
0,24,56,32,2
0,28,56,32,2
0,29,56,32,2
0,30,56,32,2
0,31,56,32,2
0,32,56,32,2
0,33,56,32,2
0,34,56,32,2
0,35,56,32,2
0,36,56,32,2
0,37,56,32,2
0,38,56,32,2
0,39,56,32,2
0,27,56,32,2
0,40,53,32,2
0,40,54,32,2
0,40,55,32,2
0,40,56,32,2
0,41,53,32,2
0,41,54,32,2
0,41,55,32,2
0,41,56,32,2
0,42,53,32,2
0,42,54,32,2
0,42,55,32,2
0,42,56,32,2
0,43,53,32,2
0,43,54,32,2
0,43,55,32,2
0,43,56,32,2
0,9,78,32,2
0,9,79,32,2
0,9,80,32,2
0,9,81,32,2
0,9,82,32,2
0,9,83,32,2
0,10,78,32,2
0,10,79,32,2
0,10,80,32,2
0,10,81,32,2
0,10,82,32,2
0,10,83,32,2
0,11,78,32,2
0,11,79,32,2
0,11,80,32,2
0,11,81,32,2
0,11,82,32,2
0,11,83,32,2
0,12,78,32,2
0,12,79,32,2
0,12,80,32,2
0,12,81,32,2
0,12,82,32,2
0,12,83,32,2
0,13,78,32,2
0,13,79,32,2
0,13,80,32,2
0,13,81,32,2
0,13,82,32,2
0,13,83,32,2
0,14,78,32,2
0,14,79,32,2
0,14,80,32,2
0,14,81,32,2
0,14,82,32,2
0,14,83,32,2
0,15,78,32,2
0,15,79,32,2
0,15,80,32,2
0,15,81,32,2
0,15,82,32,2
0,15,83,32,2
0,16,78,32,2
0,16,79,32,2
0,16,80,32,2
0,16,81,32,2
0,16,82,32,2
0,16,83,32,2
0,17,78,32,2
0,17,79,32,2
0,17,80,32,2
0,17,81,32,2
0,17,82,32,2
0,17,83,32,2
0,18,78,32,2
0,18,79,32,2
0,18,80,32,2
0,18,81,32,2
0,18,82,32,2
0,18,83,32,2
0,19,78,32,2
0,19,79,32,2
0,19,80,32,2
0,19,81,32,2
0,19,82,32,2
0,19,83,32,2
0,20,78,32,2
0,20,79,32,2
0,20,80,32,2
0,20,81,32,2
0,20,82,32,2
0,20,83,32,2
0,21,78,32,2
0,21,79,32,2
0,21,80,32,2
0,21,81,32,2
0,21,82,32,2
0,21,83,32,2
0,22,78,32,2
0,22,79,32,2
0,22,80,32,2
0,22,81,32,2
0,22,82,32,2
0,22,83,32,2
0,23,78,32,2
0,23,79,32,2
0,23,80,32,2
0,23,81,32,2
0,23,82,32,2
0,23,83,32,2
0,24,78,32,2
0,24,79,32,2
0,24,80,32,2
0,24,81,32,2
0,24,82,32,2
0,24,83,32,2
0,25,78,32,2
0,25,79,32,2
0,25,80,32,2
0,25,81,32,2
0,25,82,32,2
0,25,83,32,2
0,26,78,32,2
0,26,79,32,2
0,26,80,32,2
0,26,81,32,2
0,26,82,32,2
0,26,83,32,2
0,27,78,32,2
0,27,79,32,2
0,27,80,32,2
0,27,81,32,2
0,27,82,32,2
0,27,83,32,2
0,28,78,32,2
0,28,79,32,2
0,28,80,32,2
0,28,81,32,2
0,28,82,32,2
0,28,83,32,2
0,29,78,32,2
0,29,79,32,2
0,29,80,32,2
0,29,81,32,2
0,29,82,32,2
0,29,83,32,2
0,30,78,32,2
0,30,79,32,2
0,30,80,32,2
0,30,81,32,2
0,30,82,32,2
0,30,83,32,2
0,31,78,32,2
0,31,79,32,2
0,31,80,32,2
0,31,81,32,2
0,31,82,32,2
0,31,83,32,2
0,32,78,32,2
0,32,79,32,2
0,32,80,32,2
0,32,81,32,2
0,32,82,32,2
0,32,83,32,2
0,33,78,32,2
0,33,79,32,2
0,33,80,32,2
0,33,81,32,2
0,33,82,32,2
0,33,83,32,2
0,34,78,32,2
0,34,79,32,2
0,34,80,32,2
0,34,81,32,2
0,34,82,32,2
0,34,83,32,2
0,35,78,32,2
0,35,79,32,2
0,35,80,32,2
0,35,81,32,2
0,35,82,32,2
0,35,83,32,2
0,36,78,32,2
0,36,79,32,2
0,36,80,32,2
0,36,81,32,2
0,36,82,32,2
0,36,83,32,2
0,37,78,32,2
0,37,79,32,2
0,37,80,32,2
0,37,81,32,2
0,37,82,32,2
0,37,83,32,2
0,38,78,32,2
0,38,79,32,2
0,38,80,32,2
0,38,81,32,2
0,38,82,32,2
0,38,83,32,2
0,39,78,32,2
0,39,79,32,2
0,39,80,32,2
0,39,81,32,2
0,39,82,32,2
0,39,83,32,2
0,40,78,32,2
0,40,79,32,2
0,40,80,32,2
0,40,81,32,2
0,40,82,32,2
0,40,83,32,2
0,41,78,32,2
0,41,79,32,2
0,41,80,32,2
0,41,81,32,2
0,41,82,32,2
0,41,83,32,2
0,42,78,32,2
0,42,79,32,2
0,42,80,32,2
0,42,81,32,2
0,42,82,32,2
0,42,83,32,2
0,43,78,32,2
0,43,79,32,2
0,43,80,32,2
0,43,81,32,2
0,43,82,32,2
0,43,83,32,2
0,-3,53,32,2
0,-3,54,32,2
0,-3,55,32,2
0,-3,56,32,2
0,-3,57,32,2
0,-3,58,32,2
0,-3,59,32,2
0,-3,60,32,2
0,-3,61,32,2
0,-3,62,32,2
0,-3,63,32,2
0,-3,64,32,2
0,-3,65,32,2
0,-3,66,32,2
0,-3,67,32,2
0,-3,68,32,2
0,-3,69,32,2
0,-3,70,32,2
0,-3,71,32,2
0,-3,72,32,2
0,-3,73,32,2
0,-3,74,32,2
0,-3,75,32,2
0,-3,76,32,2
0,-3,77,32,2
0,-3,78,32,2
0,-3,79,32,2
0,-3,80,32,2
0,-3,81,32,2
0,-3,82,32,2
0,-3,83,32,2
0,-2,53,32,2
0,-2,54,32,2
0,-2,55,32,2
0,-2,56,32,2
0,-2,57,32,2
0,-2,58,32,2
0,-2,59,32,2
0,-2,60,32,2
0,-2,61,32,2
0,-2,62,32,2
0,-2,63,32,2
0,-2,64,32,2
0,-2,65,32,2
0,-2,66,32,2
0,-2,67,32,2
0,-2,68,32,2
0,-2,69,32,2
0,-2,70,32,2
0,-2,71,32,2
0,-2,72,32,2
0,-2,73,32,2
0,-2,74,32,2
0,-2,75,32,2
0,-2,76,32,2
0,-2,77,32,2
0,-2,78,32,2
0,-2,79,32,2
0,-2,80,32,2
0,-2,81,32,2
0,-2,82,32,2
0,-2,83,32,2
0,-1,53,32,2
0,-1,54,32,2
0,-1,55,32,2
0,-1,56,32,2
0,-1,57,32,2
0,-1,58,32,2
0,-1,59,32,2
0,-1,60,32,2
0,-1,61,32,2
0,-1,62,32,2
0,-1,63,32,2
0,-1,64,32,2
0,-1,65,32,2
0,-1,66,32,2
0,-1,67,32,2
0,-1,68,32,2
0,-1,69,32,2
0,-1,70,32,2
0,-1,71,32,2
0,-1,72,32,2
0,-1,73,32,2
0,-1,74,32,2
0,-1,75,32,2
0,-1,76,32,2
0,-1,77,32,2
0,-1,78,32,2
0,-1,79,32,2
0,-1,80,32,2
0,-1,81,32,2
0,-1,82,32,2
0,-1,83,32,2
0,0,53,32,2
0,0,54,32,2
0,0,55,32,2
0,0,56,32,2
0,0,57,32,2
0,0,58,32,2
0,0,59,32,2
0,0,60,32,2
0,0,61,32,2
0,0,62,32,2
0,0,63,32,2
0,0,64,32,2
0,0,65,32,2
0,0,66,32,2
0,0,67,32,2
0,0,68,32,2
0,0,69,32,2
0,0,70,32,2
0,0,71,32,2
0,0,72,32,2
0,0,73,32,2
0,0,74,32,2
0,0,75,32,2
0,0,76,32,2
0,0,77,32,2
0,0,78,32,2
0,0,79,32,2
0,0,80,32,2
0,0,81,32,2
0,0,82,32,2
0,0,83,32,2
0,1,53,32,2
0,1,54,32,2
0,1,55,32,2
0,1,56,32,2
0,1,57,32,2
0,1,58,32,2
0,1,59,32,2
0,1,60,32,2
0,1,61,32,2
0,1,62,32,2
0,1,63,32,2
0,1,64,32,2
0,1,65,32,2
0,1,66,32,2
0,1,67,32,2
0,1,68,32,2
0,1,69,32,2
0,1,70,32,2
0,1,71,32,2
0,1,72,32,2
0,1,73,32,2
0,1,74,32,2
0,1,75,32,2
0,1,76,32,2
0,1,77,32,2
0,1,78,32,2
0,1,79,32,2
0,1,80,32,2
0,1,81,32,2
0,1,82,32,2
0,1,83,32,2
0,2,53,32,2
0,2,54,32,2
0,2,55,32,2
0,2,56,32,2
0,2,57,32,2
0,2,58,32,2
0,2,59,32,2
0,2,60,32,2
0,2,61,32,2
0,2,62,32,2
0,2,63,32,2
0,2,64,32,2
0,2,65,32,2
0,2,66,32,2
0,2,67,32,2
0,2,68,32,2
0,2,69,32,2
0,2,70,32,2
0,2,71,32,2
0,2,72,32,2
0,2,73,32,2
0,2,74,32,2
0,2,75,32,2
0,2,76,32,2
0,2,77,32,2
0,2,78,32,2
0,2,79,32,2
0,2,80,32,2
0,2,81,32,2
0,2,82,32,2
0,2,83,32,2
0,3,53,32,2
0,3,54,32,2
0,3,55,32,2
0,3,56,32,2
0,3,57,32,2
0,3,58,32,2
0,3,59,32,2
0,3,60,32,2
0,3,61,32,2
0,3,62,32,2
0,3,63,32,2
0,3,64,32,2
0,3,65,32,2
0,3,66,32,2
0,3,67,32,2
0,3,68,32,2
0,3,69,32,2
0,3,70,32,2
0,3,71,32,2
0,3,72,32,2
0,3,73,32,2
0,3,74,32,2
0,3,75,32,2
0,3,76,32,2
0,3,77,32,2
0,3,78,32,2
0,3,79,32,2
0,3,80,32,2
0,3,81,32,2
0,3,82,32,2
0,3,83,32,2
0,4,53,32,2
0,4,54,32,2
0,4,55,32,2
0,4,56,32,2
0,4,57,32,2
0,4,58,32,2
0,4,59,32,2
0,4,60,32,2
0,4,61,32,2
0,4,62,32,2
0,4,63,32,2
0,4,64,32,2
0,4,65,32,2
0,4,66,32,2
0,4,67,32,2
0,4,68,32,2
0,4,69,32,2
0,4,70,32,2
0,4,71,32,2
0,4,72,32,2
0,4,73,32,2
0,4,74,32,2
0,4,75,32,2
0,4,76,32,2
0,4,77,32,2
0,4,78,32,2
0,4,79,32,2
0,4,80,32,2
0,4,81,32,2
0,4,82,32,2
0,4,83,32,2
0,5,53,32,2
0,5,54,32,2
0,5,55,32,2
0,5,56,32,2
0,5,57,32,2
0,5,58,32,2
0,5,59,32,2
0,5,60,32,2
0,5,61,32,2
0,5,62,32,2
0,5,63,32,2
0,5,64,32,2
0,5,65,32,2
0,5,66,32,2
0,5,67,32,2
0,5,68,32,2
0,5,69,32,2
0,5,70,32,2
0,5,71,32,2
0,5,72,32,2
0,5,73,32,2
0,5,74,32,2
0,5,75,32,2
0,5,76,32,2
0,5,77,32,2
0,5,78,32,2
0,5,79,32,2
0,5,80,32,2
0,5,81,32,2
0,5,82,32,2
0,5,83,32,2
0,6,53,32,2
0,6,54,32,2
0,6,55,32,2
0,6,56,32,2
0,6,57,32,2
0,6,58,32,2
0,6,59,32,2
0,6,60,32,2
0,6,61,32,2
0,6,62,32,2
0,6,63,32,2
0,6,64,32,2
0,6,65,32,2
0,6,66,32,2
0,6,67,32,2
0,6,68,32,2
0,6,69,32,2
0,6,70,32,2
0,6,71,32,2
0,6,72,32,2
0,6,73,32,2
0,6,74,32,2
0,6,75,32,2
0,6,76,32,2
0,6,77,32,2
0,6,78,32,2
0,6,79,32,2
0,6,80,32,2
0,6,81,32,2
0,6,82,32,2
0,6,83,32,2
0,7,53,32,2
0,7,54,32,2
0,7,55,32,2
0,7,56,32,2
0,7,57,32,2
0,7,58,32,2
0,7,59,32,2
0,7,60,32,2
0,7,61,32,2
0,7,62,32,2
0,7,63,32,2
0,7,64,32,2
0,7,65,32,2
0,7,66,32,2
0,7,67,32,2
0,7,68,32,2
0,7,69,32,2
0,7,70,32,2
0,7,71,32,2
0,7,72,32,2
0,7,73,32,2
0,7,74,32,2
0,7,75,32,2
0,7,76,32,2
0,7,77,32,2
0,7,78,32,2
0,7,79,32,2
0,7,80,32,2
0,7,81,32,2
0,7,82,32,2
0,7,83,32,2
0,8,53,32,2
0,8,54,32,2
0,8,55,32,2
0,8,56,32,2
0,8,57,32,2
0,8,58,32,2
0,8,59,32,2
0,8,60,32,2
0,8,61,32,2
0,8,62,32,2
0,8,63,32,2
0,8,64,32,2
0,8,65,32,2
0,8,66,32,2
0,8,67,32,2
0,8,68,32,2
0,8,69,32,2
0,8,70,32,2
0,8,71,32,2
0,8,72,32,2
0,8,73,32,2
0,8,74,32,2
0,8,75,32,2
0,8,76,32,2
0,8,77,32,2
0,8,78,32,2
0,8,79,32,2
0,8,80,32,2
0,8,81,32,2
0,8,82,32,2
0,8,83,32,2
0,44,53,32,2
0,44,54,32,2
0,44,55,32,2
0,44,56,32,2
0,44,57,32,2
0,44,58,32,2
0,44,59,32,2
0,44,60,32,2
0,44,61,32,2
0,44,62,32,2
0,44,63,32,2
0,44,64,32,2
0,44,65,32,2
0,44,66,32,2
0,44,67,32,2
0,44,68,32,2
0,44,69,32,2
0,44,70,32,2
0,44,71,32,2
0,44,72,32,2
0,44,73,32,2
0,44,74,32,2
0,44,75,32,2
0,44,76,32,2
0,44,77,32,2
0,44,78,32,2
0,44,79,32,2
0,44,80,32,2
0,44,81,32,2
0,44,82,32,2
0,44,83,32,2
0,45,53,32,2
0,45,54,32,2
0,45,55,32,2
0,45,56,32,2
0,45,57,32,2
0,45,58,32,2
0,45,59,32,2
0,45,60,32,2
0,45,61,32,2
0,45,62,32,2
0,45,63,32,2
0,45,64,32,2
0,45,65,32,2
0,45,66,32,2
0,45,67,32,2
0,45,68,32,2
0,45,69,32,2
0,45,70,32,2
0,45,71,32,2
0,45,72,32,2
0,45,73,32,2
0,45,74,32,2
0,45,75,32,2
0,45,76,32,2
0,45,77,32,2
0,45,78,32,2
0,45,79,32,2
0,45,80,32,2
0,45,81,32,2
0,45,82,32,2
0,45,83,32,2
0,46,53,32,2
0,46,54,32,2
0,46,55,32,2
0,46,56,32,2
0,46,57,32,2
0,46,58,32,2
0,46,59,32,2
0,46,60,32,2
0,46,61,32,2
0,46,62,32,2
0,46,63,32,2
0,46,64,32,2
0,46,65,32,2
0,46,66,32,2
0,46,67,32,2
0,46,68,32,2
0,46,69,32,2
0,46,70,32,2
0,46,71,32,2
0,46,72,32,2
0,46,73,32,2
0,46,74,32,2
0,46,75,32,2
0,46,76,32,2
0,46,77,32,2
0,46,78,32,2
0,46,79,32,2
0,46,80,32,2
0,46,81,32,2
0,46,82,32,2
0,46,83,32,2
0,47,53,32,2
0,47,54,32,2
0,47,55,32,2
0,47,56,32,2
0,47,57,32,2
0,47,58,32,2
0,47,59,32,2
0,47,60,32,2
0,47,61,32,2
0,47,62,32,2
0,47,63,32,2
0,47,64,32,2
0,47,65,32,2
0,47,66,32,2
0,47,67,32,2
0,47,68,32,2
0,47,69,32,2
0,47,70,32,2
0,47,71,32,2
0,47,72,32,2
0,47,73,32,2
0,47,74,32,2
0,47,75,32,2
0,47,76,32,2
0,47,77,32,2
0,47,78,32,2
0,47,79,32,2
0,47,80,32,2
0,47,81,32,2
0,47,82,32,2
0,47,83,32,2
0,48,53,32,2
0,48,54,32,2
0,48,55,32,2
0,48,56,32,2
0,48,57,32,2
0,48,58,32,2
0,48,59,32,2
0,48,60,32,2
0,48,61,32,2
0,48,62,32,2
0,48,63,32,2
0,48,64,32,2
0,48,65,32,2
0,48,66,32,2
0,48,67,32,2
0,48,68,32,2
0,48,69,32,2
0,48,70,32,2
0,48,71,32,2
0,48,72,32,2
0,48,73,32,2
0,48,74,32,2
0,48,75,32,2
0,48,76,32,2
0,48,77,32,2
0,48,78,32,2
0,48,79,32,2
0,48,80,32,2
0,48,81,32,2
0,48,82,32,2
0,48,83,32,2
0,49,53,32,2
0,49,54,32,2
0,49,55,32,2
0,49,56,32,2
0,49,57,32,2
0,49,58,32,2
0,49,59,32,2
0,49,60,32,2
0,49,61,32,2
0,49,62,32,2
0,49,63,32,2
0,49,64,32,2
0,49,65,32,2
0,49,66,32,2
0,49,67,32,2
0,49,68,32,2
0,49,69,32,2
0,49,70,32,2
0,49,71,32,2
0,49,72,32,2
0,49,73,32,2
0,49,74,32,2
0,49,75,32,2
0,49,76,32,2
0,49,77,32,2
0,49,78,32,2
0,49,79,32,2
0,49,80,32,2
0,49,81,32,2
0,49,82,32,2
0,49,83,32,2
0,50,53,32,2
0,50,54,32,2
0,50,55,32,2
0,50,56,32,2
0,50,57,32,2
0,50,58,32,2
0,50,59,32,2
0,50,60,32,2
0,50,61,32,2
0,50,62,32,2
0,50,63,32,2
0,50,64,32,2
0,50,65,32,2
0,50,66,32,2
0,50,67,32,2
0,50,68,32,2
0,50,69,32,2
0,50,70,32,2
0,50,71,32,2
0,50,72,32,2
0,50,73,32,2
0,50,74,32,2
0,50,75,32,2
0,50,76,32,2
0,50,77,32,2
0,50,78,32,2
0,50,79,32,2
0,50,80,32,2
0,50,81,32,2
0,50,82,32,2
0,50,83,32,2
0,51,53,32,2
0,51,54,32,2
0,51,55,32,2
0,51,56,32,2
0,51,57,32,2
0,51,58,32,2
0,51,59,32,2
0,51,60,32,2
0,51,61,32,2
0,51,62,32,2
0,51,63,32,2
0,51,64,32,2
0,51,65,32,2
0,51,66,32,2
0,51,67,32,2
0,51,68,32,2
0,51,69,32,2
0,51,70,32,2
0,51,71,32,2
0,51,72,32,2
0,51,73,32,2
0,51,74,32,2
0,51,75,32,2
0,51,76,32,2
0,51,77,32,2
0,51,78,32,2
0,51,79,32,2
0,51,80,32,2
0,51,81,32,2
0,51,82,32,2
0,51,83,32,2
0,22,60,30,2
0,22,61,34,2
0,23,61,35,2
0,23,60,31,2
0,23,62,31,2
0,22,62,30,2
0,22,63,34,2
0,23,63,35,2
0,21,63,27,2
0,21,64,27,2
0,20,62,27,2
0,20,65,27,2
0,20,66,27,2
0,21,66,27,2
0,20,67,27,2
0,21,67,27,2
0,22,68,27,2
0,23,69,27,2
0,24,67,27,2
0,24,64,27,2
0,25,65,27,2
0,25,66,27,2
0,26,65,27,2
0,26,66,27,2
0,26,61,27,2
0,26,62,27,2
0,27,61,27,2
0,27,62,27,2
0,32,59,27,2
0,34,60,27,2
0,33,61,27,2
0,33,63,27,2
0,33,65,27,2
0,33,66,27,2
0,33,68,27,2
0,33,69,27,2
0,28,73,27,2
0,26,73,27,2
0,11,67,27,2
0,10,65,27,2
0,13,61,27,2
0,14,61,27,2
0,15,61,27,2
0,15,62,27,2
0,15,63,27,2
0,15,64,27,2
0,16,62,27,2
0,16,63,27,2
0,16,64,27,2
0,15,65,27,2
0,15,69,27,2
0,15,70,27,2
0,15,71,27,2
0,13,72,27,2
0,13,73,27,2
0,14,72,27,2
0,14,73,27,2
0,16,74,27,2
0,17,74,27,2
0,18,72,27,2
0,17,69,27,2
0,17,68,27,2
0,16,67,27,2
0,15,67,27,2
0,24,58,27,2
0,25,59,27,2
0,24,60,27,2
0,21,72,27,2
0,20,73,27,2
