4,22,75,14,1
5,22,76,5,1
3,23,76,9,1
3,24,76,9,1
3,25,76,9,1
3,26,76,9,1
3,27,76,9,1
0,28,76,10,1
0,25,75,24,1
0,25,74,24,1
4,22,74,14,1
2,19,74,12,1
2,19,75,12,1
5,19,76,6,1
3,18,76,9,1
0,17,76,8,1
2,17,77,12,1
2,17,78,12,1
5,17,79,6,1
0,16,79,9,1
0,12,79,9,1
0,13,79,9,1
0,14,79,9,1
0,15,79,9,1
0,12,81,17,1
0,13,81,17,1
0,14,81,17,1
0,15,81,17,1
0,16,81,17,1
5,17,81,2,1
5,17,82,6,1
4,28,77,14,1
4,28,78,14,1
5,28,79,5,1
0,29,79,9,1
0,30,79,9,1
0,31,79,9,1
0,32,79,9,1
0,33,79,9,1
5,28,81,1,1
5,28,82,5,1
0,27,74,24,1
0,27,75,24,1
0,26,74,13,1
0,26,75,13,1
0,23,74,13,1
0,23,75,13,1
0,24,74,13,1
0,24,75,13,1
0,31,74,24,1
0,31,75,24,1
0,31,76,24,1
0,31,77,24,1
0,31,78,24,1
0,28,74,13,1
0,28,75,13,1
0,29,74,13,1
0,29,75,13,1
0,30,74,13,1
0,30,75,13,1
0,29,76,13,1
0,29,77,13,1
0,29,78,13,1
0,30,76,13,1
0,30,77,13,1
0,30,78,13,1
0,32,74,13,1
0,32,75,13,1
0,32,76,13,1
0,32,77,13,1
0,32,78,13,1
0,33,74,13,1
0,33,75,13,1
0,33,76,13,1
0,33,77,13,1
0,33,78,13,1
0,34,74,13,1
0,34,75,13,1
0,34,76,13,1
0,34,77,13,1
0,34,78,13,1
0,35,74,13,1
0,35,75,13,1
0,35,76,13,1
0,35,77,13,1
0,35,78,13,1
0,36,74,13,1
0,36,75,13,1
0,36,76,13,1
0,36,77,13,1
0,36,78,13,1
0,37,74,13,1
0,37,75,13,1
0,37,76,13,1
0,37,77,13,1
0,37,78,13,1
0,38,74,13,1
0,38,75,13,1
0,38,76,13,1
0,38,77,13,1
0,38,78,13,1
0,39,74,13,1
0,39,75,13,1
0,39,76,13,1
0,39,77,13,1
0,39,78,13,1
0,40,74,13,1
0,40,75,13,1
0,40,76,13,1
0,40,77,13,1
0,40,78,13,1
0,34,79,9,1
0,35,79,9,1
0,36,79,9,1
0,37,79,9,1
0,38,79,9,1
0,39,79,9,1
0,40,79,9,1
0,34,82,9,1
0,35,82,9,1
0,36,82,9,1
0,37,82,9,1
0,38,82,9,1
0,39,82,9,1
0,40,82,9,1
0,29,82,9,1
0,30,82,9,1
0,31,82,9,1
0,32,82,9,1
0,33,82,9,1
0,29,81,17,1
0,30,81,17,1
0,31,81,17,1
0,32,81,17,1
0,33,81,17,1
0,34,81,17,1
0,35,81,17,1
0,36,81,17,1
0,37,81,17,1
0,38,81,17,1
0,39,81,17,1
0,40,81,17,1
0,12,82,9,1
0,13,82,9,1
0,14,82,9,1
0,15,82,9,1
0,16,82,9,1
0,7,79,9,1
0,8,79,9,1
0,9,79,9,1
0,10,79,9,1
0,11,79,9,1
0,7,82,9,1
0,8,82,9,1
0,9,82,9,1
0,10,82,9,1
0,11,82,9,1
0,7,81,17,1
0,8,81,17,1
0,9,81,17,1
0,10,81,17,1
0,11,81,17,1
0,16,76,24,1
0,16,77,24,1
0,16,78,24,1
0,16,75,20,1
0,17,75,19,1
0,18,75,20,1
0,7,75,19,1
0,8,75,19,1
0,9,75,19,1
0,10,75,19,1
0,11,75,19,1
0,12,75,19,1
0,13,75,19,1
0,14,75,19,1
0,15,75,19,1
0,7,76,13,1
0,7,77,13,1
0,7,78,13,1
0,8,76,13,1
0,8,77,13,1
0,8,78,13,1
0,9,76,13,1
0,9,77,13,1
0,9,78,13,1
0,10,76,13,1
0,10,77,13,1
0,10,78,13,1
0,11,76,13,1
0,11,77,13,1
0,11,78,13,1
0,12,76,13,1
0,12,77,13,1
0,12,78,13,1
0,13,76,13,1
0,13,77,13,1
0,13,78,13,1
0,14,76,13,1
0,14,77,13,1
0,14,78,13,1
0,15,76,13,1
0,15,77,13,1
0,15,78,13,1
0,7,74,13,1
0,8,74,13,1
0,9,74,13,1
0,10,74,13,1
0,11,74,13,1
0,12,74,13,1
0,13,74,13,1
0,14,74,13,1
0,15,74,13,1
0,17,74,13,1
0,16,74,24,1
0,18,74,24,1
5,17,84,2,1
5,17,86,2,1
2,17,85,12,1
0,7,84,17,1
0,8,84,17,1
0,9,84,17,1
0,10,84,17,1
0,11,84,17,1
0,12,84,17,1
0,13,84,17,1
0,14,84,17,1
0,15,84,17,1
0,16,84,17,1
0,7,86,9,1
0,8,86,9,1
0,9,86,9,1
0,10,86,9,1
0,11,86,9,1
0,12,86,9,1
0,13,86,9,1
0,14,86,9,1
0,15,86,9,1
0,16,86,9,1
0,7,85,13,1
0,8,85,13,1
0,9,85,13,1
0,10,85,13,1
0,11,85,13,1
0,12,85,13,1
0,13,85,13,1
0,14,85,13,1
0,15,85,13,1
0,16,85,13,1
5,20,85,1,1
5,20,86,5,1
5,21,85,2,1
5,21,86,6,1
5,28,84,1,1
0,29,84,17,1
0,30,84,17,1
0,31,84,17,1
0,32,84,17,1
0,33,84,17,1
0,34,84,17,1
0,35,84,17,1
0,36,84,17,1
0,37,84,17,1
0,38,84,17,1
0,39,84,17,1
0,40,84,17,1
0,29,86,9,1
0,30,86,9,1
0,31,86,9,1
0,32,86,9,1
0,33,86,9,1
0,34,86,9,1
0,35,86,9,1
0,36,86,9,1
0,37,86,9,1
0,38,86,9,1
0,39,86,9,1
0,40,86,9,1
5,28,86,5,1
4,28,85,14,1
0,29,85,13,1
0,30,85,13,1
0,31,85,13,1
0,32,85,13,1
0,33,85,13,1
0,34,85,13,1
0,35,85,13,1
0,36,85,13,1
0,37,85,13,1
0,38,85,13,1
0,39,85,13,1
0,40,85,13,1
4,20,88,1,1
2,21,88,2,1
2,21,89,12,1
2,21,90,12,1
2,21,91,12,1
2,21,92,12,1
4,20,89,14,1
4,20,90,14,1
4,20,91,14,1
4,20,92,14,1
2,17,88,2,1
0,7,88,17,1
0,8,88,17,1
0,9,88,17,1
0,10,88,17,1
0,11,88,17,1
0,12,88,17,1
0,13,88,17,1
0,14,88,17,1
0,15,88,17,1
0,16,88,17,1
2,17,89,12,1
2,17,90,12,1
2,17,91,12,1
2,17,92,12,1
2,17,93,12,1
2,17,94,6,1
2,17,96,2,1
0,7,96,17,1
0,8,96,17,1
0,9,96,17,1
0,10,96,17,1
0,11,96,17,1
0,12,96,17,1
0,13,96,17,1
0,14,96,17,1
0,15,96,17,1
0,16,96,17,1
4,20,94,5,1
4,20,93,14,1
2,21,93,12,1
2,21,94,6,1
1,21,96,17,1
4,20,96,1,1
5,22,96,2,1
5,28,88,1,1
0,29,88,17,1
0,30,88,17,1
0,31,88,17,1
0,32,88,17,1
0,33,88,17,1
0,34,88,17,1
0,35,88,17,1
0,36,88,17,1
0,37,88,17,1
0,38,88,17,1
0,39,88,17,1
0,40,88,17,1
4,28,89,14,1
4,28,90,14,1
4,28,91,14,1
4,28,92,14,1
4,28,93,14,1
4,28,94,5,1
0,29,94,9,1
0,30,94,9,1
0,31,94,9,1
0,32,94,9,1
0,33,94,9,1
0,34,94,9,1
0,35,94,9,1
0,36,94,9,1
0,37,94,9,1
0,38,94,9,1
0,39,94,9,1
0,40,94,9,1
0,29,90,24,1
0,29,92,24,1
0,29,89,20,1
0,29,91,20,1
0,29,93,20,1
0,30,91,19,1
0,31,91,19,1
0,32,91,19,1
0,33,91,19,1
0,34,91,19,1
0,35,91,19,1
0,36,91,19,1
0,37,91,19,1
0,38,91,19,1
0,39,91,19,1
0,40,91,19,1
0,30,89,19,1
0,31,89,19,1
0,32,89,19,1
0,33,89,19,1
0,34,89,19,1
0,35,89,19,1
0,36,89,19,1
0,37,89,19,1
0,38,89,19,1
0,39,89,19,1
0,40,89,19,1
0,30,93,19,1
0,31,93,19,1
0,32,93,19,1
0,33,93,19,1
0,34,93,19,1
0,35,93,19,1
0,36,93,19,1
0,37,93,19,1
0,38,93,19,1
0,39,93,19,1
0,40,93,19,1
0,30,92,13,1
0,31,92,13,1
0,32,92,13,1
0,33,92,13,1
0,34,92,13,1
0,35,92,13,1
0,36,92,13,1
0,37,92,13,1
0,38,92,13,1
0,39,92,13,1
0,40,92,13,1
0,30,90,13,1
0,31,90,13,1
0,32,90,13,1
0,33,90,13,1
0,34,90,13,1
0,35,90,13,1
0,36,90,13,1
0,37,90,13,1
0,38,90,13,1
0,39,90,13,1
0,40,90,13,1
4,28,96,15,1
0,29,96,17,1
0,30,96,17,1
0,31,96,17,1
0,32,96,17,1
0,33,96,17,1
0,34,96,17,1
0,35,96,17,1
0,36,96,17,1
0,37,96,17,1
0,38,96,17,1
0,39,96,17,1
0,40,96,17,1
0,9,94,9,1
0,10,94,9,1
0,11,94,9,1
0,12,94,9,1
0,13,94,9,1
0,14,94,9,1
0,15,94,9,1
0,16,94,9,1
0,7,94,9,1
0,8,94,9,1
0,7,89,13,1
0,7,90,13,1
0,7,91,13,1
0,7,92,13,1
0,7,93,13,1
0,8,89,13,1
0,8,90,13,1
0,8,91,13,1
0,8,92,13,1
0,8,93,13,1
0,9,89,13,1
0,9,90,13,1
0,9,91,13,1
0,9,92,13,1
0,9,93,13,1
0,10,89,13,1
0,10,90,13,1
0,10,91,13,1
0,10,92,13,1
0,10,93,13,1
0,11,89,13,1
0,11,90,13,1
0,11,91,13,1
0,11,92,13,1
0,11,93,13,1
0,12,89,13,1
0,12,90,13,1
0,12,91,13,1
0,12,92,13,1
0,12,93,13,1
0,13,89,13,1
0,13,90,13,1
0,13,91,13,1
0,13,92,13,1
0,13,93,13,1
0,14,89,13,1
0,14,90,13,1
0,14,91,13,1
0,14,92,13,1
0,14,93,13,1
0,15,89,13,1
0,15,90,13,1
0,15,91,13,1
0,15,92,13,1
0,15,93,13,1
0,16,89,13,1
0,16,90,13,1
0,16,91,13,1
0,16,92,13,1
0,16,93,13,1