0,68,140,17,1
0,69,140,17,1
0,70,140,17,1
0,71,140,17,1
0,72,140,17,1
0,73,140,17,1
0,74,140,17,1
0,75,140,17,1
0,76,140,17,1
0,77,140,17,1
0,68,138,9,1
0,69,138,9,1
0,70,138,9,1
0,71,138,9,1
0,72,138,9,1
0,73,138,9,1
0,74,138,9,1
0,75,138,9,1
0,76,138,9,1
0,77,138,9,1
2,78,138,6,1
2,78,137,12,1
3,79,136,9,1
3,80,136,9,1
3,81,136,9,1
3,82,136,9,1
3,83,136,9,1
3,84,136,9,1
3,85,136,9,1
3,86,136,9,1
3,87,136,9,1
5,88,136,6,1
0,78,136,8,1
0,76,131,24,1
0,76,132,24,1
0,76,133,24,1
0,76,134,24,1
0,76,135,24,1
0,76,136,24,1
0,76,137,24,1
0,77,135,13,1
0,77,136,13,1
0,77,137,13,1
0,78,135,13,1
0,79,135,13,1
0,80,135,13,1
0,81,135,13,1
0,84,135,13,1
0,85,135,13,1
0,86,135,13,1
0,82,135,24,1
0,83,135,24,1
0,82,131,24,1
0,82,132,24,1
0,82,133,24,1
0,82,134,24,1
0,83,131,24,1
0,83,132,24,1
0,83,133,24,1
0,83,134,24,1
0,87,131,24,1
0,87,132,24,1
0,87,133,24,1
0,87,134,24,1
0,87,135,24,1
2,88,131,12,1
2,88,132,12,1
2,88,133,12,1
2,88,134,12,1
2,88,135,12,1
4,91,131,14,1
4,91,132,14,1
4,91,133,14,1
4,91,134,14,1
4,91,135,14,1
5,91,136,5,1
3,93,136,9,1
3,94,136,9,1
0,92,132,20,1
0,92,127,24,1
0,92,128,24,1
0,92,129,24,1
0,92,130,24,1
0,92,131,24,1
0,92,134,24,1
0,92,135,24,1
0,92,133,24,1
3,92,136,9,1
0,93,133,13,1
0,93,134,13,1
0,93,135,13,1
0,94,133,13,1
0,94,134,13,1
0,94,135,13,1
0,95,133,13,1
0,95,134,13,1
0,95,135,13,1
0,96,133,13,1
0,96,134,13,1
0,96,135,13,1
0,97,133,13,1
0,97,134,13,1
0,97,135,13,1
0,98,133,13,1
0,98,134,13,1
0,98,135,13,1
0,99,133,13,1
0,99,134,13,1
0,99,135,13,1
0,100,133,13,1
0,100,134,13,1
0,100,135,13,1
0,101,133,13,1
0,101,134,13,1
0,101,135,13,1
2,78,140,21,1
2,78,142,21,1
0,72,142,17,1
0,73,142,17,1
0,74,142,17,1
0,75,142,17,1
0,76,142,17,1
0,77,142,17,1
0,68,142,17,1
0,69,142,17,1
0,70,142,17,1
0,71,142,17,1
0,68,144,17,1
0,69,144,17,1
0,70,144,17,1
0,71,144,17,1
0,72,144,17,1
0,73,144,17,1
0,74,144,17,1
0,75,144,17,1
0,76,144,17,1
0,77,144,17,1
2,78,144,21,1
0,68,146,17,1
0,69,146,17,1
0,70,146,17,1
0,71,146,17,1
0,72,146,17,1
0,73,146,17,1
0,74,146,17,1
0,75,146,17,1
0,76,146,17,1
0,77,146,17,1
2,78,146,2,1
1,79,147,17,1
1,80,147,17,1
1,81,147,17,1
1,82,147,17,1
1,83,147,17,1
1,84,147,17,1
5,85,147,21,1
5,88,146,15,1
1,89,146,17,1
1,90,146,17,1
1,91,146,17,1
1,92,146,17,1
1,93,146,17,1
1,94,146,17,1
5,86,144,15,1
5,87,144,21,1
5,90,142,15,1
5,91,142,17,1
5,92,142,17,1
5,93,142,17,1
5,94,142,17,1
4,95,140,15,1
4,95,138,5,1
4,95,137,14,1
0,95,136,10,1
0,95,142,17,1
0,96,142,17,1
0,97,142,17,1
0,98,142,17,1
0,99,142,17,1
0,96,140,17,1
0,97,140,17,1
0,98,140,17,1
0,99,140,17,1
0,96,144,17,1
0,97,144,17,1
0,98,144,17,1
0,99,144,17,1
4,95,144,15,1
0,95,146,17,1
0,96,146,17,1
0,97,146,17,1
0,98,146,17,1
0,99,146,17,1
0,96,138,9,1
0,97,138,9,1
0,98,138,9,1
0,99,138,9,1
0,100,138,9,1
0,101,138,9,1
0,100,140,17,1
0,101,140,17,1
0,100,142,17,1
0,101,142,17,1
0,100,144,17,1
0,101,144,17,1
0,100,146,17,1
0,101,146,17,1
0,96,136,13,1
0,96,137,13,1
0,97,136,13,1
0,97,137,13,1
0,98,136,13,1
0,98,137,13,1
0,99,136,13,1
0,99,137,13,1
0,100,136,13,1
0,100,137,13,1
0,101,136,13,1
0,101,137,13,1
0,93,132,19,1
0,94,132,19,1
0,95,132,19,1
0,96,132,19,1
0,97,132,19,1
0,98,132,19,1
0,99,132,19,1
0,100,132,19,1
0,101,132,19,1
0,84,131,13,1
0,84,132,13,1
0,84,133,13,1
0,84,134,13,1
0,85,131,13,1
0,85,132,13,1
0,85,133,13,1
0,85,134,13,1
0,86,131,13,1
0,86,132,13,1
0,86,133,13,1
0,86,134,13,1
0,77,131,13,1
0,77,132,13,1
0,77,133,13,1
0,77,134,13,1
0,78,131,13,1
0,78,132,13,1
0,78,133,13,1
0,78,134,13,1
0,79,131,13,1
0,79,132,13,1
0,79,133,13,1
0,79,134,13,1
0,80,131,13,1
0,80,132,13,1
0,80,133,13,1
0,80,134,13,1
0,81,131,13,1
0,81,132,13,1
0,81,133,13,1
0,81,134,13,1
0,70,133,13,1
0,70,134,13,1
0,70,135,13,1
0,70,136,13,1
0,70,137,13,1
0,71,133,13,1
0,71,134,13,1
0,71,135,13,1
0,71,136,13,1
0,71,137,13,1
0,72,133,13,1
0,72,134,13,1
0,72,135,13,1
0,72,136,13,1
0,72,137,13,1
0,73,133,13,1
0,73,134,13,1
0,73,135,13,1
0,73,136,13,1
0,73,137,13,1
0,74,133,13,1
0,74,134,13,1
0,74,135,13,1
0,74,136,13,1
0,74,137,13,1
0,75,133,13,1
0,75,134,13,1
0,75,135,13,1
0,75,136,13,1
0,75,137,13,1
0,68,132,17,1
0,69,132,17,1
0,70,132,17,1
0,71,132,17,1
0,72,132,17,1
0,73,132,17,1
0,74,132,17,1
0,75,132,18,1
0,75,131,14,1
0,68,133,24,1
0,68,134,24,1
0,68,135,24,1
0,68,136,24,1
0,68,137,24,1
0,69,133,24,1
0,69,134,24,1
0,69,135,24,1
0,69,136,24,1
0,69,137,24,1
0,78,147,16,1
0,68,147,13,1
0,69,147,13,1
0,70,147,13,1
0,71,147,13,1
0,72,147,13,1
0,73,147,13,1
0,74,147,13,1
0,75,147,13,1
0,76,147,13,1
0,77,147,13,1
5,85,150,15,1
5,88,150,21,1
5,86,150,17,1
5,87,150,17,1
2,78,151,12,1
2,78,152,12,1
2,78,153,12,1
2,78,154,12,1
2,78,155,12,1
2,78,156,6,1
4,95,156,5,1
4,95,151,14,1
4,95,152,14,1
4,95,153,14,1
4,95,154,14,1
4,95,155,14,1
2,78,150,12,1
2,78,149,2,1
4,95,149,1,1
4,95,150,14,1
0,72,132,32,2
0,72,133,32,2
0,72,134,32,2
0,72,135,32,2
0,72,136,32,2
0,72,137,32,2
0,72,138,32,2
0,72,139,32,2
0,72,140,32,2
0,72,141,32,2
0,72,142,32,2
0,72,143,32,2
0,72,144,32,2
0,72,145,32,2
0,72,146,32,2
0,72,147,32,2
0,72,148,32,2
0,73,132,32,2
0,73,133,32,2
0,73,134,32,2
0,73,135,32,2
0,73,136,32,2
0,73,137,32,2
0,73,138,32,2
0,73,139,32,2
0,73,140,32,2
0,73,141,32,2
0,73,142,32,2
0,73,143,32,2
0,73,144,32,2
0,73,145,32,2
0,73,146,32,2
0,73,147,32,2
0,73,148,32,2
0,74,132,32,2
0,74,133,32,2
0,74,134,32,2
0,74,135,32,2
0,74,136,32,2
0,74,137,32,2
0,74,138,32,2
0,74,139,32,2
0,74,140,32,2
0,74,141,32,2
0,74,142,32,2
0,74,143,32,2
0,74,144,32,2
0,74,145,32,2
0,74,146,32,2
0,74,147,32,2
0,74,148,32,2
0,75,132,32,2
0,75,133,32,2
0,75,134,32,2
0,75,135,32,2
0,75,136,32,2
0,75,137,32,2
0,75,138,32,2
0,75,139,32,2
0,75,140,32,2
0,75,141,32,2
0,75,142,32,2
0,75,143,32,2
0,75,144,32,2
0,75,145,32,2
0,75,146,32,2
0,75,147,32,2
0,75,148,32,2
0,76,132,32,2
0,76,133,32,2
0,76,134,32,2
0,76,135,32,2
0,76,136,32,2
0,76,137,32,2
0,76,138,32,2
0,76,139,32,2
0,76,140,32,2
0,76,141,32,2
0,76,142,32,2
0,76,143,32,2
0,76,144,32,2
0,76,145,32,2
0,76,146,32,2
0,76,147,32,2
0,76,148,32,2
0,77,132,32,2
0,77,133,32,2
0,77,134,32,2
0,77,135,32,2
0,77,136,32,2
0,77,137,32,2
0,77,138,32,2
0,77,139,32,2
0,77,140,32,2
0,77,141,32,2
0,77,142,32,2
0,77,143,32,2
0,77,144,32,2
0,77,145,32,2
0,77,146,32,2
0,77,147,32,2
0,77,148,32,2
0,78,132,32,2
0,78,133,32,2
0,78,134,32,2
0,78,135,32,2
0,78,136,32,2
0,78,137,32,2
0,78,138,32,2
0,78,139,32,2
0,78,140,32,2
0,78,141,32,2
0,78,142,32,2
0,78,143,32,2
0,78,144,32,2
0,78,145,32,2
0,78,146,32,2
0,78,147,32,2
0,78,148,32,2
0,79,132,32,2
0,79,133,32,2
0,79,134,32,2
0,79,135,32,2
0,79,136,32,2
0,79,137,32,2
0,79,138,32,2
0,79,139,32,2
0,79,140,32,2
0,79,141,32,2
0,79,142,32,2
0,79,143,32,2
0,79,144,32,2
0,79,145,32,2
0,79,146,32,2
0,79,147,32,2
0,79,148,32,2
0,80,132,32,2
0,80,133,32,2
0,80,134,32,2
0,80,135,32,2
0,80,136,32,2
0,80,137,32,2
0,80,138,32,2
0,80,139,32,2
0,80,140,32,2
0,80,141,32,2
0,80,142,32,2
0,80,143,32,2
0,80,144,32,2
0,80,145,32,2
0,80,146,32,2
0,80,147,32,2
0,80,148,32,2
0,81,132,32,2
0,81,133,32,2
0,81,134,32,2
0,81,135,32,2
0,81,136,32,2
0,81,137,32,2
0,81,138,32,2
0,81,139,32,2
0,81,140,32,2
0,81,141,32,2
0,81,142,32,2
0,81,143,32,2
0,81,144,32,2
0,81,145,32,2
0,81,146,32,2
0,81,147,32,2
0,81,148,32,2
0,82,132,32,2
0,82,133,32,2
0,82,134,32,2
0,82,135,32,2
0,82,136,32,2
0,82,137,32,2
0,82,138,32,2
0,82,139,32,2
0,82,140,32,2
0,82,141,32,2
0,82,142,32,2
0,82,143,32,2
0,82,144,32,2
0,82,145,32,2
0,82,146,32,2
0,82,147,32,2
0,82,148,32,2
0,83,132,32,2
0,83,133,32,2
0,83,134,32,2
0,83,135,32,2
0,83,136,32,2
0,83,137,32,2
0,83,138,32,2
0,83,139,32,2
0,83,140,32,2
0,83,141,32,2
0,83,142,32,2
0,83,143,32,2
0,83,144,32,2
0,83,145,32,2
0,83,146,32,2
0,83,147,32,2
0,83,148,32,2
0,84,132,32,2
0,84,133,32,2
0,84,134,32,2
0,84,135,32,2
0,84,136,32,2
0,84,137,32,2
0,84,138,32,2
0,84,139,32,2
0,84,140,32,2
0,84,141,32,2
0,84,142,32,2
0,84,143,32,2
0,84,144,32,2
0,84,145,32,2
0,84,146,32,2
0,84,147,32,2
0,84,148,32,2
0,85,132,32,2
0,85,133,32,2
0,85,134,32,2
0,85,135,32,2
0,85,136,32,2
0,85,137,32,2
0,85,138,32,2
0,85,139,32,2
0,85,140,32,2
0,85,141,32,2
0,85,142,32,2
0,85,143,32,2
0,85,144,32,2
0,85,145,32,2
0,85,146,32,2
0,85,147,32,2
0,85,148,32,2
0,86,132,32,2
0,86,133,32,2
0,86,134,32,2
0,86,135,32,2
0,86,136,32,2
0,86,137,32,2
0,86,138,32,2
0,86,139,32,2
0,86,140,32,2
0,86,141,32,2
0,86,142,32,2
0,86,143,32,2
0,86,144,32,2
0,86,145,32,2
0,86,146,32,2
0,86,147,32,2
0,86,148,32,2
0,87,132,32,2
0,87,133,32,2
0,87,134,32,2
0,87,135,32,2
0,87,136,32,2
0,87,137,32,2
0,87,138,32,2
0,87,139,32,2
0,87,140,32,2
0,87,141,32,2
0,87,142,32,2
0,87,143,32,2
0,87,144,32,2
0,87,145,32,2
0,87,146,32,2
0,87,147,32,2
0,87,148,32,2
0,88,132,32,2
0,88,133,32,2
0,88,134,32,2
0,88,135,32,2
0,88,136,32,2
0,88,137,32,2
0,88,138,32,2
0,88,139,32,2
0,88,140,32,2
0,88,141,32,2
0,88,142,32,2
0,88,143,32,2
0,88,144,32,2
0,88,145,32,2
0,88,146,32,2
0,88,147,32,2
0,88,148,32,2
0,89,132,32,2
0,89,133,32,2
0,89,134,32,2
0,89,135,32,2
0,89,136,32,2
0,89,137,32,2
0,89,138,32,2
0,89,139,32,2
0,89,140,32,2
0,89,141,32,2
0,89,142,32,2
0,89,143,32,2
0,89,144,32,2
0,89,145,32,2
0,89,146,32,2
0,89,147,32,2
0,89,148,32,2
0,90,132,32,2
0,90,133,32,2
0,90,134,32,2
0,90,135,32,2
0,90,136,32,2
0,90,137,32,2
0,90,138,32,2
0,90,139,32,2
0,90,140,32,2
0,90,141,32,2
0,90,142,32,2
0,90,143,32,2
0,90,144,32,2
0,90,145,32,2
0,90,146,32,2
0,90,147,32,2
0,90,148,32,2
0,91,132,32,2
0,91,133,32,2
0,91,134,32,2
0,91,135,32,2
0,91,136,32,2
0,91,137,32,2
0,91,138,32,2
0,91,139,32,2
0,91,140,32,2
0,91,141,32,2
0,91,142,32,2
0,91,143,32,2
0,91,144,32,2
0,91,145,32,2
0,91,146,32,2
0,91,147,32,2
0,91,148,32,2
0,92,132,32,2
0,92,133,32,2
0,92,134,32,2
0,92,135,32,2
0,92,136,32,2
0,92,137,32,2
0,92,138,32,2
0,92,139,32,2
0,92,140,32,2
0,92,141,32,2
0,92,142,32,2
0,92,143,32,2
0,92,144,32,2
0,92,145,32,2
0,92,146,32,2
0,92,147,32,2
0,92,148,32,2
0,93,132,32,2
0,93,133,32,2
0,93,134,32,2
0,93,135,32,2
0,93,136,32,2
0,93,137,32,2
0,93,138,32,2
0,93,139,32,2
0,93,140,32,2
0,93,141,32,2
0,93,142,32,2
0,93,143,32,2
0,93,144,32,2
0,93,145,32,2
0,93,146,32,2
0,93,147,32,2
0,93,148,32,2
0,94,132,32,2
0,94,133,32,2
0,94,134,32,2
0,94,135,32,2
0,94,136,32,2
0,94,137,32,2
0,94,138,32,2
0,94,139,32,2
0,94,140,32,2
0,94,141,32,2
0,94,142,32,2
0,94,143,32,2
0,94,144,32,2
0,94,145,32,2
0,94,146,32,2
0,94,147,32,2
0,94,148,32,2
0,95,132,32,2
0,95,133,32,2
0,95,134,32,2
0,95,135,32,2
0,95,136,32,2
0,95,137,32,2
0,95,138,32,2
0,95,139,32,2
0,95,140,32,2
0,95,141,32,2
0,95,142,32,2
0,95,143,32,2
0,95,144,32,2
0,95,145,32,2
0,95,146,32,2
0,95,147,32,2
0,95,148,32,2
0,96,132,32,2
0,96,133,32,2
0,96,134,32,2
0,96,135,32,2
0,96,136,32,2
0,96,137,32,2
0,96,138,32,2
0,96,139,32,2
0,96,140,32,2
0,96,141,32,2
0,96,142,32,2
0,96,143,32,2
0,96,144,32,2
0,96,145,32,2
0,96,146,32,2
0,96,147,32,2
0,96,148,32,2
0,97,132,32,2
0,97,133,32,2
0,97,134,32,2
0,97,135,32,2
0,97,136,32,2
0,97,137,32,2
0,97,138,32,2
0,97,139,32,2
0,97,140,32,2
0,97,141,32,2
0,97,142,32,2
0,97,143,32,2
0,97,144,32,2
0,97,145,32,2
0,97,146,32,2
0,97,147,32,2
0,97,148,32,2
0,98,132,32,2
0,98,133,32,2
0,98,134,32,2
0,98,135,32,2
0,98,136,32,2
0,98,137,32,2
0,98,138,32,2
0,98,139,32,2
0,98,140,32,2
0,98,141,32,2
0,98,142,32,2
0,98,143,32,2
0,98,144,32,2
0,98,145,32,2
0,98,146,32,2
0,98,147,32,2
0,98,148,32,2
0,99,132,32,2
0,99,133,32,2
0,99,134,32,2
0,99,135,32,2
0,99,136,32,2
0,99,137,32,2
0,99,138,32,2
0,99,139,32,2
0,99,140,32,2
0,99,141,32,2
0,99,142,32,2
0,99,143,32,2
0,99,144,32,2
0,99,145,32,2
0,99,146,32,2
0,99,147,32,2
0,99,148,32,2
0,100,132,32,2
0,100,133,32,2
0,100,134,32,2
0,100,135,32,2
0,100,136,32,2
0,100,137,32,2
0,100,138,32,2
0,100,139,32,2
0,100,140,32,2
0,100,141,32,2
0,100,142,32,2
0,100,143,32,2
0,100,144,32,2
0,100,145,32,2
0,100,146,32,2
0,100,147,32,2
0,100,148,32,2
0,101,132,32,2
0,101,133,32,2
0,101,134,32,2
0,101,135,32,2
0,101,136,32,2
0,101,137,32,2
0,101,138,32,2
0,101,139,32,2
0,101,140,32,2
0,101,141,32,2
0,101,142,32,2
0,101,143,32,2
0,101,144,32,2
0,101,145,32,2
0,101,146,32,2
0,101,147,32,2
0,101,148,32,2
0,102,132,32,2
0,102,133,32,2
0,102,134,32,2
0,102,135,32,2
0,102,136,32,2
0,102,137,32,2
0,102,138,32,2
0,102,139,32,2
0,102,140,32,2
0,102,141,32,2
0,102,142,32,2
0,102,143,32,2
0,102,144,32,2
0,102,145,32,2
0,102,146,32,2
0,102,147,32,2
0,102,148,32,2
0,103,132,32,2
0,103,133,32,2
0,103,134,32,2
0,103,135,32,2
0,103,136,32,2
0,103,137,32,2
0,103,138,32,2
0,103,139,32,2
0,103,140,32,2
0,103,141,32,2
0,103,142,32,2
0,103,143,32,2
0,103,144,32,2
0,103,145,32,2
0,103,146,32,2
0,103,147,32,2
0,103,148,32,2
0,104,132,32,2
0,104,133,32,2
0,104,134,32,2
0,104,135,32,2
0,104,136,32,2
0,104,137,32,2
0,104,138,32,2
0,104,139,32,2
0,104,140,32,2
0,104,141,32,2
0,104,142,32,2
0,104,143,32,2
0,104,144,32,2
0,104,145,32,2
0,104,146,32,2
0,104,147,32,2
0,104,148,32,2
0,72,149,32,2
0,72,150,32,2
0,72,151,32,2
0,73,149,32,2
0,73,150,32,2
0,73,151,32,2
0,74,149,32,2
0,74,150,32,2
0,74,151,32,2
0,75,149,32,2
0,75,150,32,2
0,75,151,32,2
0,76,149,32,2
0,76,150,32,2
0,76,151,32,2
0,77,149,32,2
0,77,150,32,2
0,77,151,32,2
0,78,149,32,2
0,78,150,32,2
0,78,151,32,2
0,79,149,32,2
0,79,150,32,2
0,79,151,32,2
0,80,149,32,2
0,80,150,32,2
0,80,151,32,2
0,81,149,32,2
0,81,150,32,2
0,81,151,32,2
0,82,149,32,2
0,82,150,32,2
0,82,151,32,2
0,83,149,32,2
0,83,150,32,2
0,83,151,32,2
0,84,149,32,2
0,84,150,32,2
0,84,151,32,2
0,85,149,32,2
0,85,150,32,2
0,85,151,32,2
0,86,149,32,2
0,86,150,32,2
0,86,151,32,2
0,87,149,32,2
0,87,150,32,2
0,87,151,32,2
0,88,149,32,2
0,88,150,32,2
0,88,151,32,2
0,89,149,32,2
0,89,150,32,2
0,89,151,32,2
0,90,149,32,2
0,90,150,32,2
0,90,151,32,2
0,91,149,32,2
0,91,150,32,2
0,91,151,32,2
0,92,149,32,2
0,92,150,32,2
0,92,151,32,2
0,93,149,32,2
0,93,150,32,2
0,93,151,32,2
0,94,149,32,2
0,94,150,32,2
0,94,151,32,2
0,95,149,32,2
0,95,150,32,2
0,95,151,32,2
0,96,149,32,2
0,96,150,32,2
0,96,151,32,2
0,97,149,32,2
0,97,150,32,2
0,97,151,32,2
0,98,149,32,2
0,98,150,32,2
0,98,151,32,2
0,99,149,32,2
0,99,150,32,2
0,99,151,32,2
0,100,149,32,2
0,100,150,32,2
0,100,151,32,2
0,101,149,32,2
0,101,150,32,2
0,101,151,32,2
0,102,149,32,2
0,102,150,32,2
0,102,151,32,2
0,103,149,32,2
0,103,150,32,2
0,103,151,32,2
0,104,149,32,2
0,104,150,32,2
0,104,151,32,2
0,105,149,32,2
0,105,150,32,2
0,105,151,32,2
0,106,149,32,2
0,106,150,32,2
0,106,151,32,2
0,107,149,32,2
0,107,150,32,2
0,107,151,32,2
0,108,149,32,2
0,108,150,32,2
0,108,151,32,2
0,109,149,32,2
0,109,150,32,2
0,109,151,32,2
0,110,149,32,2
0,110,150,32,2
0,110,151,32,2
0,111,149,32,2
0,111,150,32,2
0,111,151,32,2
0,112,149,32,2
0,112,150,32,2
0,112,151,32,2
0,72,128,32,2
0,72,129,32,2
0,72,130,32,2
0,72,131,32,2
0,73,128,32,2
0,73,129,32,2
0,73,130,32,2
0,73,131,32,2
0,74,128,32,2
0,74,129,32,2
0,74,130,32,2
0,74,131,32,2
0,75,128,32,2
0,75,129,32,2
0,75,130,32,2
0,75,131,32,2
0,76,128,32,2
0,76,129,32,2
0,76,130,32,2
0,76,131,32,2
0,77,128,32,2
0,77,129,32,2
0,77,130,32,2
0,77,131,32,2
0,78,128,32,2
0,78,129,32,2
0,78,130,32,2
0,78,131,32,2
0,79,128,32,2
0,79,129,32,2
0,79,130,32,2
0,79,131,32,2
0,80,128,32,2
0,80,129,32,2
0,80,130,32,2
0,80,131,32,2
0,81,128,32,2
0,81,129,32,2
0,81,130,32,2
0,81,131,32,2
0,82,128,32,2
0,82,129,32,2
0,82,130,32,2
0,82,131,32,2
0,83,128,32,2
0,83,129,32,2
0,83,130,32,2
0,83,131,32,2
0,84,128,32,2
0,84,129,32,2
0,84,130,32,2
0,84,131,32,2
0,85,128,32,2
0,85,129,32,2
0,85,130,32,2
0,85,131,32,2
0,86,128,32,2
0,86,129,32,2
0,86,130,32,2
0,86,131,32,2
0,87,128,32,2
0,87,129,32,2
0,87,130,32,2
0,87,131,32,2
0,88,128,32,2
0,88,129,32,2
0,88,130,32,2
0,88,131,32,2
0,89,128,32,2
0,89,129,32,2
0,89,130,32,2
0,89,131,32,2
0,90,128,32,2
0,90,129,32,2
0,90,130,32,2
0,90,131,32,2
0,91,128,32,2
0,91,129,32,2
0,91,130,32,2
0,91,131,32,2
0,92,128,32,2
0,92,129,32,2
0,92,130,32,2
0,92,131,32,2
0,93,128,32,2
0,93,129,32,2
0,93,130,32,2
0,93,131,32,2
0,94,128,32,2
0,94,129,32,2
0,94,130,32,2
0,94,131,32,2
0,95,128,32,2
0,95,129,32,2
0,95,130,32,2
0,95,131,32,2
0,96,128,32,2
0,96,129,32,2
0,96,130,32,2
0,96,131,32,2
0,97,128,32,2
0,97,129,32,2
0,97,130,32,2
0,97,131,32,2
0,98,128,32,2
0,98,129,32,2
0,98,130,32,2
0,98,131,32,2
0,99,128,32,2
0,99,129,32,2
0,99,130,32,2
0,99,131,32,2
0,100,128,32,2
0,100,129,32,2
0,100,130,32,2
0,100,131,32,2
0,101,128,32,2
0,101,129,32,2
0,101,130,32,2
0,101,131,32,2
0,102,128,32,2
0,102,129,32,2
0,102,130,32,2
0,102,131,32,2
0,103,128,32,2
0,103,129,32,2
0,103,130,32,2
0,103,131,32,2
0,104,128,32,2
0,104,129,32,2
0,104,130,32,2
0,104,131,32,2
0,105,128,32,2
0,105,129,32,2
0,105,130,32,2
0,105,131,32,2
0,106,128,32,2
0,106,129,32,2
0,106,130,32,2
0,106,131,32,2
0,107,128,32,2
0,107,129,32,2
0,107,130,32,2
0,107,131,32,2
0,108,128,32,2
0,108,129,32,2
0,108,130,32,2
0,108,131,32,2
0,109,128,32,2
0,109,129,32,2
0,109,130,32,2
0,109,131,32,2
0,110,128,32,2
0,110,129,32,2
0,110,130,32,2
0,110,131,32,2
0,111,128,32,2
0,111,129,32,2
0,111,130,32,2
0,111,131,32,2
0,112,128,32,2
0,112,129,32,2
0,112,130,32,2
0,112,131,32,2
0,113,128,32,2
0,113,129,32,2
0,113,130,32,2
0,113,131,32,2
0,114,128,32,2
0,114,129,32,2
0,114,130,32,2
0,114,131,32,2
0,115,128,32,2
0,115,129,32,2
0,115,130,32,2
0,115,131,32,2
0,58,129,32,2
0,58,130,32,2
0,58,131,32,2
0,58,132,32,2
0,58,133,32,2
0,58,134,32,2
0,58,135,32,2
0,58,136,32,2
0,58,137,32,2
0,58,138,32,2
0,58,139,32,2
0,58,140,32,2
0,58,141,32,2
0,58,142,32,2
0,58,143,32,2
0,58,144,32,2
0,58,145,32,2
0,58,146,32,2
0,58,147,32,2
0,58,148,32,2
0,58,149,32,2
0,58,150,32,2
0,58,151,32,2
0,59,129,32,2
0,59,130,32,2
0,59,131,32,2
0,59,132,32,2
0,59,133,32,2
0,59,134,32,2
0,59,135,32,2
0,59,136,32,2
0,59,137,32,2
0,59,138,32,2
0,59,139,32,2
0,59,140,32,2
0,59,141,32,2
0,59,142,32,2
0,59,143,32,2
0,59,144,32,2
0,59,145,32,2
0,59,146,32,2
0,59,147,32,2
0,59,148,32,2
0,59,149,32,2
0,59,150,32,2
0,59,151,32,2
0,60,129,32,2
0,60,130,32,2
0,60,131,32,2
0,60,132,32,2
0,60,133,32,2
0,60,134,32,2
0,60,135,32,2
0,60,136,32,2
0,60,137,32,2
0,60,138,32,2
0,60,139,32,2
0,60,140,32,2
0,60,141,32,2
0,60,142,32,2
0,60,143,32,2
0,60,144,32,2
0,60,145,32,2
0,60,146,32,2
0,60,147,32,2
0,60,148,32,2
0,60,149,32,2
0,60,150,32,2
0,60,151,32,2
0,61,129,32,2
0,61,130,32,2
0,61,131,32,2
0,61,132,32,2
0,61,133,32,2
0,61,134,32,2
0,61,135,32,2
0,61,136,32,2
0,61,137,32,2
0,61,138,32,2
0,61,139,32,2
0,61,140,32,2
0,61,141,32,2
0,61,142,32,2
0,61,143,32,2
0,61,144,32,2
0,61,145,32,2
0,61,146,32,2
0,61,147,32,2
0,61,148,32,2
0,61,149,32,2
0,61,150,32,2
0,61,151,32,2
0,62,129,32,2
0,62,130,32,2
0,62,131,32,2
0,62,132,32,2
0,62,133,32,2
0,62,134,32,2
0,62,135,32,2
0,62,136,32,2
0,62,137,32,2
0,62,138,32,2
0,62,139,32,2
0,62,140,32,2
0,62,141,32,2
0,62,142,32,2
0,62,143,32,2
0,62,144,32,2
0,62,145,32,2
0,62,146,32,2
0,62,147,32,2
0,62,148,32,2
0,62,149,32,2
0,62,150,32,2
0,62,151,32,2
0,63,129,32,2
0,63,130,32,2
0,63,131,32,2
0,63,132,32,2
0,63,133,32,2
0,63,134,32,2
0,63,135,32,2
0,63,136,32,2
0,63,137,32,2
0,63,138,32,2
0,63,139,32,2
0,63,140,32,2
0,63,141,32,2
0,63,142,32,2
0,63,143,32,2
0,63,144,32,2
0,63,145,32,2
0,63,146,32,2
0,63,147,32,2
0,63,148,32,2
0,63,149,32,2
0,63,150,32,2
0,63,151,32,2
0,64,129,32,2
0,64,130,32,2
0,64,131,32,2
0,64,132,32,2
0,64,133,32,2
0,64,134,32,2
0,64,135,32,2
0,64,136,32,2
0,64,137,32,2
0,64,138,32,2
0,64,139,32,2
0,64,140,32,2
0,64,141,32,2
0,64,142,32,2
0,64,143,32,2
0,64,144,32,2
0,64,145,32,2
0,64,146,32,2
0,64,147,32,2
0,64,148,32,2
0,64,149,32,2
0,64,150,32,2
0,64,151,32,2
0,65,129,32,2
0,65,130,32,2
0,65,131,32,2
0,65,132,32,2
0,65,133,32,2
0,65,134,32,2
0,65,135,32,2
0,65,136,32,2
0,65,137,32,2
0,65,138,32,2
0,65,139,32,2
0,65,140,32,2
0,65,141,32,2
0,65,142,32,2
0,65,143,32,2
0,65,144,32,2
0,65,145,32,2
0,65,146,32,2
0,65,147,32,2
0,65,148,32,2
0,65,149,32,2
0,65,150,32,2
0,65,151,32,2
0,66,129,32,2
0,66,130,32,2
0,66,131,32,2
0,66,132,32,2
0,66,133,32,2
0,66,134,32,2
0,66,135,32,2
0,66,136,32,2
0,66,137,32,2
0,66,138,32,2
0,66,139,32,2
0,66,140,32,2
0,66,141,32,2
0,66,142,32,2
0,66,143,32,2
0,66,144,32,2
0,66,145,32,2
0,66,146,32,2
0,66,147,32,2
0,66,148,32,2
0,66,149,32,2
0,66,150,32,2
0,66,151,32,2
0,67,129,32,2
0,67,130,32,2
0,67,131,32,2
0,67,132,32,2
0,67,133,32,2
0,67,134,32,2
0,67,135,32,2
0,67,136,32,2
0,67,137,32,2
0,67,138,32,2
0,67,139,32,2
0,67,140,32,2
0,67,141,32,2
0,67,142,32,2
0,67,143,32,2
0,67,144,32,2
0,67,145,32,2
0,67,146,32,2
0,67,147,32,2
0,67,148,32,2
0,67,149,32,2
0,67,150,32,2
0,67,151,32,2
0,68,129,32,2
0,68,130,32,2
0,68,131,32,2
0,68,132,32,2
0,68,133,32,2
0,68,134,32,2
0,68,135,32,2
0,68,136,32,2
0,68,137,32,2
0,68,138,32,2
0,68,139,32,2
0,68,140,32,2
0,68,141,32,2
0,68,142,32,2
0,68,143,32,2
0,68,144,32,2
0,68,145,32,2
0,68,146,32,2
0,68,147,32,2
0,68,148,32,2
0,68,149,32,2
0,68,150,32,2
0,68,151,32,2
0,69,129,32,2
0,69,130,32,2
0,69,131,32,2
0,69,132,32,2
0,69,133,32,2
0,69,134,32,2
0,69,135,32,2
0,69,136,32,2
0,69,137,32,2
0,69,138,32,2
0,69,139,32,2
0,69,140,32,2
0,69,141,32,2
0,69,142,32,2
0,69,143,32,2
0,69,144,32,2
0,69,145,32,2
0,69,146,32,2
0,69,147,32,2
0,69,148,32,2
0,69,149,32,2
0,69,150,32,2
0,69,151,32,2
0,70,129,32,2
0,70,130,32,2
0,70,131,32,2
0,70,132,32,2
0,70,133,32,2
0,70,134,32,2
0,70,135,32,2
0,70,136,32,2
0,70,137,32,2
0,70,138,32,2
0,70,139,32,2
0,70,140,32,2
0,70,141,32,2
0,70,142,32,2
0,70,143,32,2
0,70,144,32,2
0,70,145,32,2
0,70,146,32,2
0,70,147,32,2
0,70,148,32,2
0,70,149,32,2
0,70,150,32,2
0,70,151,32,2
0,71,129,32,2
0,71,130,32,2
0,71,131,32,2
0,71,132,32,2
0,71,133,32,2
0,71,134,32,2
0,71,135,32,2
0,71,136,32,2
0,71,137,32,2
0,71,138,32,2
0,71,139,32,2
0,71,140,32,2
0,71,141,32,2
0,71,142,32,2
0,71,143,32,2
0,71,144,32,2
0,71,145,32,2
0,71,146,32,2
0,71,147,32,2
0,71,148,32,2
0,71,149,32,2
0,71,150,32,2
0,71,151,32,2
0,58,128,32,2
0,59,128,32,2
0,60,128,32,2
0,61,128,32,2
0,62,128,32,2
0,63,128,32,2
0,64,128,32,2
0,65,128,32,2
0,66,128,32,2
0,67,128,32,2
0,68,128,32,2
0,69,128,32,2
0,70,128,32,2
0,71,128,32,2
0,105,132,32,2
0,105,133,32,2
0,105,134,32,2
0,105,135,32,2
0,105,136,32,2
0,105,137,32,2
0,105,138,32,2
0,105,139,32,2
0,105,140,32,2
0,105,141,32,2
0,105,142,32,2
0,105,143,32,2
0,105,144,32,2
0,105,145,32,2
0,105,146,32,2
0,105,147,32,2
0,105,148,32,2
0,106,132,32,2
0,106,133,32,2
0,106,134,32,2
0,106,135,32,2
0,106,136,32,2
0,106,137,32,2
0,106,138,32,2
0,106,139,32,2
0,106,140,32,2
0,106,141,32,2
0,106,142,32,2
0,106,143,32,2
0,106,144,32,2
0,106,145,32,2
0,106,146,32,2
0,106,147,32,2
0,106,148,32,2
0,107,132,32,2
0,107,133,32,2
0,107,134,32,2
0,107,135,32,2
0,107,136,32,2
0,107,137,32,2
0,107,138,32,2
0,107,139,32,2
0,107,140,32,2
0,107,141,32,2
0,107,142,32,2
0,107,143,32,2
0,107,144,32,2
0,107,145,32,2
0,107,146,32,2
0,107,147,32,2
0,107,148,32,2
0,108,132,32,2
0,108,133,32,2
0,108,134,32,2
0,108,135,32,2
0,108,136,32,2
0,108,137,32,2
0,108,138,32,2
0,108,139,32,2
0,108,140,32,2
0,108,141,32,2
0,108,142,32,2
0,108,143,32,2
0,108,144,32,2
0,108,145,32,2
0,108,146,32,2
0,108,147,32,2
0,108,148,32,2
0,109,132,32,2
0,109,133,32,2
0,109,134,32,2
0,109,135,32,2
0,109,136,32,2
0,109,137,32,2
0,109,138,32,2
0,109,139,32,2
0,109,140,32,2
0,109,141,32,2
0,109,142,32,2
0,109,143,32,2
0,109,144,32,2
0,109,145,32,2
0,109,146,32,2
0,109,147,32,2
0,109,148,32,2
0,110,132,32,2
0,110,133,32,2
0,110,134,32,2
0,110,135,32,2
0,110,136,32,2
0,110,137,32,2
0,110,138,32,2
0,110,139,32,2
0,110,140,32,2
0,110,141,32,2
0,110,142,32,2
0,110,143,32,2
0,110,144,32,2
0,110,145,32,2
0,110,146,32,2
0,110,147,32,2
0,110,148,32,2
0,111,132,32,2
0,111,133,32,2
0,111,134,32,2
0,111,135,32,2
0,111,136,32,2
0,111,137,32,2
0,111,138,32,2
0,111,139,32,2
0,111,140,32,2
0,111,141,32,2
0,111,142,32,2
0,111,143,32,2
0,111,144,32,2
0,111,145,32,2
0,111,146,32,2
0,111,147,32,2
0,111,148,32,2
0,112,132,32,2
0,112,133,32,2
0,112,134,32,2
0,112,135,32,2
0,112,136,32,2
0,112,137,32,2
0,112,138,32,2
0,112,139,32,2
0,112,140,32,2
0,112,141,32,2
0,112,142,32,2
0,112,143,32,2
0,112,144,32,2
0,112,145,32,2
0,112,146,32,2
0,112,147,32,2
0,112,148,32,2
0,113,132,32,2
0,113,133,32,2
0,113,134,32,2
0,113,135,32,2
0,113,136,32,2
0,113,137,32,2
0,113,138,32,2
0,113,139,32,2
0,113,140,32,2
0,113,141,32,2
0,113,142,32,2
0,113,143,32,2
0,113,144,32,2
0,113,145,32,2
0,113,146,32,2
0,113,147,32,2
0,113,148,32,2
0,114,132,32,2
0,114,133,32,2
0,114,134,32,2
0,114,135,32,2
0,114,136,32,2
0,114,137,32,2
0,114,138,32,2
0,114,139,32,2
0,114,140,32,2
0,114,141,32,2
0,114,142,32,2
0,114,143,32,2
0,114,144,32,2
0,114,145,32,2
0,114,146,32,2
0,114,147,32,2
0,114,148,32,2
0,115,132,32,2
0,115,133,32,2
0,115,134,32,2
0,115,135,32,2
0,115,136,32,2
0,115,137,32,2
0,115,138,32,2
0,115,139,32,2
0,115,140,32,2
0,115,141,32,2
0,115,142,32,2
0,115,143,32,2
0,115,144,32,2
0,115,145,32,2
0,115,146,32,2
0,115,147,32,2
0,115,148,32,2
0,113,149,32,2
0,113,150,32,2
0,113,151,32,2
0,114,149,32,2
0,114,150,32,2
0,114,151,32,2
0,115,149,32,2
0,115,150,32,2
0,115,151,32,2
0,59,152,32,2
0,59,153,32,2
0,59,154,32,2
0,59,155,32,2
0,59,156,32,2
0,59,157,32,2
0,59,158,32,2
0,60,152,32,2
0,60,153,32,2
0,60,154,32,2
0,60,155,32,2
0,60,156,32,2
0,60,157,32,2
0,60,158,32,2
0,61,152,32,2
0,61,153,32,2
0,61,154,32,2
0,61,155,32,2
0,61,156,32,2
0,61,157,32,2
0,61,158,32,2
0,62,152,32,2
0,62,153,32,2
0,62,154,32,2
0,62,155,32,2
0,62,156,32,2
0,62,157,32,2
0,62,158,32,2
0,63,152,32,2
0,63,153,32,2
0,63,154,32,2
0,63,155,32,2
0,63,156,32,2
0,63,157,32,2
0,63,158,32,2
0,64,152,32,2
0,64,153,32,2
0,64,154,32,2
0,64,155,32,2
0,64,156,32,2
0,64,157,32,2
0,64,158,32,2
0,65,152,32,2
0,65,153,32,2
0,65,154,32,2
0,65,155,32,2
0,65,156,32,2
0,65,157,32,2
0,65,158,32,2
0,66,152,32,2
0,66,153,32,2
0,66,154,32,2
0,66,155,32,2
0,66,156,32,2
0,66,157,32,2
0,66,158,32,2
0,67,152,32,2
0,67,153,32,2
0,67,154,32,2
0,67,155,32,2
0,67,156,32,2
0,67,157,32,2
0,67,158,32,2
0,68,152,32,2
0,68,153,32,2
0,68,154,32,2
0,68,155,32,2
0,68,156,32,2
0,68,157,32,2
0,68,158,32,2
0,69,152,32,2
0,69,153,32,2
0,69,154,32,2
0,69,155,32,2
0,69,156,32,2
0,69,157,32,2
0,69,158,32,2
0,70,152,32,2
0,70,153,32,2
0,70,154,32,2
0,70,155,32,2
0,70,156,32,2
0,70,157,32,2
0,70,158,32,2
0,71,152,32,2
0,71,153,32,2
0,71,154,32,2
0,71,155,32,2
0,71,156,32,2
0,71,157,32,2
0,71,158,32,2
0,72,152,32,2
0,72,153,32,2
0,72,154,32,2
0,72,155,32,2
0,72,156,32,2
0,72,157,32,2
0,72,158,32,2
0,73,152,32,2
0,73,153,32,2
0,73,154,32,2
0,73,155,32,2
0,73,156,32,2
0,73,157,32,2
0,73,158,32,2
0,74,152,32,2
0,74,153,32,2
0,74,154,32,2
0,74,155,32,2
0,74,156,32,2
0,74,157,32,2
0,74,158,32,2
0,75,152,32,2
0,75,153,32,2
0,75,154,32,2
0,75,155,32,2
0,75,156,32,2
0,75,157,32,2
0,75,158,32,2
0,76,152,32,2
0,76,153,32,2
0,76,154,32,2
0,76,155,32,2
0,76,156,32,2
0,76,157,32,2
0,76,158,32,2
0,77,152,32,2
0,77,153,32,2
0,77,154,32,2
0,77,155,32,2
0,77,156,32,2
0,77,157,32,2
0,77,158,32,2
0,78,152,32,2
0,78,153,32,2
0,78,154,32,2
0,78,155,32,2
0,78,156,32,2
0,78,157,32,2
0,78,158,32,2
0,79,152,32,2
0,79,153,32,2
0,79,154,32,2
0,79,155,32,2
0,79,156,32,2
0,79,157,32,2
0,79,158,32,2
0,80,152,32,2
0,80,153,32,2
0,80,154,32,2
0,80,155,32,2
0,80,156,32,2
0,80,157,32,2
0,80,158,32,2
0,81,152,32,2
0,81,153,32,2
0,81,154,32,2
0,81,155,32,2
0,81,156,32,2
0,81,157,32,2
0,81,158,32,2
0,82,152,32,2
0,82,153,32,2
0,82,154,32,2
0,82,155,32,2
0,82,156,32,2
0,82,157,32,2
0,82,158,32,2
0,83,152,32,2
0,83,153,32,2
0,83,154,32,2
0,83,155,32,2
0,83,156,32,2
0,83,157,32,2
0,83,158,32,2
0,84,152,32,2
0,84,153,32,2
0,84,154,32,2
0,84,155,32,2
0,84,156,32,2
0,84,157,32,2
0,84,158,32,2
0,85,152,32,2
0,85,153,32,2
0,85,154,32,2
0,85,155,32,2
0,85,156,32,2
0,85,157,32,2
0,85,158,32,2
0,86,152,32,2
0,86,153,32,2
0,86,154,32,2
0,86,155,32,2
0,86,156,32,2
0,86,157,32,2
0,86,158,32,2
0,87,152,32,2
0,87,153,32,2
0,87,154,32,2
0,87,155,32,2
0,87,156,32,2
0,87,157,32,2
0,87,158,32,2
0,88,152,32,2
0,88,153,32,2
0,88,154,32,2
0,88,155,32,2
0,88,156,32,2
0,88,157,32,2
0,88,158,32,2
0,89,152,32,2
0,89,153,32,2
0,89,154,32,2
0,89,155,32,2
0,89,156,32,2
0,89,157,32,2
0,89,158,32,2
0,90,152,32,2
0,90,153,32,2
0,90,154,32,2
0,90,155,32,2
0,90,156,32,2
0,90,157,32,2
0,90,158,32,2
0,91,152,32,2
0,91,153,32,2
0,91,154,32,2
0,91,155,32,2
0,91,156,32,2
0,91,157,32,2
0,91,158,32,2
0,92,152,32,2
0,92,153,32,2
0,92,154,32,2
0,92,155,32,2
0,92,156,32,2
0,92,157,32,2
0,92,158,32,2
0,93,152,32,2
0,93,153,32,2
0,93,154,32,2
0,93,155,32,2
0,93,156,32,2
0,93,157,32,2
0,93,158,32,2
0,94,152,32,2
0,94,153,32,2
0,94,154,32,2
0,94,155,32,2
0,94,156,32,2
0,94,157,32,2
0,94,158,32,2
0,95,152,32,2
0,95,153,32,2
0,95,154,32,2
0,95,155,32,2
0,95,156,32,2
0,95,157,32,2
0,95,158,32,2
0,96,152,32,2
0,96,153,32,2
0,96,154,32,2
0,96,155,32,2
0,96,156,32,2
0,96,157,32,2
0,96,158,32,2
0,97,152,32,2
0,97,153,32,2
0,97,154,32,2
0,97,155,32,2
0,97,156,32,2
0,97,157,32,2
0,97,158,32,2
0,58,152,32,2
0,58,153,32,2
0,58,154,32,2
0,58,155,32,2
0,58,156,32,2
0,58,157,32,2
0,58,158,32,2
0,98,152,32,2
0,98,153,32,2
0,98,154,32,2
0,98,155,32,2
0,98,156,32,2
0,98,157,32,2
0,98,158,32,2
0,99,152,32,2
0,99,153,32,2
0,99,154,32,2
0,99,155,32,2
0,99,156,32,2
0,99,157,32,2
0,99,158,32,2
0,100,152,32,2
0,100,153,32,2
0,100,154,32,2
0,100,155,32,2
0,100,156,32,2
0,100,157,32,2
0,100,158,32,2
0,101,152,32,2
0,101,153,32,2
0,101,154,32,2
0,101,155,32,2
0,101,156,32,2
0,101,157,32,2
0,101,158,32,2
0,102,152,32,2
0,102,153,32,2
0,102,154,32,2
0,102,155,32,2
0,102,156,32,2
0,102,157,32,2
0,102,158,32,2
0,103,152,32,2
0,103,153,32,2
0,103,154,32,2
0,103,155,32,2
0,103,156,32,2
0,103,157,32,2
0,103,158,32,2
0,104,152,32,2
0,104,153,32,2
0,104,154,32,2
0,104,155,32,2
0,104,156,32,2
0,104,157,32,2
0,104,158,32,2
0,105,152,32,2
0,105,153,32,2
0,105,154,32,2
0,105,155,32,2
0,105,156,32,2
0,105,157,32,2
0,105,158,32,2
0,106,152,32,2
0,106,153,32,2
0,106,154,32,2
0,106,155,32,2
0,106,156,32,2
0,106,157,32,2
0,106,158,32,2
0,107,152,32,2
0,107,153,32,2
0,107,154,32,2
0,107,155,32,2
0,107,156,32,2
0,107,157,32,2
0,107,158,32,2
0,108,152,32,2
0,108,153,32,2
0,108,154,32,2
0,108,155,32,2
0,108,156,32,2
0,108,157,32,2
0,108,158,32,2
0,109,152,32,2
0,109,153,32,2
0,109,154,32,2
0,109,155,32,2
0,109,156,32,2
0,109,157,32,2
0,109,158,32,2
0,110,152,32,2
0,110,153,32,2
0,110,154,32,2
0,110,155,32,2
0,110,156,32,2
0,110,157,32,2
0,110,158,32,2
0,111,152,32,2
0,111,153,32,2
0,111,154,32,2
0,111,155,32,2
0,111,156,32,2
0,111,157,32,2
0,111,158,32,2
0,112,152,32,2
0,112,153,32,2
0,112,154,32,2
0,112,155,32,2
0,112,156,32,2
0,112,157,32,2
0,112,158,32,2
0,113,152,32,2
0,113,153,32,2
0,113,154,32,2
0,113,155,32,2
0,113,156,32,2
0,113,157,32,2
0,113,158,32,2
0,114,152,32,2
0,114,153,32,2
0,114,154,32,2
0,114,155,32,2
0,114,156,32,2
0,114,157,32,2
0,114,158,32,2
0,115,152,32,2
0,115,153,32,2
0,115,154,32,2
0,115,155,32,2
0,115,156,32,2
0,115,157,32,2
0,115,158,32,2
