0,101,72,7,1
0,101,73,7,1
0,101,74,7,1
0,101,75,7,1
water-5,101,79,0,1
water-6,101,80,0,1
0,97,76,7,1
0,97,77,7,1
water-5,96,79,0,1
water-6,96,80,0,1
water-5,93,79,0,1
water-6,93,80,0,1
2,95,76,12,1
2,96,76,10,1
2,99,76,10,1
2,98,76,7,1
2,100,76,12,1
2,101,76,10,1
2,86,76,7,1
2,86,77,7,1
2,86,72,7,1
2,86,73,7,1
2,86,74,7,1
2,86,78,7,1
2,86,79,7,1
2,86,80,7,1
2,86,81,7,1
2,86,82,7,1
2,86,83,7,1
2,86,84,7,1
2,86,85,7,1
2,86,86,7,1
2,86,87,7,1
1,87,88,2,1
1,89,88,2,1
1,91,88,2,1
0,86,88,7,1
0,86,89,7,1
0,86,90,7,1
0,86,91,7,1
0,86,92,7,1
0,87,89,12,1
0,87,90,12,1
0,87,91,12,1
0,89,89,12,1
0,89,90,12,1
0,89,91,12,1
0,91,89,12,1
0,91,90,12,1
0,91,91,12,1
0,92,89,12,1
0,92,90,12,1
0,92,91,12,1
0,94,89,12,1
0,94,90,12,1
0,94,91,12,1
0,95,89,12,1
0,95,90,12,1
0,95,91,12,1
0,88,89,10,1
0,88,90,10,1
0,88,91,10,1
0,90,89,10,1
0,90,90,10,1
0,90,91,10,1
0,93,89,10,1
0,93,90,10,1
0,93,91,10,1
0,96,89,10,1
0,96,90,10,1
0,96,91,10,1
1,94,88,2,1
1,95,88,2,1
0,97,89,7,1
0,97,90,7,1
0,97,91,7,1
0,98,89,7,1
0,98,90,7,1
0,98,91,7,1
1,97,88,2,1
1,98,88,2,1
1,100,88,2,1
1,102,88,2,1
1,104,88,2,1
1,106,88,2,1
1,107,88,2,1
1,109,88,2,1
1,110,88,2,1
1,88,88,3,1
1,90,88,3,1
0,99,89,10,1
0,99,90,10,1
0,99,91,10,1
0,100,89,12,1
0,100,90,12,1
0,100,91,12,1
0,102,89,12,1
0,102,90,12,1
0,102,91,12,1
0,104,89,12,1
0,104,90,12,1
0,104,91,12,1
0,101,89,10,1
0,101,90,10,1
0,101,91,10,1
0,103,89,10,1
0,103,90,10,1
0,103,91,10,1
1,101,88,3,1
1,103,88,3,1
1,99,88,3,1
1,96,88,3,1
1,93,88,3,1
1,105,88,3,1
0,105,89,10,1
0,105,90,10,1
0,105,91,10,1
0,106,89,12,1
0,106,90,12,1
0,106,91,12,1
0,107,89,12,1
0,107,90,12,1
0,107,91,12,1
0,87,92,12,1
0,89,92,12,1
0,91,92,12,1
0,92,92,12,1
0,94,92,12,1
0,95,92,12,1
0,100,92,12,1
0,102,92,12,1
0,104,92,12,1
0,106,92,12,1
0,107,92,12,1
0,88,92,10,1
0,90,92,10,1
0,93,92,10,1
0,96,92,10,1
0,99,92,10,1
0,101,92,10,1
0,103,92,10,1
0,105,92,10,1
0,97,92,7,1
0,98,92,7,1
0,108,89,10,1
0,108,90,10,1
0,108,91,10,1
0,108,92,10,1
1,108,88,3,1
1,111,88,3,1
0,111,89,10,1
0,111,90,10,1
0,111,91,10,1
0,111,92,10,1
0,109,89,12,1
0,109,90,12,1
0,109,91,12,1
0,109,92,12,1
0,110,89,12,1
0,110,90,12,1
0,110,91,12,1
0,110,92,12,1
0,112,89,12,1
0,112,90,12,1
0,112,91,12,1
0,112,92,12,1
0,113,89,12,1
0,113,90,12,1
0,113,91,12,1
0,113,92,12,1
0,115,89,12,1
0,115,90,12,1
0,115,91,12,1
0,115,92,12,1
0,116,89,12,1
0,116,90,12,1
0,116,91,12,1
0,116,92,12,1
0,114,89,10,1
0,114,90,10,1
0,114,91,10,1
0,114,92,10,1
0,117,89,10,1
0,117,90,10,1
0,117,91,10,1
0,117,92,10,1
1,112,88,2,1
1,113,88,2,1
1,115,88,2,1
1,116,88,2,1
1,114,88,3,1
1,117,88,3,1
0,118,89,12,1
0,118,90,12,1
0,118,91,12,1
0,118,92,12,1
0,120,89,12,1
0,120,90,12,1
0,120,91,12,1
0,120,92,12,1
0,122,89,12,1
0,122,90,12,1
0,122,91,12,1
0,122,92,12,1
0,123,89,12,1
0,123,90,12,1
0,123,91,12,1
0,123,92,12,1
0,125,89,12,1
0,125,90,12,1
0,125,91,12,1
0,125,92,12,1
0,127,89,7,1
0,127,90,7,1
0,127,91,7,1
0,127,92,7,1
0,128,89,7,1
0,128,90,7,1
0,128,91,7,1
0,128,92,7,1
0,126,89,10,1
0,126,90,10,1
0,126,91,10,1
0,126,92,10,1
0,119,89,10,1
0,119,90,10,1
0,119,91,10,1
0,119,92,10,1
0,121,89,10,1
0,121,90,10,1
0,121,91,10,1
0,121,92,10,1
0,124,89,10,1
0,124,90,10,1
0,124,91,10,1
0,124,92,10,1
0,129,89,10,1
0,129,90,10,1
0,129,91,10,1
0,129,92,10,1
1,118,88,2,1
1,120,88,2,1
1,122,88,2,1
1,123,88,2,1
1,125,88,2,1
1,127,88,2,1
1,128,88,2,1
1,119,88,3,1
1,121,88,3,1
1,124,88,3,1
1,126,88,3,1
1,129,88,3,1
0,130,88,12,1
0,130,89,12,1
0,130,90,12,1
0,130,91,12,1
0,130,92,12,1
5,130,86,2,1
1,131,86,3,1
1,132,86,2,1
1,133,86,2,1
0,131,87,10,1
0,131,88,10,1
0,131,89,10,1
0,131,90,10,1
0,131,91,10,1
0,131,92,10,1
0,132,87,7,1
0,132,88,7,1
0,132,89,7,1
0,132,90,7,1
0,132,91,7,1
0,132,92,7,1
0,133,87,7,1
0,133,88,7,1
0,133,89,7,1
0,133,90,7,1
0,133,91,7,1
0,133,92,7,1
1,136,86,2,1
1,137,86,2,1
5,138,82,3,1
5,139,82,2,1
0,139,88,12,1
0,139,89,12,1
0,139,90,12,1
0,139,91,12,1
2,139,83,12,1
2,139,84,12,1
2,139,85,12,1
2,139,86,12,1
2,139,87,12,1
2,135,85,10,1
5,135,84,3,1
0,138,86,10,1
0,138,87,10,1
0,138,88,10,1
0,138,89,10,1
0,138,90,10,1
0,138,91,10,1
0,134,87,10,1
0,134,88,10,1
0,134,89,10,1
0,134,90,10,1
0,134,91,10,1
0,134,92,10,1
0,135,87,10,1
0,135,88,10,1
0,135,89,10,1
0,135,90,10,1
0,135,91,10,1
0,135,92,10,1
0,134,86,10,1
0,135,86,10,1
0,136,87,12,1
0,136,88,12,1
0,136,89,12,1
0,136,90,12,1
0,136,91,12,1
0,137,87,12,1
0,137,88,12,1
0,137,89,12,1
0,137,90,12,1
0,137,91,12,1
0,136,92,12,1
0,137,92,12,1
0,139,92,12,1
0,138,92,10,1
1,140,88,3,1
1,141,88,2,1
0,140,89,10,1
0,140,90,10,1
0,140,91,10,1
0,140,92,10,1
0,141,89,12,1
0,141,90,12,1
0,141,91,12,1
0,141,92,12,1
1,142,84,2,1
0,143,86,10,1
0,143,87,10,1
0,143,88,10,1
0,143,89,10,1
0,143,90,10,1
0,143,91,10,1
0,143,92,10,1
0,142,88,12,1
0,142,89,12,1
0,142,90,12,1
0,142,91,12,1
0,142,92,12,1
2,143,85,10,1
1,144,86,2,1
1,145,86,3,1
5,143,84,3,1
4,146,83,12,1
4,146,84,12,1
4,146,85,12,1
5,146,82,2,1
5,147,82,3,1
0,147,84,10,1
0,147,85,10,1
0,147,86,10,1
0,147,87,10,1
0,147,88,10,1
0,147,89,10,1
0,147,90,10,1
0,147,91,10,1
0,147,92,10,1
0,148,83,7,1
0,148,84,7,1
0,148,85,7,1
0,148,86,7,1
0,148,87,7,1
0,148,88,7,1
0,148,89,7,1
0,148,90,7,1
0,148,91,7,1
0,148,92,7,1
0,149,84,7,1
0,149,85,7,1
0,149,86,7,1
0,149,87,7,1
0,149,88,7,1
0,149,89,7,1
0,149,90,7,1
0,149,91,7,1
0,149,92,7,1
0,147,83,10,1
1,148,82,2,1
5,149,82,2,1
2,149,83,7,1
5,150,84,3,1
5,151,84,2,1
0,150,85,10,1
0,150,86,10,1
0,150,87,10,1
0,150,88,10,1
0,150,89,10,1
0,150,90,10,1
0,150,91,10,1
0,150,92,10,1
0,151,86,12,1
0,151,87,12,1
0,151,88,12,1
0,151,89,12,1
0,151,90,12,1
0,151,91,12,1
0,151,92,12,1
0,144,87,12,1
0,144,88,12,1
0,144,89,12,1
0,144,90,12,1
0,144,91,12,1
0,144,92,12,1
0,145,87,10,1
0,145,88,10,1
0,145,89,10,1
0,145,90,10,1
0,145,91,10,1
0,145,92,10,1
0,146,86,12,1
0,146,87,12,1
0,146,88,12,1
0,146,89,12,1
0,146,90,12,1
0,146,91,12,1
0,146,92,12,1
2,151,85,12,1
1,152,86,3,1
5,153,86,2,1
0,153,88,12,1
0,153,89,12,1
0,153,90,12,1
0,153,91,12,1
0,153,92,12,1
0,152,87,10,1
0,152,88,10,1
0,152,89,10,1
0,152,90,10,1
0,152,91,10,1
0,152,92,10,1
1,154,88,3,1
1,155,88,2,1
5,156,84,2,1
5,157,84,3,1
0,157,86,10,1
0,157,87,10,1
0,157,88,10,1
0,157,89,10,1
0,157,90,10,1
0,157,91,10,1
0,157,92,10,1
0,154,89,10,1
0,154,90,10,1
0,154,91,10,1
0,154,92,10,1
0,155,89,12,1
0,155,90,12,1
0,155,91,12,1
0,155,92,12,1
0,156,89,12,1
0,156,90,12,1
0,156,91,12,1
0,156,92,12,1
0,156,88,12,1
2,157,85,10,1
1,158,86,2,1
1,160,86,2,1
1,162,86,2,1
1,163,86,2,1
1,165,86,2,1
1,167,86,2,1
4,168,83,12,1
4,168,84,12,1
4,168,85,12,1
0,168,86,12,1
0,168,87,12,1
0,168,88,12,1
0,168,89,12,1
0,168,90,12,1
0,168,91,12,1
0,168,92,12,1
0,167,87,12,1
0,167,88,12,1
0,167,89,12,1
0,167,90,12,1
0,167,91,12,1
0,167,92,12,1
0,165,87,12,1
0,165,88,12,1
0,165,89,12,1
0,165,90,12,1
0,165,91,12,1
0,165,92,12,1
0,162,87,12,1
0,162,88,12,1
0,162,89,12,1
0,162,90,12,1
0,162,91,12,1
0,162,92,12,1
0,163,87,12,1
0,163,88,12,1
0,163,89,12,1
0,163,90,12,1
0,163,91,12,1
0,163,92,12,1
0,160,87,12,1
0,160,88,12,1
0,160,90,12,1
0,160,91,12,1
0,160,92,12,1
0,158,87,12,1
0,158,88,12,1
0,158,89,12,1
0,158,90,12,1
0,158,91,12,1
0,158,92,12,1
0,159,87,10,1
0,159,88,10,1
0,159,89,10,1
0,159,90,10,1
0,159,91,10,1
0,159,92,10,1
0,161,87,10,1
0,161,88,10,1
0,161,89,10,1
0,161,90,10,1
0,161,91,10,1
0,161,92,10,1
0,164,87,10,1
0,164,88,10,1
0,164,89,10,1
0,164,91,10,1
0,164,92,10,1
0,166,87,10,1
0,166,88,10,1
0,166,89,10,1
0,166,90,10,1
0,166,91,10,1
0,166,92,10,1
1,159,86,3,1
1,161,86,3,1
1,164,86,3,1
1,166,86,3,1
0,169,83,10,1
0,169,84,10,1
0,169,85,10,1
0,169,86,10,1
0,169,87,10,1
0,169,88,10,1
0,169,89,10,1
0,169,90,10,1
0,169,91,10,1
0,169,92,10,1
1,169,82,3,1
4,170,81,10,1
0,170,82,10,1
0,170,83,10,1
0,170,84,10,1
0,170,85,10,1
0,170,86,10,1
0,170,87,10,1
0,170,88,10,1
0,170,89,10,1
0,170,90,10,1
0,170,91,10,1
0,170,92,10,1
5,171,80,2,1
5,170,80,3,1
5,168,82,2,1
1,172,88,3,1
0,172,89,10,1
0,172,90,10,1
0,172,91,10,1
0,172,92,10,1
0,171,88,12,1
0,171,89,12,1
0,171,90,12,1
0,171,91,12,1
0,171,92,12,1
0,173,89,12,1
0,173,90,12,1
0,173,91,12,1
0,173,92,12,1
0,174,89,12,1
0,174,90,12,1
0,174,91,12,1
0,174,92,12,1
0,176,89,12,1
0,176,90,12,1
0,176,91,12,1
0,176,92,12,1
0,178,89,12,1
0,178,90,12,1
0,178,91,12,1
0,178,92,12,1
0,179,89,12,1
0,179,90,12,1
0,179,91,12,1
0,179,92,12,1
0,175,89,10,1
0,175,90,10,1
0,175,91,10,1
0,175,92,10,1
0,177,89,10,1
0,177,90,10,1
0,177,91,10,1
0,177,92,10,1
0,180,89,10,1
0,180,90,10,1
0,180,91,10,1
0,180,92,10,1
0,181,89,7,1
0,181,90,7,1
0,181,91,7,1
0,181,92,7,1
1,173,88,2,1
1,174,88,2,1
1,176,88,2,1
1,178,88,2,1
1,179,88,2,1
1,181,88,2,1
1,175,88,3,1
1,177,88,3,1
1,180,88,3,1
1,182,88,2,1
0,182,89,12,1
0,182,90,12,1
0,182,91,12,1
0,182,92,12,1
0,183,89,12,1
0,183,90,12,1
0,183,91,12,1
0,183,92,12,1
0,184,89,7,1
0,184,90,7,1
0,184,91,7,1
0,184,92,7,1
0,185,89,7,1
0,185,90,7,1
0,185,91,7,1
0,185,92,7,1
0,186,89,12,1
0,186,90,12,1
0,186,91,12,1
0,186,92,12,1
0,187,89,12,1
0,187,90,12,1
0,187,91,12,1
0,187,92,12,1
0,188,89,12,1
0,188,90,12,1
0,188,91,12,1
0,188,92,12,1
0,189,89,10,1
0,189,90,10,1
0,189,91,10,1
0,189,92,10,1
0,192,89,10,1
0,192,90,10,1
0,192,91,10,1
0,192,92,10,1
0,193,89,12,1
0,193,90,12,1
0,193,91,12,1
0,193,92,12,1
1,183,88,2,1
1,184,88,2,1
1,185,88,2,1
1,186,88,2,1
1,187,88,2,1
1,188,88,2,1
1,190,88,2,1
1,191,88,2,1
1,189,88,3,1
0,190,89,7,1
0,190,90,7,1
0,190,91,7,1
0,190,92,7,1
0,191,89,7,1
0,191,90,7,1
0,191,91,7,1
0,191,92,7,1
1,192,88,3,1
1,193,88,2,1
1,194,88,2,1
0,194,89,12,1
0,194,90,12,1
0,194,91,12,1
0,194,92,12,1
0,195,88,10,1
0,195,89,10,1
0,195,90,10,1
0,195,91,10,1
0,195,92,10,1
4,195,87,10,1
5,195,86,3,1
5,196,84,2,1
5,197,82,3,1
5,198,82,2,1
0,198,83,12,1
0,198,84,12,1
0,198,85,12,1
0,198,86,12,1
0,198,87,12,1
0,198,88,12,1
0,198,89,12,1
0,198,90,12,1
0,198,91,12,1
0,198,92,12,1
0,197,84,10,1
0,197,85,10,1
0,197,86,10,1
0,197,87,10,1
0,197,88,10,1
0,197,89,10,1
0,197,90,10,1
0,197,91,10,1
0,197,92,10,1
4,197,83,10,1
0,196,85,12,1
0,196,86,12,1
0,196,87,12,1
0,196,88,12,1
0,196,89,12,1
0,196,90,12,1
0,196,91,12,1
0,196,92,12,1
0,177,81,12,1
0,177,82,12,1
0,177,83,12,1
0,177,84,12,1
0,177,85,12,1
0,178,78,10,1
0,178,79,10,1
0,178,80,10,1
0,178,81,10,1
0,178,82,10,1
0,178,83,10,1
0,178,84,10,1
0,178,85,10,1
0,178,76,10,1
0,178,77,10,1
4,177,76,12,1
4,177,77,12,1
4,177,78,12,1
4,177,79,12,1
4,177,80,12,1
0,171,81,12,1
0,171,82,12,1
0,171,83,12,1
0,171,84,12,1
0,171,85,12,1
0,171,86,12,1
0,171,87,12,1
water,87,72,48,1
water,87,73,48,1
water,87,75,48,1
water,88,72,48,1
water,88,73,48,1
water,88,74,48,1
water,88,75,48,1
water,89,72,48,1
water,89,73,48,1
water,89,74,48,1
water,89,75,48,1
water,90,72,48,1
water,90,73,48,1
water,90,74,48,1
water,90,75,48,1
water,91,72,48,1
water,91,73,48,1
water,91,74,48,1
water,91,75,48,1
water,92,72,48,1
water,92,73,48,1
water,92,74,48,1
water,92,75,48,1
water,93,72,48,1
water,93,73,48,1
water,93,74,48,1
water,93,75,48,1
water,94,72,48,1
water,94,73,48,1
water,94,74,48,1
water,94,75,48,1
water,95,72,48,1
water,95,73,48,1
water,95,74,48,1
water,95,75,48,1
water,96,72,48,1
water,96,73,48,1
water,96,74,48,1
water,96,75,48,1
water,97,72,48,1
water,97,73,48,1
water,97,74,48,1
water,97,75,48,1
water,98,72,48,1
water,98,73,48,1
water,98,74,48,1
water,98,75,48,1
water,99,72,48,1
water,99,73,48,1
water,99,74,48,1
water,99,75,48,1
water,100,72,48,1
water,100,73,48,1
water,100,74,48,1
water,100,75,48,1
water,87,76,48,1
water,87,77,48,1
water,87,78,48,1
water,87,79,48,1
water,87,80,48,1
water,87,81,48,1
water,87,82,48,1
water,87,83,48,1
water,87,84,48,1
water,87,85,48,1
water,87,86,48,1
water,87,87,48,1
water,88,76,48,1
water,88,77,48,1
water,88,78,48,1
water,88,79,48,1
water,88,80,48,1
water,88,81,48,1
water,88,82,48,1
water,88,83,48,1
water,88,84,48,1
water,88,85,48,1
water,88,86,48,1
water,88,87,48,1
water,89,76,48,1
water,89,77,48,1
water,89,78,48,1
water,89,79,48,1
water,89,80,48,1
water,89,81,48,1
water,89,82,48,1
water,89,83,48,1
water,89,84,48,1
water,89,85,48,1
water,89,86,48,1
water,89,87,48,1
water,90,76,48,1
water,90,77,48,1
water,90,78,48,1
water,90,79,48,1
water,90,80,48,1
water,90,81,48,1
water,90,82,48,1
water,90,83,48,1
water,90,84,48,1
water,90,85,48,1
water,90,86,48,1
water,90,87,48,1
water,91,76,48,1
water,91,77,48,1
water,91,78,48,1
water,91,79,48,1
water,91,80,48,1
water,91,81,48,1
water,91,82,48,1
water,91,83,48,1
water,91,84,48,1
water,91,85,48,1
water,91,86,48,1
water,91,87,48,1
water,92,78,48,1
water,92,79,48,1
water,92,80,48,1
water,92,81,48,1
water,92,82,48,1
water,92,83,48,1
water,92,84,48,1
water,92,85,48,1
water,92,86,48,1
water,92,87,48,1
water,94,81,48,1
water,94,82,48,1
water,94,83,48,1
water,94,84,48,1
water,94,86,48,1
water,94,87,48,1
water,95,81,48,1
water,95,82,48,1
water,95,83,48,1
water,95,84,48,1
water,95,85,48,1
water,95,86,48,1
water,95,87,48,1
water,93,81,48,1
water,93,82,48,1
water,93,83,48,1
water,93,84,48,1
water,93,85,48,1
water,93,86,48,1
water,93,87,48,1
water,96,81,48,1
water,96,82,48,1
water,96,83,48,1
water,96,84,48,1
water,96,85,48,1
water,96,86,48,1
water,96,87,48,1
water,97,79,48,1
water,97,80,48,1
water,97,81,48,1
water,97,82,48,1
water,97,83,48,1
water,97,84,48,1
water,97,85,48,1
water,97,86,48,1
water,97,87,48,1
water,98,79,48,1
water,98,80,48,1
water,98,81,48,1
water,98,82,48,1
water,98,83,48,1
water,98,84,48,1
water,98,85,48,1
water,98,86,48,1
water,98,87,48,1
water,99,79,48,1
water,99,80,48,1
water,99,81,48,1
water,99,82,48,1
water,99,83,48,1
water,99,84,48,1
water,99,85,48,1
water,99,86,48,1
water,99,87,48,1
water,100,79,48,1
water,100,80,48,1
water,100,81,48,1
water,100,82,48,1
water,100,83,48,1
water,100,84,48,1
water,100,85,48,1
water,100,86,48,1
water,100,87,48,1
water,101,81,48,1
water,101,82,48,1
water,101,83,48,1
water,101,84,48,1
water,101,85,48,1
water,101,86,48,1
water,101,87,48,1
water,102,81,48,1
water,102,82,48,1
water,102,83,48,1
water,102,84,48,1
water,102,85,48,1
water,102,86,48,1
water,102,87,48,1
water,104,81,48,1
water,104,82,48,1
water,104,83,48,1
water,104,84,48,1
water,104,85,48,1
water,104,86,48,1
water,104,87,48,1
water,105,81,48,1
water,105,82,48,1
water,105,83,48,1
water,105,84,48,1
water,105,85,48,1
water,105,86,48,1
water,105,87,48,1
water,106,81,48,1
water,106,82,48,1
water,106,83,48,1
water,106,84,48,1
water,106,85,48,1
water,106,86,48,1
water,106,87,48,1
water,107,81,48,1
water,107,82,48,1
water,107,83,48,1
water,107,85,48,1
water,107,86,48,1
water,107,87,48,1
water,108,81,48,1
water,108,82,48,1
water,108,83,48,1
water,108,84,48,1
water,108,85,48,1
water,108,86,48,1
water,108,87,48,1
water,109,81,48,1
water,109,82,48,1
water,109,83,48,1
water,109,84,48,1
water,109,85,48,1
water,109,86,48,1
water,109,87,48,1
water,110,81,48,1
water,110,82,48,1
water,110,83,48,1
water,110,84,48,1
water,110,85,48,1
water,110,86,48,1
water,110,87,48,1
water,111,81,48,1
water,111,82,48,1
water,111,83,48,1
water,111,84,48,1
water,111,85,48,1
water,111,86,48,1
water,111,87,48,1
water,112,81,48,1
water,112,82,48,1
water,112,83,48,1
water,112,84,48,1
water,112,85,48,1
water,112,86,48,1
water,112,87,48,1
water,113,81,48,1
water,113,82,48,1
water,113,83,48,1
water,113,84,48,1
water,113,85,48,1
water,113,86,48,1
water,113,87,48,1
water,114,81,48,1
water,114,82,48,1
water,114,83,48,1
water,114,84,48,1
water,114,85,48,1
water,114,86,48,1
water,114,87,48,1
water,115,81,48,1
water,115,82,48,1
water,115,83,48,1
water,115,84,48,1
water,115,85,48,1
water,115,86,48,1
water,115,87,48,1
water,116,81,48,1
water,116,82,48,1
water,116,83,48,1
water,116,84,48,1
water,116,85,48,1
water,116,86,48,1
water,116,87,48,1
water,117,81,48,1
water,117,82,48,1
water,117,83,48,1
water,117,84,48,1
water,117,85,48,1
water,117,86,48,1
water,117,87,48,1
water,118,81,48,1
water,118,82,48,1
water,118,83,48,1
water,118,84,48,1
water,118,85,48,1
water,118,86,48,1
water,118,87,48,1
water,119,81,48,1
water,119,82,48,1
water,119,83,48,1
water,119,84,48,1
water,119,85,48,1
water,119,86,48,1
water,119,87,48,1
water,120,81,48,1
water,120,82,48,1
water,120,83,48,1
water,120,84,48,1
water,120,85,48,1
water,120,86,48,1
water,120,87,48,1
water,121,86,48,1
water,121,87,48,1
water,122,86,48,1
water,122,87,48,1
water,123,86,48,1
water,123,87,48,1
water,124,86,48,1
water,124,87,48,1
water,125,86,48,1
water,125,87,48,1
water,126,86,48,1
water,126,87,48,1
water,127,86,48,1
water,127,87,48,1
water,128,86,48,1
water,128,87,48,1
water,129,86,48,1
water,129,87,48,1
water,103,81,48,1
water,103,82,48,1
water,103,83,48,1
water,103,84,48,1
water,103,85,48,1
water,103,86,48,1
water,103,87,48,1
water,121,81,48,1
water,121,82,48,1
water,121,83,48,1
water,121,84,48,1
water,121,85,48,1
water,122,81,48,1
water,122,82,48,1
water,122,83,48,1
water,122,84,48,1
water,122,85,48,1
water,123,81,48,1
water,123,82,48,1
water,123,83,48,1
water,123,84,48,1
water,123,85,48,1
water,124,81,48,1
water,124,82,48,1
water,124,83,48,1
water,124,84,48,1
water,124,85,48,1
water,125,81,48,1
water,125,82,48,1
water,125,83,48,1
water,125,84,48,1
water,125,85,48,1
water,126,82,48,1
water,126,83,48,1
water,126,84,48,1
water,126,85,48,1
water,127,81,48,1
water,127,82,48,1
water,127,83,48,1
water,127,84,48,1
water,127,85,48,1
water,128,81,48,1
water,128,82,48,1
water,128,83,48,1
water,128,84,48,1
water,128,85,48,1
water,129,81,48,1
water,129,82,48,1
water,129,83,48,1
water,129,84,48,1
water,129,85,48,1
water,130,81,48,1
water,130,82,48,1
water,130,83,48,1
water,130,84,48,1
water,130,85,48,1
water,131,81,48,1
water,131,83,48,1
water,131,84,48,1
water,131,85,48,1
water,132,81,48,1
water,132,82,48,1
water,132,83,48,1
water,132,84,48,1
water,132,85,48,1
water,133,81,48,1
water,133,82,48,1
water,133,83,48,1
water,133,84,48,1
water,133,85,48,1
water,134,82,48,1
water,134,83,48,1
water,135,81,48,1
water,135,82,48,1
water,135,83,48,1
water,136,81,48,1
water,136,82,48,1
water,136,83,48,1
water,137,81,48,1
water,137,82,48,1
water,137,83,48,1
water,136,84,48,1
water,137,84,48,1
water,136,85,48,1
water,137,85,48,1
water,140,81,48,1
water,140,82,48,1
water,140,83,48,1
water,140,84,48,1
water,140,85,48,1
water,140,86,48,1
water,140,87,48,1
water,141,81,48,1
water,141,82,48,1
water,141,83,48,1
water,141,84,48,1
water,141,85,48,1
water,141,86,48,1
water,141,87,48,1
water,138,81,48,1
water,139,81,48,1
water,142,81,48,1
water,142,82,48,1
water,142,83,48,1
water,143,81,48,1
water,143,82,48,1
water,143,83,48,1
water,144,81,48,1
water,144,82,48,1
water,144,83,48,1
water,144,84,48,1
water,144,85,48,1
water,145,81,48,1
water,145,83,48,1
water,145,85,48,1
water,145,82,48,1
water,146,81,48,1
water,147,81,48,1
water,148,81,48,1
water,149,81,48,1
water,150,81,48,1
water,151,81,48,1
water,152,81,48,1
water,155,81,48,1
water,156,81,48,1
water,157,81,48,1
water,150,82,48,1
water,150,83,48,1
water,151,82,48,1
water,151,83,48,1
water,152,82,48,1
water,152,83,48,1
water,153,82,48,1
water,153,83,48,1
water,154,82,48,1
water,154,83,48,1
water,155,82,48,1
water,155,83,48,1
water,156,82,48,1
water,156,83,48,1
water,157,82,48,1
water,157,83,48,1
2,153,87,12,1
water,152,84,48,1
water,152,85,48,1
water,153,84,48,1
water,153,85,48,1
water,158,82,48,1
water,158,83,48,1
water,158,84,48,1
water,158,85,48,1
water,159,82,48,1
water,159,83,48,1
water,159,84,48,1
water,159,85,48,1
water,162,84,48,1
water,162,85,48,1
water,163,84,48,1
water,163,85,48,1
water,164,84,48,1
water,164,85,48,1
water,165,84,48,1
water,165,85,48,1
water,166,84,48,1
water,166,85,48,1
water,167,84,48,1
water,167,85,48,1
water,168,81,48,1
water,169,81,48,1
water,169,80,48,1
water,168,80,48,1
water,168,79,48,1
water,169,79,48,1
water,170,79,48,1
water,171,79,48,1
water,172,79,48,1
water,173,79,48,1
water,174,79,48,1
water,175,79,48,1
water,176,79,48,1
water,173,80,48,1
water,174,80,48,1
water,175,80,48,1
water,176,80,48,1
water,172,80,48,1
water,173,81,48,1
water,173,82,48,1
water,173,83,48,1
water,173,84,48,1
water,173,85,48,1
water,173,86,48,1
water,173,87,48,1
water,174,81,48,1
water,174,82,48,1
water,174,83,48,1
water,174,84,48,1
water,174,85,48,1
water,174,86,48,1
water,174,87,48,1
water,175,81,48,1
water,175,82,48,1
water,175,83,48,1
water,175,84,48,1
water,175,85,48,1
water,175,86,48,1
water,175,87,48,1
water,176,86,48,1
water,176,87,48,1
water,177,86,48,1
water,177,87,48,1
water,178,86,48,1
water,178,87,48,1
water,179,86,48,1
water,179,87,48,1
water,180,86,48,1
water,180,87,48,1
water,181,86,48,1
water,181,87,48,1
water,182,86,48,1
water,182,87,48,1
water,183,86,48,1
water,183,87,48,1
water,184,86,48,1
water,184,87,48,1
water,185,86,48,1
water,185,87,48,1
water,186,86,48,1
water,186,87,48,1
water,187,86,48,1
water,187,87,48,1
water,188,86,48,1
water,188,87,48,1
water,189,86,48,1
water,189,87,48,1
water,190,87,48,1
water,191,87,48,1
water,192,86,48,1
water,192,87,48,1
water,193,86,48,1
water,193,87,48,1
water,194,86,48,1
water,194,87,48,1
water,180,79,48,1
water,180,80,48,1
water,180,81,48,1
water,180,82,48,1
water,180,83,48,1
water,180,84,48,1
water,180,85,48,1
water,181,79,48,1
water,181,80,48,1
water,181,81,48,1
water,181,82,48,1
water,181,83,48,1
water,181,84,48,1
water,181,85,48,1
water,182,79,48,1
water,182,80,48,1
water,182,81,48,1
water,182,82,48,1
water,182,83,48,1
water,182,84,48,1
water,182,85,48,1
water,183,79,48,1
water,183,80,48,1
water,183,81,48,1
water,183,82,48,1
water,183,83,48,1
water,183,84,48,1
water,183,85,48,1
water,184,79,48,1
water,184,80,48,1
water,184,81,48,1
water,184,82,48,1
water,184,83,48,1
water,184,84,48,1
water,184,85,48,1
water,185,79,48,1
water,185,80,48,1
water,185,81,48,1
water,185,82,48,1
water,185,83,48,1
water,185,84,48,1
water,185,85,48,1
water,186,79,48,1
water,186,80,48,1
water,186,81,48,1
water,186,82,48,1
water,186,83,48,1
water,186,84,48,1
water,186,85,48,1
water,187,79,48,1
water,187,80,48,1
water,187,81,48,1
water,187,82,48,1
water,187,83,48,1
water,187,84,48,1
water,187,85,48,1
water,188,79,48,1
water,188,80,48,1
water,188,81,48,1
water,188,82,48,1
water,188,83,48,1
water,188,84,48,1
water,188,85,48,1
water,190,81,48,1
water,190,82,48,1
water,190,83,48,1
water,190,84,48,1
water,190,85,48,1
water,190,86,48,1
water,191,79,48,1
water,191,80,48,1
water,191,81,48,1
water,191,82,48,1
water,191,83,48,1
water,191,84,48,1
water,191,85,48,1
water,191,86,48,1
water,189,81,48,1
water,189,82,48,1
water,189,83,48,1
water,189,84,48,1
water,189,85,48,1
water,192,81,48,1
water,192,82,48,1
water,192,83,48,1
water,192,84,48,1
water,192,85,48,1
water,193,81,48,1
water,193,82,48,1
water,193,83,48,1
water,193,84,48,1
water,193,85,48,1
water,194,81,48,1
water,194,82,48,1
water,194,83,48,1
water,194,84,48,1
water,194,85,48,1
water,195,81,48,1
water,195,82,48,1
water,195,83,48,1
water,195,84,48,1
water,195,85,48,1
water,194,79,48,1
water,194,80,48,1
water,196,81,48,1
water,196,82,48,1
water,196,83,48,1
water,197,79,48,1
water,197,80,48,1
water,197,81,48,1
water,198,79,48,1
water,198,80,48,1
water,198,81,48,1
water,199,79,48,1
water,199,80,48,1
water,199,81,48,1
water,200,79,48,1
water,200,80,48,1
water,200,81,48,1
water,201,79,48,1
water,201,80,48,1
water,201,81,48,1
3,101,78,13,1
3,96,78,13,1
3,93,78,13,1
3,103,78,13,1
water-5,103,79,0,1
water-6,103,80,0,1
water,102,79,48,1
water,102,80,48,1
2,103,76,10,1
2,102,76,12,1
2,104,76,12,1
2,105,76,10,1
2,105,77,11,1
2,106,76,12,1
2,107,76,12,1
2,108,76,10,1
3,108,78,13,1
water-5,108,79,0,1
water-6,108,80,0,1
water,104,79,48,1
water,104,80,48,1
water,105,79,48,1
water,105,80,48,1
water,106,79,48,1
water,106,80,48,1
water,107,79,48,1
water,107,80,48,1
2,109,76,12,1
2,110,76,12,1
2,111,76,10,1
2,114,76,10,1
2,112,76,12,1
2,113,76,12,1
2,115,76,12,1
2,116,76,12,1
2,117,76,10,1
3,117,78,13,1
2,118,76,12,1
2,120,76,12,1
2,119,76,10,1
2,121,76,10,1
3,121,78,13,1
water-5,121,79,0,1
water-6,121,80,0,1
0,123,78,12,1
3,126,79,13,1
water-5,126,80,0,1
water-6,126,81,0,1
water,109,79,48,1
water,109,80,48,1
water,110,79,48,1
water,110,80,48,1
water,111,79,48,1
water,111,80,48,1
water,112,79,48,1
water,112,80,48,1
water,113,79,48,1
water,113,80,48,1
water,114,79,48,1
water,114,80,48,1
water,115,79,48,1
water,115,80,48,1
water,116,79,48,1
water,116,80,48,1
water,118,79,48,1
water,118,80,48,1
water,119,79,48,1
water,119,80,48,1
water,120,79,48,1
water,120,80,48,1
water-5,117,79,0,1
water-6,117,80,0,1
water,122,79,48,1
water,122,80,48,1
water,123,80,48,1
water,124,80,48,1
water,125,80,48,1
water,127,80,48,1
death,94,78,14,1
death,95,78,14,1
water,94,79,48,1
water,94,80,48,1
water,95,79,48,1
water,95,80,48,1
death,97,78,14,1
death,98,78,14,1
death,99,78,14,1
death,100,78,14,1
death,102,78,14,1
death,104,78,14,1
death,105,78,14,1
death,106,78,14,1
death,107,78,14,1
death,109,78,14,1
death,110,78,14,1
death,111,78,14,1
death,112,78,14,1
death,113,78,14,1
death,114,78,14,1
death,115,78,14,1
death,116,78,14,1
death,118,78,14,1
death,119,78,14,1
death,120,78,14,1
death,122,78,14,1
death,123,79,14,1
death,124,79,14,1
death,125,79,14,1
death,127,79,14,1
death,128,79,14,1
death,129,80,14,1
death,130,80,14,1
death,132,80,14,1
death,133,80,14,1
death,134,79,14,1
death,135,79,14,1
death,136,78,14,1
death,137,78,14,1
death,138,78,14,1
death,139,78,14,1
death,140,79,14,1
death,141,79,14,1
death,142,80,14,1
death,143,80,14,1
death,144,78,14,1
death,145,78,14,1
death,146,78,14,1
death,147,78,14,1
death,148,78,14,1
death,149,78,14,1
death,150,79,14,1
death,151,79,14,1
death,152,80,14,1
death,153,81,14,1
death,154,81,14,1
death,155,80,14,1
death,156,80,14,1
death,157,80,14,1
death,158,81,14,1
death,159,81,14,1
death,172,81,14,1
death,172,82,14,1
death,172,83,14,1
death,172,84,14,1
death,172,85,14,1
death,172,86,14,1
death,172,87,14,1
death,176,81,14,1
death,176,82,14,1
death,176,83,14,1
death,176,84,14,1
death,176,85,14,1
death,179,78,14,1
death,179,79,14,1
death,179,80,14,1
death,179,81,14,1
death,179,82,14,1
death,179,83,14,1
death,179,84,14,1
death,179,85,14,1
death,180,78,14,1
death,181,78,14,1
death,182,78,14,1
death,183,78,14,1
death,184,78,14,1
death,185,78,14,1
death,186,78,14,1
death,187,78,14,1
death,188,78,14,1
death,191,78,14,1
death,194,78,14,1
death,197,78,14,1
death,198,78,14,1
death,199,78,14,1
death,200,78,14,1
death,201,78,14,1
2,126,76,10,1
2,126,78,10,1
2,125,76,12,1
2,125,78,12,1
2,123,76,12,1
2,122,76,12,1
2,124,76,10,1
2,124,78,11,1
2,127,78,12,1
2,128,78,12,1
2,127,76,7,1
2,128,76,7,1
2,129,76,10,1
2,129,78,10,1
2,129,79,11,1
2,130,76,12,1
2,130,78,12,1
2,130,79,12,1
2,131,76,10,1
2,131,78,10,1
2,131,79,11,1
2,132,79,12,1
2,133,79,12,1
2,132,76,7,1
2,132,78,7,1
2,133,76,7,1
2,133,78,7,1
2,134,76,10,1
2,135,76,10,1
2,134,78,11,1
2,135,78,11,1
2,136,76,12,1
2,137,76,12,1
2,138,76,10,1
2,139,76,12,1
2,140,76,10,1
2,140,78,11,1
2,141,76,12,1
2,141,78,12,1
2,142,76,12,1
2,142,78,12,1
2,142,79,12,1
2,143,79,11,1
2,143,76,10,1
2,143,78,10,1
2,144,76,12,1
2,146,76,12,1
2,148,76,7,1
2,149,76,7,1
2,145,76,10,1
2,147,76,10,1
2,150,76,10,1
2,150,78,11,1
2,151,76,12,1
2,151,78,12,1
2,152,76,10,1
2,152,78,10,1
2,152,79,11,1
2,153,76,12,1
2,153,78,12,1
2,153,79,12,1
2,153,80,12,1
2,154,76,10,1
2,154,78,10,1
2,154,79,10,1
2,154,80,11,1
water,154,84,48,1
water,154,85,48,1
water,154,86,48,1
water,154,87,48,1
water,155,84,48,1
water,155,85,48,1
water,155,86,48,1
water,155,87,48,1
water,160,84,48,1
water,160,85,48,1
water,161,84,48,1
water,161,85,48,1
2,155,76,12,1
2,155,78,12,1
2,155,79,12,1
2,156,76,12,1
2,156,78,12,1
2,156,79,12,1
2,157,76,10,1
2,157,78,10,1
2,157,79,11,1
death,160,83,14,1
death,161,83,14,1
death,162,83,14,1
death,163,83,14,1
death,164,83,14,1
death,165,83,14,1
2,158,76,12,1
2,158,78,12,1
2,158,79,12,1
2,158,80,12,1
2,159,76,10,1
2,159,78,10,1
2,159,79,10,1
2,159,80,11,1
2,160,76,12,1
2,160,78,12,1
2,160,79,12,1
2,160,80,12,1
2,160,81,12,1
4,160,82,12,1
2,161,82,11,1
2,161,76,10,1
2,161,78,10,1
2,161,79,10,1
2,161,80,10,1
2,161,81,10,1
2,162,76,12,1
2,162,78,12,1
2,162,79,12,1
2,162,80,12,1
2,162,81,12,1
2,162,82,12,1
2,163,76,12,1
2,163,78,12,1
2,163,79,12,1
2,163,80,12,1
2,163,81,12,1
2,163,82,12,1
2,164,76,10,1
2,164,78,10,1
2,164,79,10,1
2,164,80,10,1
2,164,81,10,1
2,164,82,11,1
2,165,76,12,1
2,165,78,12,1
2,165,79,12,1
2,165,80,12,1
2,165,81,12,1
2,165,82,12,1
death,166,78,14,1
death,167,78,14,1
2,166,76,10,1
water,166,79,48,1
water,166,80,48,1
water,166,81,48,1
water,166,82,48,1
water,166,83,48,1
water,167,79,48,1
water,167,80,48,1
water,167,81,48,1
water,167,82,48,1
water,167,83,48,1
water,168,76,48,1
water,168,77,48,1
water,168,78,48,1
water,169,76,48,1
water,169,77,48,1
water,169,78,48,1
water,170,76,48,1
water,170,77,48,1
water,170,78,48,1
water,171,76,48,1
water,171,77,48,1
water,171,78,48,1
water,172,76,48,1
water,172,77,48,1
water,172,78,48,1
water,173,76,48,1
water,173,77,48,1
water,173,78,48,1
water,174,76,48,1
water,174,77,48,1
water,174,78,48,1
water,175,76,48,1
water,175,77,48,1
water,175,78,48,1
water,176,76,48,1
water,176,77,48,1
water,176,78,48,1
0,179,76,12,1
0,179,77,12,1
0,180,76,12,1
0,180,77,12,1
0,182,77,12,1
0,183,76,12,1
0,183,77,12,1
0,184,76,12,1
0,184,77,12,1
0,185,77,12,1
0,186,77,12,1
death,189,78,14,1
death,192,78,14,1
death,195,78,14,1
3,190,78,13,1
water-5,190,79,0,1
water-6,190,80,0,1
0,164,90,10,1
water,189,79,48,1
water,189,80,48,1
0,187,76,12,1
0,187,77,12,1
0,188,76,12,1
0,188,77,12,1
0,189,76,12,1
0,189,77,12,1
0,181,76,10,1
0,181,77,11,1
0,182,76,7,1
0,185,76,7,1
0,186,76,7,1
0,190,76,10,1
0,190,77,10,1
0,193,76,10,1
0,193,77,10,1
3,193,78,13,1
3,196,78,13,1
water-5,193,79,0,1
water-6,193,80,0,1
water-6,196,80,0,1
water-5,196,79,0,1
water,195,79,48,1
water,195,80,48,1
water,192,79,48,1
water,192,80,48,1
0,196,76,10,1
0,196,77,10,1
0,191,76,7,1
0,192,76,7,1
0,191,77,12,1
0,192,77,12,1
0,194,76,12,1
0,194,77,12,1
0,195,76,12,1
0,195,77,12,1
0,197,76,12,1
0,197,77,12,1
0,198,76,10,1
0,198,77,11,1
0,199,76,12,1
0,199,77,12,1
0,200,76,12,1
0,200,77,12,1
0,201,77,12,1
0,201,76,7,1
water,128,80,48,1
water,134,80,48,1
water,135,80,48,1
water,136,80,48,1
water,137,80,48,1
water,138,80,48,1
water,139,80,48,1
water,140,80,48,1
water,141,80,48,1
water,136,79,48,1
water,137,79,48,1
water,138,79,48,1
water,139,79,48,1
water,144,79,48,1
water,144,80,48,1
water,145,79,48,1
water,145,80,48,1
water,146,79,48,1
water,146,80,48,1
water,147,79,48,1
water,147,80,48,1
water,148,79,48,1
water,148,80,48,1
water,149,79,48,1
water,149,80,48,1
water,150,80,48,1
water,151,80,48,1
4,156,85,12,1
4,156,86,12,1
4,156,87,12,1
4,142,85,12,1
4,142,86,12,1
4,142,87,12,1
4,130,87,12,1
4,134,85,10,1
5,134,84,3,1
4,138,83,10,1
4,138,84,10,1
4,138,85,10,1
0-0,85,72,0,1
0-0,85,73,0,1
0-0,85,74,0,1
0-0,85,75,0,1
0-0,85,76,0,1
0-0,85,77,0,1
0-0,85,78,0,1
0-0,85,79,0,1
0-0,85,80,0,1
0-0,85,81,0,1
0-0,85,82,0,1
0-0,85,83,0,1
0-0,85,84,0,1
0-0,85,85,0,1
0-0,85,86,0,1
0-0,85,87,0,1
0-0,85,88,0,1
0-0,85,89,0,1
0-0,85,90,0,1
0-0,85,91,0,1
0-0,85,92,0,1
0-0,83,72,0,1
0-0,83,73,0,1
0-0,83,74,0,1
0-0,83,75,0,1
0-0,83,76,0,1
0-0,83,77,0,1
0-0,83,78,0,1
0-0,83,79,0,1
0-0,83,80,0,1
0-0,83,81,0,1
0-0,83,82,0,1
0-0,83,83,0,1
0-0,83,84,0,1
0-0,83,85,0,1
0-0,83,86,0,1
0-0,83,87,0,1
0-0,83,88,0,1
0-0,83,89,0,1
0-0,83,90,0,1
0-0,83,91,0,1
0-0,83,92,0,1
0-0,81,72,0,1
0-0,81,73,0,1
0-0,81,74,0,1
0-0,81,75,0,1
0-0,81,76,0,1
0-0,81,77,0,1
0-0,81,78,0,1
0-0,81,79,0,1
0-0,81,80,0,1
0-0,81,81,0,1
0-0,81,82,0,1
0-0,81,83,0,1
0-0,81,84,0,1
0-0,81,85,0,1
0-0,81,86,0,1
0-0,81,87,0,1
0-0,81,88,0,1
0-0,81,89,0,1
0-0,81,90,0,1
0-0,81,91,0,1
0-0,79,72,0,1
0-0,79,73,0,1
0-0,79,74,0,1
0-0,79,75,0,1
0-0,79,76,0,1
0-0,79,77,0,1
0-0,79,78,0,1
0-0,79,79,0,1
0-0,79,80,0,1
0-0,79,81,0,1
0-0,79,82,0,1
0-0,79,83,0,1
0-0,79,84,0,1
0-0,79,85,0,1
0-0,79,86,0,1
0-0,79,87,0,1
0-0,79,88,0,1
0-0,79,89,0,1
0-0,79,90,0,1
0-0,79,91,0,1
0-0,79,92,0,1
0-0,77,72,0,1
0-0,77,73,0,1
0-0,77,74,0,1
0-0,77,75,0,1
0-0,77,76,0,1
0-0,77,77,0,1
0-0,77,78,0,1
0-0,77,79,0,1
0-0,77,80,0,1
0-0,77,81,0,1
0-0,77,82,0,1
0-0,77,83,0,1
0-0,77,84,0,1
0-0,77,85,0,1
0-0,77,86,0,1
0-0,77,87,0,1
0-0,77,88,0,1
0-0,77,89,0,1
0-0,77,90,0,1
0-0,77,91,0,1
0-0,77,92,0,1
0-1,78,72,0,1
0-1,78,73,0,1
0-1,78,74,0,1
0-1,78,75,0,1
0-1,78,76,0,1
0-1,78,77,0,1
0-1,78,78,0,1
0-1,78,79,0,1
0-1,78,80,0,1
0-1,78,81,0,1
0-1,78,82,0,1
0-1,78,83,0,1
0-1,78,84,0,1
0-1,78,85,0,1
0-1,78,86,0,1
0-1,78,87,0,1
0-1,78,88,0,1
0-1,78,89,0,1
0-1,78,90,0,1
0-1,78,91,0,1
0-1,78,92,0,1
0-1,80,72,0,1
0-1,80,73,0,1
0-1,80,74,0,1
0-1,80,75,0,1
0-1,80,76,0,1
0-1,80,77,0,1
0-1,80,78,0,1
0-1,80,79,0,1
0-1,80,80,0,1
0-1,80,81,0,1
0-1,80,82,0,1
0-1,80,83,0,1
0-1,80,84,0,1
0-1,80,85,0,1
0-1,80,86,0,1
0-1,80,87,0,1
0-1,80,88,0,1
0-1,80,89,0,1
0-1,80,90,0,1
0-1,80,91,0,1
0-1,80,92,0,1
0-0,81,92,0,1
0-1,82,72,0,1
0-1,82,73,0,1
0-1,82,74,0,1
0-1,82,75,0,1
0-1,82,76,0,1
0-1,82,77,0,1
0-1,82,78,0,1
0-1,82,79,0,1
0-1,82,80,0,1
0-1,82,81,0,1
0-1,82,82,0,1
0-1,82,83,0,1
0-1,82,84,0,1
0-1,82,85,0,1
0-1,82,86,0,1
0-1,82,87,0,1
0-1,82,88,0,1
0-1,82,89,0,1
0-1,82,90,0,1
0-1,82,91,0,1
0-1,82,92,0,1
0-1,84,72,0,1
0-1,84,73,0,1
0-1,84,74,0,1
0-1,84,75,0,1
0-1,84,76,0,1
0-1,84,77,0,1
0-1,84,78,0,1
0-1,84,79,0,1
0-1,84,80,0,1
0-1,84,81,0,1
0-1,84,82,0,1
0-1,84,83,0,1
0-1,84,84,0,1
0-1,84,85,0,1
0-1,84,86,0,1
0-1,84,87,0,1
0-1,84,88,0,1
0-1,84,89,0,1
0-1,84,90,0,1
0-1,84,91,0,1
0-1,84,92,0,1
1,94,77,12,1
1,95,77,12,1
1,93,77,10,1
1,96,77,10,1
1,99,77,11,1
1,101,77,10,1
1,102,77,12,1
1,103,77,10,1
1,108,77,10,1
1,106,77,12,1
1,107,77,12,1
1,98,77,12,1
1,100,77,12,1
1,109,77,12,1
1,110,77,12,1
1,112,77,12,1
1,113,77,12,1
1,111,77,11,1
1,114,77,11,1
1,115,77,12,1
1,116,77,12,1
1,117,77,10,1
1,121,77,10,1
1,119,77,11,1
1,118,77,12,1
1,120,77,12,1
1,122,77,12,1
1,123,77,12,1
1,124,77,10,1
1,125,77,12,1
1,126,77,10,1
1,127,77,7,1
1,128,77,7,1
1,132,77,7,1
1,133,77,7,1
1,129,77,10,1
1,130,77,12,1
1,131,77,10,1
1,134,77,10,1
1,135,77,10,1
1,138,77,11,1
1,136,77,12,1
1,140,77,10,1
1,141,77,12,1
1,142,77,12,1
1,143,77,10,1
1,144,77,12,1
1,146,77,12,1
1,148,77,12,1
1,149,77,12,1
1,153,77,12,1
1,155,77,12,1
1,156,77,12,1
1,158,77,12,1
1,160,77,12,1
1,162,77,12,1
1,163,77,12,1
1,165,77,12,1
5,167,77,12,1
2,167,76,12,1
1,151,77,12,1
1,150,77,10,1
1,152,77,10,1
1,154,77,10,1
1,157,77,10,1
1,159,77,10,1
1,161,77,10,1
1,164,77,10,1
1,166,77,10,1
1,147,77,11,1
1,145,77,11,1
4,92,76,12,1
5,92,77,12,1
water,94,85,48,1
water,87,74,48,1
2,86,75,7,1
water,134,81,48,1
2,93,76,10,1
2,94,76,12,1
1,92,88,2,1
1,104,77,12,1
water,107,84,48,1
water,131,82,48,1
death,131,80,14,1
water,145,84,48,1
0,160,89,12,1
0,139,77,12,1
1,137,77,12,1
0,85,83,10,2
0,85,84,10,2
0,85,85,10,2
0,85,86,10,2
0,85,87,10,2
0,85,73,10,2
0,85,74,10,2
0,85,75,10,2
0,85,76,10,2
0,85,77,10,2
0,85,78,10,2
0,85,79,10,2
0,85,80,10,2
0,85,81,10,2
0,85,82,10,2
0,87,73,10,2
0,87,74,10,2
0,87,75,10,2
0,87,76,10,2
0,87,77,10,2
0,87,78,10,2
0,87,79,10,2
0,87,80,10,2
0,87,81,10,2
0,87,82,10,2
0,87,83,10,2
0,87,84,10,2
0,87,85,10,2
0,87,86,10,2
0,87,87,10,2
0,89,73,10,2
0,89,74,10,2
0,89,75,10,2
0,89,76,10,2
0,89,77,10,2
0,89,78,10,2
0,89,79,10,2
0,89,80,10,2
0,89,81,10,2
0,89,82,10,2
0,89,83,10,2
0,89,84,10,2
0,89,85,10,2
0,89,86,10,2
0,89,87,10,2
0,91,73,10,2
0,91,74,10,2
0,91,75,10,2
0,91,76,10,2
0,91,77,10,2
0,91,78,10,2
0,91,79,10,2
0,91,80,10,2
0,91,81,10,2
0,91,82,10,2
0,91,83,10,2
0,91,84,10,2
0,91,85,10,2
0,91,86,10,2
0,91,87,10,2
0,93,73,10,2
0,93,74,10,2
0,93,75,10,2
0,93,76,10,2
0,93,77,10,2
0,93,78,10,2
0,93,79,10,2
0,93,80,10,2
0,93,81,10,2
0,93,82,10,2
0,93,83,10,2
0,93,84,10,2
0,93,85,10,2
0,93,86,10,2
0,93,87,10,2
0,95,73,10,2
0,95,74,10,2
0,95,75,10,2
0,95,76,10,2
0,95,77,10,2
0,95,78,10,2
0,95,79,10,2
0,95,80,10,2
0,95,81,10,2
0,95,82,10,2
0,95,83,10,2
0,95,84,10,2
0,95,85,10,2
0,95,86,10,2
0,95,87,10,2
0,97,73,10,2
0,97,74,10,2
0,97,75,10,2
0,97,76,10,2
0,97,77,10,2
0,97,78,10,2
0,97,79,10,2
0,97,80,10,2
0,97,81,10,2
0,97,82,10,2
0,97,83,10,2
0,97,84,10,2
0,97,85,10,2
0,97,86,10,2
0,97,87,10,2
0,99,73,10,2
0,99,74,10,2
0,99,75,10,2
0,99,76,10,2
0,99,77,10,2
0,99,78,10,2
0,99,79,10,2
0,99,80,10,2
0,99,81,10,2
0,99,82,10,2
0,99,83,10,2
0,99,84,10,2
0,99,85,10,2
0,99,86,10,2
0,99,87,10,2
0,101,73,10,2
0,101,74,10,2
0,101,75,10,2
0,101,76,10,2
0,101,77,10,2
0,101,78,10,2
0,101,79,10,2
0,101,80,10,2
0,101,81,10,2
0,101,82,10,2
0,101,83,10,2
0,101,84,10,2
0,101,85,10,2
0,101,86,10,2
0,101,87,10,2
0,103,73,10,2
0,103,74,10,2
0,103,75,10,2
0,103,76,10,2
0,103,77,10,2
0,103,78,10,2
0,103,79,10,2
0,103,80,10,2
0,103,81,10,2
0,103,82,10,2
0,103,83,10,2
0,103,84,10,2
0,103,85,10,2
0,103,86,10,2
0,103,87,10,2
0,104,78,12,2
0,104,79,12,2
0,104,80,12,2
0,104,81,12,2
0,104,82,12,2
0,104,83,12,2
0,104,84,12,2
0,104,85,12,2
0,104,86,12,2
0,104,87,12,2
0,85,88,10,2
0,85,89,10,2
0,87,88,10,2
0,87,89,10,2
0,89,88,10,2
0,89,89,10,2
0,91,88,10,2
0,91,89,10,2
0,93,88,10,2
0,93,89,10,2
0,95,88,10,2
0,95,89,10,2
0,97,88,10,2
0,97,89,10,2
0,99,88,10,2
0,99,89,10,2
0,101,88,10,2
0,101,89,10,2
0,103,88,10,2
0,103,89,10,2
0,104,88,12,2
0,104,89,12,2
0,104,77,12,2
0,136,76,6,2
0,136,77,6,2
0,136,78,6,2
0,136,79,6,2
0,136,80,6,2
0,136,81,6,2
0,136,82,6,2
0,136,83,6,2
0,136,84,6,2
0,136,85,6,2
0,136,86,6,2
0,148,76,6,2
0,148,77,6,2
0,148,78,6,2
0,148,79,6,2
0,148,80,6,2
0,148,81,6,2
0,148,82,6,2
0,148,83,6,2
0,148,84,6,2
0,148,85,6,2
0,148,86,6,2
0,148,87,6,2
0,148,88,6,2
0,149,76,6,2
0,149,77,6,2
0,149,78,6,2
0,149,79,6,2
0,149,80,6,2
0,149,81,6,2
0,149,82,6,2
0,149,83,6,2
0,149,84,6,2
0,149,85,6,2
0,149,86,6,2
0,149,87,6,2
0,149,88,6,2
0,146,76,20,2
0,146,77,20,2
0,146,78,20,2
0,146,79,20,2
0,146,80,20,2
0,146,81,20,2
0,146,82,20,2
0,146,83,20,2
0,146,84,20,2
0,146,85,20,2
0,146,86,20,2
0,146,87,20,2
0,146,88,20,2
0,140,76,20,2
0,140,77,20,2
0,140,78,20,2
0,140,79,20,2
0,140,80,20,2
0,140,81,20,2
0,140,82,20,2
0,140,83,20,2
0,140,84,20,2
0,140,85,20,2
0,140,86,20,2
0,140,87,20,2
0,140,88,20,2
0,160,76,20,2
0,160,77,20,2
0,160,78,20,2
0,160,79,20,2
0,160,80,20,2
0,160,81,20,2
0,160,82,20,2
0,160,83,20,2
0,160,84,20,2
0,160,85,20,2
0,160,86,20,2
0,160,87,20,2
0,160,88,20,2
0,167,76,6,2
0,167,77,6,2
0,167,78,6,2
0,167,79,6,2
0,167,80,6,2
0,167,81,6,2
0,167,82,6,2
0,167,83,6,2
0,167,84,6,2
0,167,85,6,2
0,167,86,6,2
0,167,87,6,2
0,167,88,6,2
0,136,87,6,2
0,136,88,6,2
0,136,89,6,2
0,136,90,6,2
0,136,91,6,2
0,136,92,6,2
0,136,93,6,2
0,136,94,6,2
0,136,95,6,2
0,148,89,6,2
0,148,90,6,2
0,148,91,6,2
0,148,92,6,2
0,148,93,6,2
0,148,94,6,2
0,148,95,6,2
0,149,89,6,2
0,149,90,6,2
0,149,91,6,2
0,149,92,6,2
0,149,93,6,2
0,149,94,6,2
0,149,95,6,2
0,140,89,20,2
0,140,90,20,2
0,140,91,20,2
0,140,92,20,2
0,140,93,20,2
0,140,94,20,2
0,140,95,20,2
0,146,89,20,2
0,146,90,20,2
0,146,91,20,2
0,146,92,20,2
0,146,93,20,2
0,146,94,20,2
0,146,95,20,2
0,160,89,20,2
0,160,90,20,2
0,160,91,20,2
0,160,92,20,2
0,160,93,20,2
0,160,94,20,2
0,160,95,20,2
0,167,89,6,2
0,167,90,6,2
0,167,91,6,2
0,167,92,6,2
0,167,93,6,2
0,167,94,6,2
0,167,95,6,2
0,140,76,0,3
0,140,77,0,3
0,140,78,0,3
0,140,79,0,3
0,140,80,0,3
0,140,81,0,3
0,140,82,0,3
0,140,83,0,3
0,140,84,0,3
0,140,85,0,3
0,140,86,0,3
0,140,87,0,3
0,140,88,0,3
0,140,89,0,3
0,140,90,0,3
0,139,76,20,3
0,139,77,20,3
0,139,78,20,3
0,139,79,20,3
0,139,80,20,3
0,139,81,20,3
0,139,82,20,3
0,139,83,20,3
0,139,84,20,3
0,139,85,20,3
0,139,86,20,3
0,139,87,20,3
0,139,88,20,3
0,139,89,20,3
0,139,90,20,3
0,135,76,20,3
0,135,77,20,3
0,135,78,20,3
0,135,79,20,3
0,135,80,20,3
0,135,81,24,3
0,136,81,25,3
0,137,81,25,3
0,138,81,25,3
0,146,76,6,3
0,146,77,6,3
0,146,78,6,3
0,146,79,6,3
0,146,80,6,3
0,146,81,6,3
0,146,82,6,3
0,146,83,6,3
0,146,84,6,3
0,146,85,6,3
0,146,86,6,3
0,146,87,6,3
0,146,88,6,3
0,146,89,6,3
0,146,90,6,3
0,146,91,6,3
0,146,92,6,3
0,146,93,6,3
0,146,94,6,3
0,146,95,6,3
0,146,96,6,3
0,146,97,6,3
0,159,77,6,3
0,159,78,6,3
0,159,79,6,3
0,159,80,6,3
0,159,81,6,3
0,159,82,6,3
0,159,83,6,3
0,159,84,6,3
0,159,85,6,3
0,159,86,6,3
0,159,87,6,3
0,159,88,6,3
0,159,89,6,3
0,159,90,6,3
0,159,91,6,3
0,159,92,6,3
0,159,93,6,3
0,159,94,6,3
0,159,95,6,3
0,159,96,6,3
0,159,97,6,3
0,160,77,6,3
0,160,78,6,3
0,160,79,6,3
0,160,80,6,3
0,160,81,6,3
0,160,82,6,3
0,160,83,6,3
0,160,84,6,3
0,160,85,6,3
0,160,86,6,3
0,160,87,6,3
0,160,88,6,3
0,160,89,6,3
0,160,90,6,3
0,160,91,6,3
0,160,92,6,3
0,160,93,6,3
0,160,94,6,3
0,160,95,6,3
0,160,96,6,3
0,160,97,6,3
0,145,76,20,4
0,145,77,20,4
0,145,78,20,4
0,145,79,20,4
0,145,80,20,4
0,145,81,20,4
0,145,82,20,4
0,151,76,20,4
0,151,77,20,4
0,151,78,20,4
0,151,79,20,4
0,151,80,20,4
0,151,81,20,4
0,151,82,20,4
0,151,83,20,4
0,151,84,20,4
0,151,85,20,4
0,151,86,20,4
0,151,87,20,4
0,151,88,20,4
0,151,89,20,4
0,146,83,25,4
0,147,83,25,4
0,148,83,25,4
0,149,83,25,4
0,150,83,25,4
0,145,83,24,4
0,153,76,6,4
0,153,77,6,4
0,153,78,6,4
0,153,79,6,4
0,153,80,6,4
0,153,81,6,4
0,153,82,6,4
0,153,83,6,4
0,153,84,6,4
0,153,85,6,4
0,153,86,6,4
0,153,87,6,4
0,153,88,6,4
0,153,89,6,4
0,165,76,6,4
0,165,77,6,4
0,165,78,6,4
0,165,79,6,4
0,165,80,6,4
0,165,81,6,4
0,165,82,6,4
0,165,83,6,4
0,165,84,6,4
0,165,85,6,4
0,165,86,6,4
0,165,87,6,4
0,165,88,6,4
0,165,89,6,4
0,148,76,6,4
0,148,77,6,4
0,148,78,6,4
0,148,79,6,4
0,148,80,6,4
0,148,81,6,4
0,148,82,6,4
0,165,90,6,4
0,165,91,6,4
0,165,92,6,4
0,165,93,6,4
0,165,94,6,4
0,165,95,6,4
0,153,90,6,4
0,153,91,6,4
0,153,92,6,4
0,153,93,6,4
0,153,94,6,4
0,153,95,6,4
0,151,90,20,4
0,151,91,20,4
0,151,92,20,4
0,151,93,20,4
0,151,94,20,4
0,151,95,20,4
